行为密度聚类各个窗口准确度：

1
1 1 0 0 0 0 0 0 0 0 
1 1 0 0 0 0 0 0 0 0 
0 0 1 1 0 0 0 0 0 0 
0 0 1 1 0 0 0 0 0 0 
0 0 0 0 1 1 1 1 1 1 
0 0 0 0 1 1 1 1 1 1 
0 0 0 0 1 1 1 1 1 1 
0 0 0 0 1 1 1 1 1 1 
0 0 0 0 1 1 1 1 1 1 
0 0 0 0 1 1 1 1 1 1 
0.64,0.8

2
1 1 0 0 0 0 0 0 0 0 
1 1 0 0 0 0 0 0 0 0 
0 0 1 1 0 0 0 0 0 0 
0 0 1 1 0 0 0 0 0 0 
0 0 0 0 1 0 0 1 1 1 
0 0 0 0 0 1 0 0 0 0 
0 0 0 0 0 0 1 0 0 0 
0 0 0 0 1 0 0 1 1 1 
0 0 0 0 1 0 0 1 1 1 
0 0 0 0 1 0 0 1 1 1 
0.625,0.8666666666666667

3
1 0 1 0 0 0 0 0 0 0 
0 1 0 0 0 0 0 0 0 0 
1 0 1 0 0 0 0 0 0 0 
0 0 0 1 0 0 0 0 0 0 
0 0 0 0 1 1 0 0 0 1 
0 0 0 0 1 1 0 0 0 1 
0 0 0 0 0 0 1 0 0 0 
0 0 0 0 0 0 0 1 1 0 
0 0 0 0 0 0 0 1 1 0 
0 0 0 0 1 1 0 0 0 1 
0.3076923076923077,0.8

4
1 0 0 0 0 0 0 0 0 0 
0 1 0 0 0 0 0 0 0 0 
0 0 1 0 0 0 0 0 0 0 
0 0 0 1 0 0 0 1 1 1 
0 0 0 0 1 0 0 0 0 0 
0 0 0 0 0 1 0 0 0 0 
0 0 0 0 0 0 1 0 0 0 
0 0 0 1 0 0 0 1 1 1 
0 0 0 1 0 0 0 1 1 1 
0 0 0 1 0 0 0 1 1 1 
0.42857142857142855,0.8222222222222222

5
1 1 0 0 0 0 0 0 0 0 
1 1 0 0 0 0 0 0 0 0 
0 0 1 0 0 0 0 0 0 0 
0 0 0 1 0 0 0 1 1 1 
0 0 0 0 1 0 1 0 0 0 
0 0 0 0 0 1 0 0 0 0 
0 0 0 0 1 0 1 0 0 0 
0 0 0 1 0 0 0 1 1 1 
0 0 0 1 0 0 0 1 1 1 
0 0 0 1 0 0 0 1 1 1 
0.625,0.8666666666666667

6
1 1 0 0 0 0 0 0 0 0 
1 1 0 0 0 0 0 0 0 0 
0 0 1 0 0 0 0 0 0 0 
0 0 0 1 0 1 0 0 0 0 
0 0 0 0 1 0 1 0 0 0 
0 0 0 1 0 1 0 0 0 0 
0 0 0 0 1 0 1 0 0 0 
0 0 0 0 0 0 0 1 1 1 
0 0 0 0 0 0 0 1 1 1 
0 0 0 0 0 0 0 1 1 1 
0.7142857142857143,0.9111111111111111

7
1 0 0 0 0 0 0 0 0 0 
0 1 0 0 0 0 0 1 1 1 
0 0 1 0 0 0 0 0 0 0 
0 0 0 1 0 0 0 0 0 0 
0 0 0 0 1 1 1 0 0 0 
0 0 0 0 1 1 1 0 0 0 
0 0 0 0 1 1 1 0 0 0 
0 1 0 0 0 0 0 1 1 1 
0 1 0 0 0 0 0 1 1 1 
0 1 0 0 0 0 0 1 1 1 
0.7058823529411765,0.8888888888888888

8
1 1 0 0 0 0 0 0 1 1 
1 1 0 0 0 0 0 0 1 1 
0 0 1 1 0 0 0 0 0 0 
0 0 1 1 0 0 0 0 0 0 
0 0 0 0 1 1 1 0 0 0 
0 0 0 0 1 1 1 0 0 0 
0 0 0 0 1 1 1 0 0 0 
0 0 0 0 0 0 0 1 0 0 
1 1 0 0 0 0 0 0 1 1 
1 1 0 0 0 0 0 0 1 1 
0.6666666666666666,0.8666666666666667

9
1 1 0 0 0 0 0 0 0 1 
1 1 0 0 0 0 0 0 0 1 
0 0 1 1 0 0 0 0 0 0 
0 0 1 1 0 0 0 0 0 0 
0 0 0 0 1 1 1 0 0 0 
0 0 0 0 1 1 1 0 0 0 
0 0 0 0 1 1 1 0 0 0 
0 0 0 0 0 0 0 1 0 0 
0 0 0 0 0 0 0 0 1 0 
1 1 0 0 0 0 0 0 0 1 
0.6666666666666666,0.8888888888888888

10
1 1 0 0 0 0 0 0 0 1 
1 1 0 0 0 0 0 0 0 1 
0 0 1 0 0 0 0 0 0 0 
0 0 0 1 0 0 0 0 0 0 
0 0 0 0 1 0 0 0 0 0 
0 0 0 0 0 1 0 0 0 0 
0 0 0 0 0 0 1 0 0 0 
0 0 0 0 0 0 0 1 0 0 
0 0 0 0 0 0 0 0 1 0 
1 1 0 0 0 0 0 0 0 1 
0.18181818181818182,0.8

11
1 1 0 0 0 0 1 0 0 1 
1 1 0 0 0 0 1 0 0 1 
0 0 1 0 0 0 0 0 0 0 
0 0 0 1 1 0 0 0 0 0 
0 0 0 1 1 0 0 0 0 0 
0 0 0 0 0 1 0 0 0 0 
1 1 0 0 0 0 1 0 0 1 
0 0 0 0 0 0 0 1 0 0 
0 0 0 0 0 0 0 0 1 0 
1 1 0 0 0 0 1 0 0 1 
0.13333333333333333,0.7111111111111111

12
1 1 1 1 0 0 0 0 0 1 
1 1 1 1 0 0 0 0 0 1 
1 1 1 1 0 0 0 0 0 1 
1 1 1 1 0 0 0 0 0 1 
0 0 0 0 1 0 0 0 0 0 
0 0 0 0 0 1 0 1 0 0 
0 0 0 0 0 0 1 0 0 0 
0 0 0 0 0 1 0 1 0 0 
0 0 0 0 0 0 0 0 1 0 
1 1 1 1 0 0 0 0 0 1 
0.21052631578947367,0.6666666666666666

13
1 0 0 0 0 0 1 0 1 1 
0 1 1 1 0 0 0 0 0 0 
0 1 1 1 0 0 0 0 0 0 
0 1 1 1 0 0 0 0 0 0 
0 0 0 0 1 0 0 0 0 0 
0 0 0 0 0 1 0 1 0 0 
1 0 0 0 0 0 1 0 1 1 
0 0 0 0 0 1 0 1 0 0 
1 0 0 0 0 0 1 0 1 1 
1 0 0 0 0 0 1 0 1 1 
0.2222222222222222,0.6888888888888889

14
1 1 1 1 0 0 0 0 1 1 
1 1 1 1 0 0 0 0 1 1 
1 1 1 1 0 0 0 0 1 1 
1 1 1 1 0 0 0 0 1 1 
0 0 0 0 1 0 1 0 0 0 
0 0 0 0 0 1 0 1 0 0 
0 0 0 0 1 0 1 0 0 0 
0 0 0 0 0 1 0 1 0 0 
1 1 1 1 0 0 0 0 1 1 
1 1 1 1 0 0 0 0 1 1 
0.32,0.6222222222222222

15
1 1 1 1 0 0 0 1 1 1 
1 1 1 1 0 0 0 1 1 1 
1 1 1 1 0 0 0 1 1 1 
1 1 1 1 0 0 0 1 1 1 
0 0 0 0 1 0 0 0 0 0 
0 0 0 0 0 1 0 0 0 0 
0 0 0 0 0 0 1 0 0 0 
1 1 1 1 0 0 0 1 1 1 
1 1 1 1 0 0 0 1 1 1 
1 1 1 1 0 0 0 1 1 1 
0.3448275862068966,0.5777777777777777

16
1 1 1 1 0 0 0 1 1 1 
1 1 1 1 0 0 0 1 1 1 
1 1 1 1 0 0 0 1 1 1 
1 1 1 1 0 0 0 1 1 1 
0 0 0 0 1 0 0 0 0 0 
0 0 0 0 0 1 0 0 0 0 
0 0 0 0 0 0 1 0 0 0 
1 1 1 1 0 0 0 1 1 1 
1 1 1 1 0 0 0 1 1 1 
1 1 1 1 0 0 0 1 1 1 
0.3448275862068966,0.5777777777777777

17
1 1 0 0 0 0 0 1 1 1 
1 1 0 0 0 0 0 1 1 1 
0 0 1 0 1 1 1 0 0 0 
0 0 0 1 0 0 0 0 0 0 
0 0 1 0 1 1 1 0 0 0 
0 0 1 0 1 1 1 0 0 0 
0 0 1 0 1 1 1 0 0 0 
1 1 0 0 0 0 0 1 1 1 
1 1 0 0 0 0 0 1 1 1 
1 1 0 0 0 0 0 1 1 1 
0.5833333333333334,0.7777777777777778

18
1 1 0 0 0 0 0 0 0 0 
1 1 0 0 0 0 0 0 0 0 
0 0 1 0 0 0 0 0 0 0 
0 0 0 1 0 0 0 0 0 0 
0 0 0 0 1 1 1 0 0 0 
0 0 0 0 1 1 1 0 0 0 
0 0 0 0 1 1 1 0 0 0 
0 0 0 0 0 0 0 1 1 1 
0 0 0 0 0 0 0 1 1 1 
0 0 0 0 0 0 0 1 1 1 
0.9333333333333333,0.9777777777777777

19
1 1 0 0 0 0 0 0 0 0 
1 1 0 0 0 0 0 0 0 0 
0 0 1 1 0 0 0 1 1 1 
0 0 1 1 0 0 0 1 1 1 
0 0 0 0 1 1 1 0 0 0 
0 0 0 0 1 1 1 0 0 0 
0 0 0 0 1 1 1 0 0 0 
0 0 1 1 0 0 0 1 1 1 
0 0 1 1 0 0 0 1 1 1 
0 0 1 1 0 0 0 1 1 1 
0.7272727272727273,0.8666666666666667

20
1 1 0 0 0 0 0 0 0 0 
1 1 0 0 0 0 0 0 0 0 
0 0 1 1 0 0 0 1 1 1 
0 0 1 1 0 0 0 1 1 1 
0 0 0 0 1 0 1 0 0 0 
0 0 0 0 0 1 0 0 0 0 
0 0 0 0 1 0 1 0 0 0 
0 0 1 1 0 0 0 1 1 1 
0 0 1 1 0 0 0 1 1 1 
0 0 1 1 0 0 0 1 1 1 
0.6,0.8222222222222222

21
1 1 0 0 0 0 0 0 0 0 
1 1 0 0 0 0 0 0 0 0 
0 0 1 1 0 0 0 0 0 0 
0 0 1 1 0 0 0 0 0 0 
0 0 0 0 1 0 1 0 0 0 
0 0 0 0 0 1 0 0 0 0 
0 0 0 0 1 0 1 0 0 0 
0 0 0 0 0 0 0 1 1 1 
0 0 0 0 0 0 0 1 1 1 
0 0 0 0 0 0 0 1 1 1 
0.8571428571428571,0.9555555555555556

22
1 1 0 0 0 0 0 0 0 0 
1 1 0 0 0 0 0 0 0 0 
0 0 1 1 0 0 0 0 0 0 
0 0 1 1 0 0 0 0 0 0 
0 0 0 0 1 1 1 0 0 0 
0 0 0 0 1 1 1 0 0 0 
0 0 0 0 1 1 1 0 0 0 
0 0 0 0 0 0 0 1 1 1 
0 0 0 0 0 0 0 1 1 1 
0 0 0 0 0 0 0 1 1 1 
1.0,1.0

23
1 1 0 0 0 0 0 0 0 0 
1 1 0 0 0 0 0 0 0 0 
0 0 1 1 0 0 0 0 0 0 
0 0 1 1 0 0 0 0 0 0 
0 0 0 0 1 1 1 0 1 1 
0 0 0 0 1 1 1 0 1 1 
0 0 0 0 1 1 1 0 1 1 
0 0 0 0 0 0 0 1 0 0 
0 0 0 0 1 1 1 0 1 1 
0 0 0 0 1 1 1 0 1 1 
0.6,0.8222222222222222

24
1 1 1 0 1 1 1 1 1 1 
1 1 1 0 1 1 1 1 1 1 
1 1 1 0 1 1 1 1 1 1 
0 0 0 1 0 0 0 0 0 0 
1 1 1 0 1 1 1 1 1 1 
1 1 1 0 1 1 1 1 1 1 
1 1 1 0 1 1 1 1 1 1 
1 1 1 0 1 1 1 1 1 1 
1 1 1 0 1 1 1 1 1 1 
1 1 1 0 1 1 1 1 1 1 
0.3181818181818182,0.3333333333333333

25
1 1 0 0 0 0 0 0 0 0 
1 1 0 0 0 0 0 0 0 0 
0 0 1 0 1 1 0 0 0 0 
0 0 0 1 0 0 0 0 0 0 
0 0 1 0 1 1 0 0 0 0 
0 0 1 0 1 1 0 0 0 0 
0 0 0 0 0 0 1 0 0 0 
0 0 0 0 0 0 0 1 1 1 
0 0 0 0 0 0 0 1 1 1 
0 0 0 0 0 0 0 1 1 1 
0.6666666666666666,0.8888888888888888

faa=0.536930043933268 acc=0.792

0 : 0.8222222222222225 0.0
1 : 0.8222222222222225 0.0
2 : 0.8222222222222225 0.0
3 : 0.8213333333333337 0.0
4 : 0.8213333333333337 0.042666666666666665
5 : 0.8284444444444446 0.1741818181818182
6 : 0.8382222222222224 0.288020202020202
7 : 0.8471111111111113 0.4424295178505705
8 : 0.8542222222222223 0.5729091678725545
9 : 0.8284444444444443 0.6175518488841859
10 : 0.7608888888888888 0.5762105264292935
11 : 0.6160000000000001 0.46994708080317915
12 : 0.4044444444444443 0.37037208238278124
13 : 0.1786666666666666 0.30211901306240924
14 : 0.1777777777777777 0.3018867924528302
15 : 0.1777777777777777 0.3018867924528302
16 : 0.1777777777777777 0.3018867924528302
17 : 0.1777777777777777 0.3018867924528302
18 : 0.1777777777777777 0.3018867924528302
19 : 0.1777777777777777 0.3018867924528302
0 : 0.8222222222222222 0.0
1 : 0.8222222222222222 0.0
2 : 0.8222222222222222 0.0
3 : 0.8222222222222222 0.0
4 : 0.8222222222222222 0.0
5 : 0.8222222222222222 0.0
6 : 0.8222222222222222 0.0
7 : 0.8222222222222222 0.0
8 : 0.8666666666666667 0.4
9 : 0.9333333333333333 0.7692307692307693
10 : 1.0 1.0
11 : 0.9333333333333333 0.8421052631578947
12 : 0.6222222222222222 0.48484848484848486
13 : 0.17777777777777778 0.3018867924528302
14 : 0.17777777777777778 0.3018867924528302
15 : 0.17777777777777778 0.3018867924528302
16 : 0.17777777777777778 0.3018867924528302
17 : 0.17777777777777778 0.3018867924528302
18 : 0.17777777777777778 0.3018867924528302
19 : 0.17777777777777778 0.3018867924528302
