1 [0 1 0 (1,2)][1 1 0 (3,4)][2 1 0 (5,9,11,8,6,7)]
2 [0 2 0 (1,2)][1 2 0 (3,4)][2 2 0 (5,9,11,8)][3 1 0 (6)][4 1 0 (7)]
3 [0 3 0 (2)][1 3 0 (4)][2 3 0 (8,9)][3 1 1 (6)][4 2 0 (7)][5 1 0 (1,3)][6 1 0 (5,11,6)]
4 [0 4 0 (2)][1 3 1 (4)][2 4 0 (4,9,11,8)][3 2 0 (6)][4 3 0 (7)][5 2 0 (1)][6 1 1 (5,11,6)][7 1 0 (3)][8 1 0 (5)]
5 [0 5 0 (1,2)][2 5 0 (9,11,4,8)][1 3 2 (4)][3 3 0 (6)][4 4 0 (5,7)][5 2 1 (1)][6 1 2 (5,11,6)][7 2 0 (3)][8 1 1 (5)]
6 [0 6 0 (1,2)][2 6 0 (8,9,11)][4 5 0 (5,7)][3 4 0 (4,6)][5 2 2 (1)][7 3 0 (3)][8 1 2 (5)]
7 [0 7 0 (1)][2 7 0 (8,9,11,2)][4 6 0 (5,6,7)][3 5 0 (4)][7 4 0 (3)]
8 [0 7 1 (1)][2 8 0 (2,9,11,1)][4 7 0 (5,6,7)][3 6 0 (3,4)][7 4 1 (3)][9 1 0 (8)]
9 [0 7 2 (1)][2 9 0 (1,2,11)][4 8 0 (5,6,7)][3 7 0 (3,4)][7 4 2 (3)][9 2 0 (8)][10 1 0 (9)]
10 [2 10 0 (1,2,11)][4 8 1 (5,6,7)][3 8 0 (3)][9 3 0 (8)][10 2 0 (9)][11 1 0 (4)][12 1 0 (5)][13 1 0 (6)][14 1 0 (7)]
11 [2 11 0 (1,2,11,7)][4 8 2 (5,6,7)][3 9 0 (3)][9 4 0 (8)][10 3 0 (9)][11 2 0 (4,5)][12 1 1 (5)][13 2 0 (6)][14 1 1 (7)]
12 [2 12 0 (1,2,11,3,4)][3 9 1 (3)][9 5 0 (6,8)][10 4 0 (9)][11 2 1 (4,5)][12 2 0 (5)][13 2 1 (6)][14 2 0 (7)]
13 [2 13 0 (2,3,4)][3 9 2 (3)][9 6 0 (6,8)][10 4 1 (9)][11 2 2 (4,5)][12 3 0 (5)][13 2 2 (6)][14 2 1 (7)][15 1 0 (1,9,11,7)]
14 [2 14 0 (1,2,3,4,11,9)][9 7 0 (6,8)][10 4 2 (9)][12 4 0 (5,7)][14 2 2 (7)][15 1 1 (1,9,11,7)]
15 [2 15 0 (1,2,3,4,8,11,9)][9 8 0 (6)][12 5 0 (5)][15 1 2 (1,9,11,7)][16 1 0 (7)]
16 [2 16 0 (1,2,3,4,8,9,11)][9 9 0 (6)][12 6 0 (5)][16 2 0 (7)]
17 [2 17 0 (1,2,8,9,11)][9 9 1 (6)][12 6 1 (5)][16 2 1 (7)][17 1 0 (4)][18 1 0 (3,5,6,7)]
18 [2 18 0 (1,2)][9 9 2 (6)][12 6 2 (5)][16 2 2 (7)][17 2 0 (4)][18 2 0 (5,6,7)][19 1 0 (3)][20 1 0 (8,9,11)]
19 [2 19 0 (1,2)][17 2 1 (4)][18 3 0 (5,6,7)][19 1 1 (3)][20 2 0 (4,8,9,11,3)]
20 [2 20 0 (1,2)][17 2 2 (4)][18 4 0 (5,7)][19 1 2 (3)][20 3 0 (4,8,9,11,3)][21 1 0 (6)]
21 [2 21 0 (1,2)][18 5 0 (5,7)][20 4 0 (3,4)][21 2 0 (6)][22 1 0 (8,9,11)]
22 [2 22 0 (1,2)][18 6 0 (5,6,7)][20 5 0 (3,4)][21 2 1 (6)][22 2 0 (8,9,11)]
23 [2 23 0 (1,2)][18 7 0 (7,9,11,5,6)][20 6 0 (3,4)][21 2 2 (6)][22 2 1 (8,9,11)][23 1 0 (8)]
24 [2 23 1 (1,2)][18 8 0 (7,8,9,11,1,6,3,5,2)][20 7 0 (4)][22 2 2 (8,9,11)][23 1 1 (8)]
25 [2 24 0 (1,2)][18 8 1 (7,8,9,11,1,6,3,5,2)][20 8 0 (4)][23 1 2 (8)][24 1 0 (3,5,6)][25 1 0 (7)][26 1 0 (8,9,11)]
faa=0.5494306544338786