行为密度聚类各个窗口准确度：

1
1 0 0 1 0 1 1 1 1 
0 1 0 0 0 0 0 0 0 
0 0 1 0 0 0 0 0 0 
1 0 0 1 0 1 1 1 1 
0 0 0 0 1 0 0 0 0 
1 0 0 1 0 1 1 1 1 
1 0 0 1 0 1 1 1 1 
1 0 0 1 0 1 1 1 1 
1 0 0 1 0 1 1 1 1 
0.24,0.4722222222222222

2
1 1 1 1 0 0 0 0 0 
1 1 1 1 0 0 0 0 0 
1 1 1 1 0 0 0 0 0 
1 1 1 1 0 0 0 0 0 
0 0 0 0 1 0 0 0 0 
0 0 0 0 0 1 1 0 0 
0 0 0 0 0 1 1 0 0 
0 0 0 0 0 0 0 1 1 
0 0 0 0 0 0 0 1 1 
0.8888888888888888,0.9444444444444444

3
1 1 1 1 0 0 0 0 0 
1 1 1 1 0 0 0 0 0 
1 1 1 1 0 0 0 0 0 
1 1 1 1 0 0 0 0 0 
0 0 0 0 1 1 1 0 0 
0 0 0 0 1 1 1 0 0 
0 0 0 0 1 1 1 0 0 
0 0 0 0 0 0 0 1 1 
0 0 0 0 0 0 0 1 1 
1.0,1.0

4
1 1 1 1 0 0 0 0 0 
1 1 1 1 0 0 0 0 0 
1 1 1 1 0 0 0 0 0 
1 1 1 1 0 0 0 0 0 
0 0 0 0 1 1 1 0 0 
0 0 0 0 1 1 1 0 0 
0 0 0 0 1 1 1 0 0 
0 0 0 0 0 0 0 1 0 
0 0 0 0 0 0 0 0 1 
0.9473684210526315,0.9722222222222222

5
1 1 0 1 0 0 0 1 1 
1 1 0 1 0 0 0 1 1 
0 0 1 0 0 0 0 0 0 
1 1 0 1 0 0 0 1 1 
0 0 0 0 1 0 1 0 0 
0 0 0 0 0 1 0 0 0 
0 0 0 0 1 0 1 0 0 
1 1 0 1 0 0 0 1 1 
1 1 0 1 0 0 0 1 1 
0.47619047619047616,0.6944444444444444

6
1 1 1 1 0 0 0 1 0 
1 1 1 1 0 0 0 1 0 
1 1 1 1 0 0 0 1 0 
1 1 1 1 0 0 0 1 0 
0 0 0 0 1 1 1 0 1 
0 0 0 0 1 1 1 0 1 
0 0 0 0 1 1 1 0 1 
1 1 1 1 0 0 0 1 0 
0 0 0 0 1 1 1 0 1 
0.6923076923076923,0.7777777777777778

7
1 1 1 1 0 0 0 1 0 
1 1 1 1 0 0 0 1 0 
1 1 1 1 0 0 0 1 0 
1 1 1 1 0 0 0 1 0 
0 0 0 0 1 1 1 0 1 
0 0 0 0 1 1 1 0 1 
0 0 0 0 1 1 1 0 1 
1 1 1 1 0 0 0 1 0 
0 0 0 0 1 1 1 0 1 
0.6923076923076923,0.7777777777777778

8
1 1 1 1 1 1 1 1 0 
1 1 1 1 1 1 1 1 0 
1 1 1 1 1 1 1 1 0 
1 1 1 1 1 1 1 1 0 
1 1 1 1 1 1 1 1 0 
1 1 1 1 1 1 1 1 0 
1 1 1 1 1 1 1 1 0 
1 1 1 1 1 1 1 1 0 
0 0 0 0 0 0 0 0 1 
0.47368421052631576,0.4444444444444444

9
1 1 1 1 0 0 0 0 0 
1 1 1 1 0 0 0 0 0 
1 1 1 1 0 0 0 0 0 
1 1 1 1 0 0 0 0 0 
0 0 0 0 1 1 1 1 0 
0 0 0 0 1 1 1 1 0 
0 0 0 0 1 1 1 1 0 
0 0 0 0 1 1 1 1 0 
0 0 0 0 0 0 0 0 1 
0.8181818181818182,0.8888888888888888

10
1 1 1 1 0 0 0 0 0 
1 1 1 1 0 0 0 0 0 
1 1 1 1 0 0 0 0 0 
1 1 1 1 0 0 0 0 0 
0 0 0 0 1 1 0 0 0 
0 0 0 0 1 1 0 0 0 
0 0 0 0 0 0 1 0 0 
0 0 0 0 0 0 0 1 0 
0 0 0 0 0 0 0 0 1 
0.8235294117647058,0.9166666666666666

11
1 1 1 1 0 0 0 0 0 
1 1 1 1 0 0 0 0 0 
1 1 1 1 0 0 0 0 0 
1 1 1 1 0 0 0 0 0 
0 0 0 0 1 1 0 0 1 
0 0 0 0 1 1 0 0 1 
0 0 0 0 0 0 1 0 0 
0 0 0 0 0 0 0 1 0 
0 0 0 0 1 1 0 0 1 
0.7368421052631579,0.8611111111111112

12
1 1 1 1 1 1 1 0 1 
1 1 1 1 1 1 1 0 1 
1 1 1 1 1 1 1 0 1 
1 1 1 1 1 1 1 0 1 
1 1 1 1 1 1 1 0 1 
1 1 1 1 1 1 1 0 1 
1 1 1 1 1 1 1 0 1 
0 0 0 0 0 0 0 1 0 
1 1 1 1 1 1 1 0 1 
0.47368421052631576,0.4444444444444444

13
1 1 1 1 0 0 0 0 0 
1 1 1 1 0 0 0 0 0 
1 1 1 1 0 0 0 0 0 
1 1 1 1 0 0 0 0 0 
0 0 0 0 1 1 0 0 0 
0 0 0 0 1 1 0 0 0 
0 0 0 0 0 0 1 0 0 
0 0 0 0 0 0 0 1 1 
0 0 0 0 0 0 0 1 1 
0.8888888888888888,0.9444444444444444

14
1 1 1 1 0 0 0 1 0 
1 1 1 1 0 0 0 1 0 
1 1 1 1 0 0 0 1 0 
1 1 1 1 0 0 0 1 0 
0 0 0 0 1 1 1 0 0 
0 0 0 0 1 1 1 0 0 
0 0 0 0 1 1 1 0 0 
1 1 1 1 0 0 0 1 0 
0 0 0 0 0 0 0 0 1 
0.782608695652174,0.8611111111111112

15
1 1 1 1 0 0 0 1 0 
1 1 1 1 0 0 0 1 0 
1 1 1 1 0 0 0 1 0 
1 1 1 1 0 0 0 1 0 
0 0 0 0 1 1 1 0 0 
0 0 0 0 1 1 1 0 0 
0 0 0 0 1 1 1 0 0 
1 1 1 1 0 0 0 1 0 
0 0 0 0 0 0 0 0 1 
0.782608695652174,0.8611111111111112

16
1 1 0 0 0 0 0 0 0 
1 1 0 0 0 0 0 0 0 
0 0 1 1 0 0 0 0 0 
0 0 1 1 0 0 0 0 0 
0 0 0 0 1 1 1 0 0 
0 0 0 0 1 1 1 0 0 
0 0 0 0 1 1 1 0 0 
0 0 0 0 0 0 0 1 0 
0 0 0 0 0 0 0 0 1 
0.6666666666666666,0.8611111111111112

17
1 1 1 0 0 0 0 0 0 
1 1 1 0 0 0 0 0 0 
1 1 1 0 0 0 0 0 0 
0 0 0 1 0 0 0 0 0 
0 0 0 0 1 0 0 0 0 
0 0 0 0 0 1 1 0 0 
0 0 0 0 0 1 1 0 0 
0 0 0 0 0 0 0 1 1 
0 0 0 0 0 0 0 1 1 
0.6666666666666666,0.8611111111111112

18
1 1 1 0 0 0 0 0 0 
1 1 1 0 0 0 0 0 0 
1 1 1 0 0 0 0 0 0 
0 0 0 1 0 0 0 0 0 
0 0 0 0 1 0 0 0 0 
0 0 0 0 0 1 1 0 0 
0 0 0 0 0 1 1 0 0 
0 0 0 0 0 0 0 1 1 
0 0 0 0 0 0 0 1 1 
0.6666666666666666,0.8611111111111112

19
1 1 1 0 0 0 0 1 1 
1 1 1 0 0 0 0 1 1 
1 1 1 0 0 0 0 1 1 
0 0 0 1 0 0 0 0 0 
0 0 0 0 1 1 0 0 0 
0 0 0 0 1 1 0 0 0 
0 0 0 0 0 0 1 0 0 
1 1 1 0 0 0 0 1 1 
1 1 1 0 0 0 0 1 1 
0.47619047619047616,0.6944444444444444

20
1 1 1 0 0 0 0 0 0 
1 1 1 0 0 0 0 0 0 
1 1 1 0 0 0 0 0 0 
0 0 0 1 0 0 0 0 0 
0 0 0 0 1 1 0 0 0 
0 0 0 0 1 1 0 0 0 
0 0 0 0 0 0 1 0 0 
0 0 0 0 0 0 0 1 1 
0 0 0 0 0 0 0 1 1 
0.6666666666666666,0.8611111111111112

21
1 1 1 0 0 0 0 0 0 
1 1 1 0 0 0 0 0 0 
1 1 1 0 0 0 0 0 0 
0 0 0 1 0 1 0 0 0 
0 0 0 0 1 0 0 0 0 
0 0 0 1 0 1 0 0 0 
0 0 0 0 0 0 1 0 0 
0 0 0 0 0 0 0 1 1 
0 0 0 0 0 0 0 1 1 
0.5333333333333333,0.8055555555555556

22
1 0 0 0 0 0 0 0 0 
0 1 1 0 0 0 0 0 0 
0 1 1 0 0 0 0 0 0 
0 0 0 1 0 1 0 0 0 
0 0 0 0 1 0 0 0 0 
0 0 0 1 0 1 0 0 0 
0 0 0 0 0 0 1 0 0 
0 0 0 0 0 0 0 1 1 
0 0 0 0 0 0 0 1 1 
0.3076923076923077,0.75

23
1 0 0 0 0 0 0 0 0 
0 1 1 0 0 0 0 0 0 
0 1 1 0 0 0 0 0 0 
0 0 0 1 0 0 0 0 0 
0 0 0 0 1 1 0 0 0 
0 0 0 0 1 1 0 0 0 
0 0 0 0 0 0 1 1 1 
0 0 0 0 0 0 1 1 1 
0 0 0 0 0 0 1 1 1 
0.4,0.75

24
1 1 1 0 0 0 0 0 0 
1 1 1 0 0 0 0 0 0 
1 1 1 0 0 0 0 0 0 
0 0 0 1 0 0 0 0 0 
0 0 0 0 1 1 0 0 0 
0 0 0 0 1 1 0 0 0 
0 0 0 0 0 0 1 0 0 
0 0 0 0 0 0 0 1 1 
0 0 0 0 0 0 0 1 1 
0.6666666666666666,0.8611111111111112

25
1 1 1 0 0 0 0 0 0 
1 1 1 0 0 0 0 0 0 
1 1 1 0 0 0 0 0 0 
0 0 0 1 0 0 0 0 0 
0 0 0 0 1 1 0 0 0 
0 0 0 0 1 1 0 0 0 
0 0 0 0 0 0 1 0 0 
0 0 0 0 0 0 0 1 1 
0 0 0 0 0 0 0 1 1 
0.6666666666666666,0.8611111111111112

faa=0.6573722929767618 acc=0.801111111111111

0 : 0.7222222222222219 0.0
1 : 0.723333333333333 0.007272727272727273
2 : 0.724444444444444 0.014545454545454545
3 : 0.7288888888888886 0.04363636363636364
4 : 0.7333333333333332 0.0781818181818182
5 : 0.7477777777777778 0.15928150281091452
6 : 0.7811111111111113 0.3293447728741846
7 : 0.818888888888889 0.5079572061925004
8 : 0.8444444444444446 0.6475893277688942
9 : 0.8300000000000002 0.6848795504132429
10 : 0.7377777777777779 0.6408781574635241
11 : 0.6244444444444442 0.5871120705210694
12 : 0.4666666666666666 0.5004326078237455
13 : 0.30111111111111105 0.4393412060550812
14 : 0.27777777777777773 0.4347826086956523
15 : 0.27777777777777773 0.4347826086956523
16 : 0.27777777777777773 0.4347826086956523
17 : 0.27777777777777773 0.4347826086956523
18 : 0.27777777777777773 0.4347826086956523
19 : 0.27777777777777773 0.4347826086956523
0 : 0.7222222222222222 0.0
1 : 0.7222222222222222 0.0
2 : 0.7222222222222222 0.0
3 : 0.7222222222222222 0.0
4 : 0.7222222222222222 0.0
5 : 0.7222222222222222 0.0
6 : 0.7222222222222222 0.0
7 : 0.7222222222222222 0.0
8 : 0.7777777777777778 0.3333333333333333
9 : 0.8611111111111112 0.6666666666666666
10 : 1.0 1.0
11 : 0.9722222222222222 0.9523809523809523
12 : 0.5833333333333334 0.5714285714285714
13 : 0.2777777777777778 0.43478260869565216
14 : 0.2777777777777778 0.43478260869565216
15 : 0.2777777777777778 0.43478260869565216
16 : 0.2777777777777778 0.43478260869565216
17 : 0.2777777777777778 0.43478260869565216
18 : 0.2777777777777778 0.43478260869565216
19 : 0.2777777777777778 0.43478260869565216
