1 [0 1 0 (2)][1 1 0 (3)][2 1 0 (5)][3 1 0 (6,9,11,7,1,4)]
2 [0 1 1 (2)][1 1 1 (3)][2 2 0 (5)][3 1 1 (6,9,11,7,1,4)][4 1 0 (1,2,3,4)][5 1 0 (6,7)][6 1 0 (9,11)]
3 [0 1 2 (2)][1 1 2 (3)][2 2 1 (5)][3 1 2 (6,9,11,7,1,4)][4 2 0 (1,2,3,4)][5 2 0 (5,6,7)][6 2 0 (9,11)]
4 [2 2 2 (5)][4 3 0 (1,2,3,4)][5 3 0 (5,6,7)][6 3 0 (9)][7 1 0 (11)]
5 [4 4 0 (2,11,9,1,4)][5 4 0 (5,7)][6 3 1 (9)][7 1 1 (11)][8 1 0 (3)][9 1 0 (6)]
6 [4 5 0 (1,3,9,4,2)][5 5 0 (7,11,5,6)][6 3 2 (9)][7 1 2 (11)][8 1 1 (3)][9 1 1 (6)]
7 [4 6 0 (1,9,2,4,3)][5 6 0 (7,11,5,6)][8 1 2 (3)][9 1 2 (6)]
8 [4 7 0 (6,9,4,5,7,1,2,3)][5 6 1 (7,11,5,6)][10 1 0 (11)]
9 [4 8 0 (2,4,1,3)][5 7 0 (6,9,5,7)][10 2 0 (11)]
10 [4 9 0 (2,3,4,1)][5 8 0 (5,6)][10 3 0 (11)][11 1 0 (7)][12 1 0 (9)]
11 [4 10 0 (2,3,4,1)][5 9 0 (5,11,6)][10 3 1 (11)][11 2 0 (7)][12 2 0 (9)]
12 [4 11 0 (5,11,1,6,7,2,3,4)][5 9 1 (5,11,6)][10 3 2 (11)][11 2 1 (7)][12 3 0 (9)]
13 [4 12 0 (1,2,3,4)][5 10 0 (5,6)][11 3 0 (7)][12 4 0 (9,11)]
14 [4 13 0 (2,3,9,1,4)][5 11 0 (5,6,7)][12 5 0 (11)][11 3 1 (7)]
15 [4 14 0 (1,2,4,9,3)][5 12 0 (5,6,7)][12 6 0 (11)][11 3 2 (7)]
16 [4 15 0 (1,2)][5 13 0 (5,6,7)][12 7 0 (11)][13 1 0 (3,4)][14 1 0 (9)]
17 [4 16 0 (1,3,2)][5 14 0 (6,7)][12 8 0 (9,11)][13 2 0 (4)][14 1 1 (9)][15 1 0 (5)]
18 [4 17 0 (1,2,3)][5 15 0 (6,7)][12 9 0 (9,11)][13 3 0 (4)][14 1 2 (9)][15 2 0 (5)]
19 [4 18 0 (9,11,1,2,3)][5 16 0 (7)][12 9 1 (9,11)][13 4 0 (4)][15 3 0 (5,6)]
20 [4 19 0 (1,2,3)][5 17 0 (7)][12 10 0 (9,11)][13 5 0 (4)][15 4 0 (5,6)]
21 [4 20 0 (1,2,3)][5 18 0 (7)][12 11 0 (9,11)][13 6 0 (4,6)][15 5 0 (5)]
22 [4 21 0 (2,3)][5 19 0 (7)][12 12 0 (9,11)][13 7 0 (4,6)][15 6 0 (5)][16 1 0 (1)]
23 [4 22 0 (2,3)][5 19 1 (7)][12 13 0 (7,9,11)][13 8 0 (4)][15 7 0 (5,6)][16 2 0 (1)]
24 [4 23 0 (1,2,3)][5 20 0 (7)][12 14 0 (9,11)][13 9 0 (4)][15 8 0 (5,6)][16 2 1 (1)]
25 [4 24 0 (1,2,3)][5 21 0 (7)][12 15 0 (9,11)][13 10 0 (4)][15 9 0 (5,6)][16 2 2 (1)]
faa=0.5985247155112277