行为密度聚类各个窗口准确度：

1
1 1 1 1 1 1 1 1 1 
1 1 1 1 1 1 1 1 1 
1 1 1 1 1 1 1 1 1 
1 1 1 1 1 1 1 1 1 
1 1 1 1 1 1 1 1 1 
1 1 1 1 1 1 1 1 1 
1 1 1 1 1 1 1 1 1 
1 1 1 1 1 1 1 1 1 
1 1 1 1 1 1 1 1 1 
0.6153846153846154,0.4444444444444444

2
1 1 1 1 1 0 0 0 0 
1 1 1 1 1 0 0 0 0 
1 1 1 1 1 0 0 0 0 
1 1 1 1 1 0 0 0 0 
1 1 1 1 1 0 0 0 0 
0 0 0 0 0 1 1 1 1 
0 0 0 0 0 1 1 1 1 
0 0 0 0 0 1 1 1 1 
0 0 0 0 0 1 1 1 1 
1.0,1.0

3
1 1 1 1 1 0 0 0 0 
1 1 1 1 1 0 0 0 0 
1 1 1 1 1 0 0 0 0 
1 1 1 1 1 0 0 0 0 
1 1 1 1 1 0 0 0 0 
0 0 0 0 0 1 1 1 1 
0 0 0 0 0 1 1 1 1 
0 0 0 0 0 1 1 1 1 
0 0 0 0 0 1 1 1 1 
1.0,1.0

4
1 1 1 1 1 0 0 0 0 
1 1 1 1 1 0 0 0 0 
1 1 1 1 1 0 0 0 0 
1 1 1 1 1 0 0 0 0 
1 1 1 1 1 0 0 0 0 
0 0 0 0 0 1 1 1 1 
0 0 0 0 0 1 1 1 1 
0 0 0 0 0 1 1 1 1 
0 0 0 0 0 1 1 1 1 
1.0,1.0

5
1 1 1 1 1 0 0 0 0 
1 1 1 1 1 0 0 0 0 
1 1 1 1 1 0 0 0 0 
1 1 1 1 1 0 0 0 0 
1 1 1 1 1 0 0 0 0 
0 0 0 0 0 1 1 1 1 
0 0 0 0 0 1 1 1 1 
0 0 0 0 0 1 1 1 1 
0 0 0 0 0 1 1 1 1 
1.0,1.0

6
1 1 1 1 1 0 0 0 0 
1 1 1 1 1 0 0 0 0 
1 1 1 1 1 0 0 0 0 
1 1 1 1 1 0 0 0 0 
1 1 1 1 1 0 0 0 0 
0 0 0 0 0 1 1 1 1 
0 0 0 0 0 1 1 1 1 
0 0 0 0 0 1 1 1 1 
0 0 0 0 0 1 1 1 1 
1.0,1.0

7
1 0 0 1 0 0 0 0 0 
0 1 1 0 1 0 0 0 0 
0 1 1 0 1 0 0 0 0 
1 0 0 1 0 0 0 0 0 
0 1 1 0 1 0 0 0 0 
0 0 0 0 0 1 1 1 1 
0 0 0 0 0 1 1 1 1 
0 0 0 0 0 1 1 1 1 
0 0 0 0 0 1 1 1 1 
0.7692307692307693,0.8333333333333334

8
1 0 0 1 0 0 0 0 0 
0 1 1 0 1 0 0 0 0 
0 1 1 0 1 0 0 0 0 
1 0 0 1 0 0 0 0 0 
0 1 1 0 1 0 0 0 0 
0 0 0 0 0 1 1 1 1 
0 0 0 0 0 1 1 1 1 
0 0 0 0 0 1 1 1 1 
0 0 0 0 0 1 1 1 1 
0.7692307692307693,0.8333333333333334

9
1 0 1 1 0 0 0 0 0 
0 1 0 0 0 0 0 0 0 
1 0 1 1 0 0 0 0 0 
1 0 1 1 0 0 0 0 0 
0 0 0 0 1 0 0 0 0 
0 0 0 0 0 1 1 1 1 
0 0 0 0 0 1 1 1 1 
0 0 0 0 0 1 1 1 1 
0 0 0 0 0 1 1 1 1 
0.72,0.8055555555555556

10
1 0 0 0 0 0 0 0 0 
0 1 0 0 0 0 0 0 0 
0 0 1 1 0 0 0 0 0 
0 0 1 1 0 0 0 0 0 
0 0 0 0 1 1 1 1 1 
0 0 0 0 1 1 1 1 1 
0 0 0 0 1 1 1 1 1 
0 0 0 0 1 1 1 1 1 
0 0 0 0 1 1 1 1 1 
0.5185185185185185,0.6388888888888888

11
1 1 1 1 1 1 1 1 1 
1 1 1 1 1 1 1 1 1 
1 1 1 1 1 1 1 1 1 
1 1 1 1 1 1 1 1 1 
1 1 1 1 1 1 1 1 1 
1 1 1 1 1 1 1 1 1 
1 1 1 1 1 1 1 1 1 
1 1 1 1 1 1 1 1 1 
1 1 1 1 1 1 1 1 1 
0.6153846153846154,0.4444444444444444

12
1 1 1 1 1 1 1 1 1 
1 1 1 1 1 1 1 1 1 
1 1 1 1 1 1 1 1 1 
1 1 1 1 1 1 1 1 1 
1 1 1 1 1 1 1 1 1 
1 1 1 1 1 1 1 1 1 
1 1 1 1 1 1 1 1 1 
1 1 1 1 1 1 1 1 1 
1 1 1 1 1 1 1 1 1 
0.6153846153846154,0.4444444444444444

13
1 1 1 1 1 1 1 1 1 
1 1 1 1 1 1 1 1 1 
1 1 1 1 1 1 1 1 1 
1 1 1 1 1 1 1 1 1 
1 1 1 1 1 1 1 1 1 
1 1 1 1 1 1 1 1 1 
1 1 1 1 1 1 1 1 1 
1 1 1 1 1 1 1 1 1 
1 1 1 1 1 1 1 1 1 
0.6153846153846154,0.4444444444444444

14
1 1 1 1 1 1 1 1 1 
1 1 1 1 1 1 1 1 1 
1 1 1 1 1 1 1 1 1 
1 1 1 1 1 1 1 1 1 
1 1 1 1 1 1 1 1 1 
1 1 1 1 1 1 1 1 1 
1 1 1 1 1 1 1 1 1 
1 1 1 1 1 1 1 1 1 
1 1 1 1 1 1 1 1 1 
0.6153846153846154,0.4444444444444444

15
1 1 1 1 1 1 1 1 0 
1 1 1 1 1 1 1 1 0 
1 1 1 1 1 1 1 1 0 
1 1 1 1 1 1 1 1 0 
1 1 1 1 1 1 1 1 0 
1 1 1 1 1 1 1 1 0 
1 1 1 1 1 1 1 1 0 
1 1 1 1 1 1 1 1 0 
0 0 0 0 0 0 0 0 1 
0.5909090909090909,0.5

16
1 1 1 0 1 0 1 0 0 
1 1 1 0 1 0 1 0 0 
1 1 1 0 1 0 1 0 0 
0 0 0 1 0 1 0 1 0 
1 1 1 0 1 0 1 0 0 
0 0 0 1 0 1 0 1 0 
1 1 1 0 1 0 1 0 0 
0 0 0 1 0 1 0 1 0 
0 0 0 0 0 0 0 0 1 
0.4827586206896552,0.5833333333333334

17
1 0 1 0 1 0 1 0 0 
0 1 0 0 0 0 0 0 0 
1 0 1 0 1 0 1 0 0 
0 0 0 1 0 1 0 1 0 
1 0 1 0 1 0 1 0 0 
0 0 0 1 0 1 0 1 0 
1 0 1 0 1 0 1 0 0 
0 0 0 1 0 1 0 1 0 
0 0 0 0 0 0 0 0 1 
0.32,0.5277777777777778

18
1 1 1 0 1 0 1 0 1 
1 1 1 0 1 0 1 0 1 
1 1 1 0 1 0 1 0 1 
0 0 0 1 0 1 0 1 0 
1 1 1 0 1 0 1 0 1 
0 0 0 1 0 1 0 1 0 
1 1 1 0 1 0 1 0 1 
0 0 0 1 0 1 0 1 0 
1 1 1 0 1 0 1 0 1 
0.47058823529411764,0.5

19
1 1 1 0 1 0 1 0 1 
1 1 1 0 1 0 1 0 1 
1 1 1 0 1 0 1 0 1 
0 0 0 1 0 0 0 1 0 
1 1 1 0 1 0 1 0 1 
0 0 0 0 0 1 0 0 0 
1 1 1 0 1 0 1 0 1 
0 0 0 1 0 0 0 1 0 
1 1 1 0 1 0 1 0 1 
0.4375,0.5

20
1 1 1 0 1 1 1 0 1 
1 1 1 0 1 1 1 0 1 
1 1 1 0 1 1 1 0 1 
0 0 0 1 0 0 0 1 0 
1 1 1 0 1 1 1 0 1 
1 1 1 0 1 1 1 0 1 
1 1 1 0 1 1 1 0 1 
0 0 0 1 0 0 0 1 0 
1 1 1 0 1 1 1 0 1 
0.47368421052631576,0.4444444444444444

21
1 1 1 0 1 1 1 0 1 
1 1 1 0 1 1 1 0 1 
1 1 1 0 1 1 1 0 1 
0 0 0 1 0 0 0 1 0 
1 1 1 0 1 1 1 0 1 
1 1 1 0 1 1 1 0 1 
1 1 1 0 1 1 1 0 1 
0 0 0 1 0 0 0 1 0 
1 1 1 0 1 1 1 0 1 
0.47368421052631576,0.4444444444444444

22
1 1 1 0 1 1 1 0 1 
1 1 1 0 1 1 1 0 1 
1 1 1 0 1 1 1 0 1 
0 0 0 1 0 0 0 0 0 
1 1 1 0 1 1 1 0 1 
1 1 1 0 1 1 1 0 1 
1 1 1 0 1 1 1 0 1 
0 0 0 0 0 0 0 1 0 
1 1 1 0 1 1 1 0 1 
0.4864864864864865,0.4722222222222222

23
1 0 0 0 0 0 0 0 0 
0 1 0 0 0 0 0 0 0 
0 0 1 0 1 1 1 0 0 
0 0 0 1 0 0 0 0 0 
0 0 1 0 1 1 1 0 0 
0 0 1 0 1 1 1 0 0 
0 0 1 0 1 1 1 0 0 
0 0 0 0 0 0 0 1 0 
0 0 0 0 0 0 0 0 1 
0.18181818181818182,0.5

24
1 0 0 0 0 0 0 0 0 
0 1 1 0 1 1 1 1 0 
0 1 1 0 1 1 1 1 0 
0 0 0 1 0 0 0 0 0 
0 1 1 0 1 1 1 1 0 
0 1 1 0 1 1 1 1 0 
0 1 1 0 1 1 1 1 0 
0 1 1 0 1 1 1 1 0 
0 0 0 0 0 0 0 0 1 
0.3870967741935484,0.4722222222222222

25
1 1 1 1 1 1 1 1 1 
1 1 1 1 1 1 1 1 1 
1 1 1 1 1 1 1 1 1 
1 1 1 1 1 1 1 1 1 
1 1 1 1 1 1 1 1 1 
1 1 1 1 1 1 1 1 1 
1 1 1 1 1 1 1 1 1 
1 1 1 1 1 1 1 1 1 
1 1 1 1 1 1 1 1 1 
0.6153846153846154,0.4444444444444444

26
1 1 1 1 1 1 1 1 1 
1 1 1 1 1 1 1 1 1 
1 1 1 1 1 1 1 1 1 
1 1 1 1 1 1 1 1 1 
1 1 1 1 1 1 1 1 1 
1 1 1 1 1 1 1 1 1 
1 1 1 1 1 1 1 1 1 
1 1 1 1 1 1 1 1 1 
1 1 1 1 1 1 1 1 1 
0.6153846153846154,0.4444444444444444

27
1 1 1 1 1 1 1 0 1 
1 1 1 1 1 1 1 0 1 
1 1 1 1 1 1 1 0 1 
1 1 1 1 1 1 1 0 1 
1 1 1 1 1 1 1 0 1 
1 1 1 1 1 1 1 0 1 
1 1 1 1 1 1 1 0 1 
0 0 0 0 0 0 0 1 0 
1 1 1 1 1 1 1 0 1 
0.5909090909090909,0.5

28
1 1 1 1 1 0 1 1 1 
1 1 1 1 1 0 1 1 1 
1 1 1 1 1 0 1 1 1 
1 1 1 1 1 0 1 1 1 
1 1 1 1 1 0 1 1 1 
0 0 0 0 0 1 0 0 0 
1 1 1 1 1 0 1 1 1 
1 1 1 1 1 0 1 1 1 
1 1 1 1 1 0 1 1 1 
0.5909090909090909,0.5

29
1 1 1 1 1 0 1 1 0 
1 1 1 1 1 0 1 1 0 
1 1 1 1 1 0 1 1 0 
1 1 1 1 1 0 1 1 0 
1 1 1 1 1 0 1 1 0 
0 0 0 0 0 1 0 0 0 
1 1 1 1 1 0 1 1 0 
1 1 1 1 1 0 1 1 0 
0 0 0 0 0 0 0 0 1 
0.5945945945945946,0.5833333333333334

30
1 1 1 1 1 0 1 1 0 
1 1 1 1 1 0 1 1 0 
1 1 1 1 1 0 1 1 0 
1 1 1 1 1 0 1 1 0 
1 1 1 1 1 0 1 1 0 
0 0 0 0 0 1 0 0 0 
1 1 1 1 1 0 1 1 0 
1 1 1 1 1 0 1 1 0 
0 0 0 0 0 0 0 0 1 
0.5945945945945946,0.5833333333333334

31
1 1 1 1 0 1 1 1 1 
1 1 1 1 0 1 1 1 1 
1 1 1 1 0 1 1 1 1 
1 1 1 1 0 1 1 1 1 
0 0 0 0 1 0 0 0 0 
1 1 1 1 0 1 1 1 1 
1 1 1 1 0 1 1 1 1 
1 1 1 1 0 1 1 1 1 
1 1 1 1 0 1 1 1 1 
0.5454545454545454,0.4444444444444444

32
1 1 1 0 0 0 0 1 1 
1 1 1 0 0 0 0 1 1 
1 1 1 0 0 0 0 1 1 
0 0 0 1 0 1 1 0 0 
0 0 0 0 1 0 0 0 0 
0 0 0 1 0 1 1 0 0 
0 0 0 1 0 1 1 0 0 
1 1 1 0 0 0 0 1 1 
1 1 1 0 0 0 0 1 1 
0.3448275862068966,0.4722222222222222

faa=0.6140777399307775 acc=0.6015624999999999

0 : 0.5798611111111113 0.08252776635129576
1 : 0.5868055555555558 0.10042986425339367
2 : 0.5902777777777781 0.13059657061205046
3 : 0.5928819444444449 0.15952328050271913
4 : 0.6119791666666669 0.24038532117676314
5 : 0.6232638888888891 0.32269434840392336
6 : 0.6380208333333334 0.4048508822129571
7 : 0.6336805555555557 0.4908976999227325
8 : 0.6432291666666666 0.5645515488120458
9 : 0.6414930555555557 0.6204455807326746
10 : 0.6189236111111113 0.6392476592276833
11 : 0.5894097222222221 0.6551321578612816
12 : 0.5425347222222223 0.6519464986550791
13 : 0.4453125000000001 0.6142094017094017
14 : 0.4444444444444446 0.6153846153846154
15 : 0.4444444444444446 0.6153846153846154
16 : 0.4444444444444446 0.6153846153846154
17 : 0.4444444444444446 0.6153846153846154
18 : 0.4444444444444446 0.6153846153846154
19 : 0.4444444444444446 0.6153846153846154
0 : 0.5555555555555556 0.0
1 : 0.5555555555555556 0.0
2 : 0.5555555555555556 0.0
3 : 0.5555555555555556 0.0
4 : 0.5555555555555556 0.0
5 : 0.5555555555555556 0.0
6 : 0.5555555555555556 0.0
7 : 0.5555555555555556 0.0
8 : 0.6666666666666666 0.4
9 : 0.7222222222222222 0.5454545454545454
10 : 0.7222222222222222 0.6153846153846154
11 : 0.8055555555555556 0.8
12 : 0.5555555555555556 0.6666666666666666
13 : 0.4444444444444444 0.6153846153846154
14 : 0.4444444444444444 0.6153846153846154
15 : 0.4444444444444444 0.6153846153846154
16 : 0.4444444444444444 0.6153846153846154
17 : 0.4444444444444444 0.6153846153846154
18 : 0.4444444444444444 0.6153846153846154
19 : 0.4444444444444444 0.6153846153846154
