1 [0 1 0 (1,2,3,4,5,6,7,8,9)]
2 [0 2 0 (1,2,3,4,5)][1 1 0 (6,7,8,9)]
3 [0 3 0 (1,2,3,4,5)][1 2 0 (6,7,8,9)]
4 [0 4 0 (1,2,3,4,5)][1 3 0 (6,7,8,9)]
5 [0 5 0 (1,2,3,4,5)][1 4 0 (6,7,8,9)]
6 [0 6 0 (1,2,5,3,4)][1 5 0 (6,7,9,8)]
7 [0 7 0 (1,4)][1 6 0 (6,7,8,9)][2 1 0 (2,5,3)]
8 [0 8 0 (1,4)][1 7 0 (6,8,9,7)][2 2 0 (2,5,3)]
9 [0 9 0 (1,3,4)][1 8 0 (6,8,9,7)][2 2 1 (2,5,3)][3 1 0 (2)][4 1 0 (5)]
10 [0 10 0 (3,4)][1 9 0 (6,7,8,9,5)][2 2 2 (2,5,3)][3 2 0 (2)][4 1 1 (5)][5 1 0 (1)]
11 [0 10 1 (3,4)][1 10 0 (5,6,7,8,9,2,1,3,4)][3 2 1 (2)][4 1 2 (5)][5 1 1 (1)]
12 [0 10 2 (3,4)][1 11 0 (1,2,3,4,5,6,7,8,9)][3 2 2 (2)][5 1 2 (1)]
13 [1 12 0 (1,2,3,4,5,6,7,8,9)]
14 [1 13 0 (1,4,5,6,8,9,2,3,7)]
15 [1 14 0 (4,6,8,2,5,7,1,3)][6 1 0 (9)]
16 [1 15 0 (1,2,3,5,7)][6 2 0 (9)][7 1 0 (4,6,8)]
17 [1 16 0 (1,3,5,7)][6 3 0 (9)][7 2 0 (4,6,8)][8 1 0 (2)]
18 [1 17 0 (1,2,3,5,7,9)][6 3 1 (9)][7 3 0 (4,6,8)][8 1 1 (2)]
19 [1 18 0 (1,2,3,5,7,9)][6 3 2 (9)][7 4 0 (4,8)][8 1 2 (2)][9 1 0 (6)]
20 [1 19 0 (1,2,3,5,7,9,6)][7 5 0 (4,8)][9 1 1 (6)]
21 [1 20 0 (1,2,3,5,6,7,9)][7 6 0 (4,8)][9 1 2 (6)]
22 [1 21 0 (6,9,1,3,5,7,2)][7 7 0 (4)][10 1 0 (8)]
23 [1 22 0 (3,5,6,7)][7 8 0 (4)][10 2 0 (8)][11 1 0 (1)][12 1 0 (2)][13 1 0 (9)]
24 [1 23 0 (6,8,5,7,3,2)][7 9 0 (4)][10 2 1 (8)][11 2 0 (1)][12 1 1 (2)][13 2 0 (9)]
25 [1 24 0 (5,6,7,8,9,4,2,3,1)][7 9 1 (4)][10 2 2 (8)][11 2 1 (1)][12 1 2 (2)][13 2 1 (9)]
26 [1 25 0 (1,4,5,6,7,8,9,2,3)][7 9 2 (4)][11 2 2 (1)][13 2 2 (9)]
27 [1 26 0 (1,4,5,6,7,9,2,3)][14 1 0 (8)]
28 [1 27 0 (5,7,9,4,8,2,3,1)][14 1 1 (8)][15 1 0 (6)]
29 [1 28 0 (4,8,1,2,3,5,7)][14 1 2 (8)][15 2 0 (6)][16 1 0 (9)]
30 [1 29 0 (1,2,4,7,8,3,5)][15 3 0 (6)][16 2 0 (9)]
31 [1 30 0 (2,8,9,4,6,7,1,3)][15 3 1 (6)][16 2 1 (9)][17 1 0 (5)]
32 [1 31 0 (8,9,2,1,3)][15 3 2 (6)][16 2 2 (9)][17 2 0 (5)][18 1 0 (4,6,7)]
faa=0.6085327970400998