行为密度聚类各个窗口准确度：

1
1 1 1 1 0 0 0 0 0 
1 1 1 1 0 0 0 0 0 
1 1 1 1 0 0 0 0 0 
1 1 1 1 0 0 0 0 0 
0 0 0 0 1 0 0 0 0 
0 0 0 0 0 1 1 1 0 
0 0 0 0 0 1 1 1 0 
0 0 0 0 0 1 1 1 0 
0 0 0 0 0 0 0 0 1 
0.7368421052631579,0.8611111111111112

2
1 1 1 1 0 0 0 0 0 
1 1 1 1 0 0 0 0 0 
1 1 1 1 0 0 0 0 0 
1 1 1 1 0 0 0 0 0 
0 0 0 0 1 0 0 0 0 
0 0 0 0 0 1 0 0 0 
0 0 0 0 0 0 1 1 1 
0 0 0 0 0 0 1 1 1 
0 0 0 0 0 0 1 1 1 
0.7368421052631579,0.8611111111111112

3
1 1 1 1 0 0 0 1 1 
1 1 1 1 0 0 0 1 1 
1 1 1 1 0 0 0 1 1 
1 1 1 1 0 0 0 1 1 
0 0 0 0 1 1 1 0 0 
0 0 0 0 1 1 1 0 0 
0 0 0 0 1 1 1 0 0 
1 1 1 1 0 0 0 1 1 
1 1 1 1 0 0 0 1 1 
0.7142857142857143,0.7777777777777778

4
1 1 1 1 0 0 0 1 1 
1 1 1 1 0 0 0 1 1 
1 1 1 1 0 0 0 1 1 
1 1 1 1 0 0 0 1 1 
0 0 0 0 1 1 1 0 0 
0 0 0 0 1 1 1 0 0 
0 0 0 0 1 1 1 0 0 
1 1 1 1 0 0 0 1 1 
1 1 1 1 0 0 0 1 1 
0.7142857142857143,0.7777777777777778

5
1 1 1 1 0 0 0 0 0 
1 1 1 1 0 0 0 0 0 
1 1 1 1 0 0 0 0 0 
1 1 1 1 0 0 0 0 0 
0 0 0 0 1 1 1 0 0 
0 0 0 0 1 1 1 0 0 
0 0 0 0 1 1 1 0 0 
0 0 0 0 0 0 0 1 1 
0 0 0 0 0 0 0 1 1 
1.0,1.0

6
1 1 1 1 0 0 0 0 0 
1 1 1 1 0 0 0 0 0 
1 1 1 1 0 0 0 0 0 
1 1 1 1 0 0 0 0 0 
0 0 0 0 1 1 1 0 0 
0 0 0 0 1 1 1 0 0 
0 0 0 0 1 1 1 0 0 
0 0 0 0 0 0 0 1 0 
0 0 0 0 0 0 0 0 1 
0.9473684210526315,0.9722222222222222

7
1 1 1 1 0 0 0 0 0 
1 1 1 1 0 0 0 0 0 
1 1 1 1 0 0 0 0 0 
1 1 1 1 0 0 0 0 0 
0 0 0 0 1 0 1 1 0 
0 0 0 0 0 1 0 0 0 
0 0 0 0 1 0 1 1 0 
0 0 0 0 1 0 1 1 0 
0 0 0 0 0 0 0 0 1 
0.7368421052631579,0.8611111111111112

8
1 1 1 1 0 0 0 0 0 
1 1 1 1 0 0 0 0 0 
1 1 1 1 0 0 0 0 0 
1 1 1 1 0 0 0 0 0 
0 0 0 0 1 0 1 1 1 
0 0 0 0 0 1 0 0 0 
0 0 0 0 1 0 1 1 1 
0 0 0 0 1 0 1 1 1 
0 0 0 0 1 0 1 1 1 
0.7272727272727273,0.8333333333333334

9
1 1 1 1 0 0 0 0 0 
1 1 1 1 0 0 0 0 0 
1 1 1 1 0 0 0 0 0 
1 1 1 1 0 0 0 0 0 
0 0 0 0 1 1 1 1 1 
0 0 0 0 1 1 1 1 1 
0 0 0 0 1 1 1 1 1 
0 0 0 0 1 1 1 1 1 
0 0 0 0 1 1 1 1 1 
0.7692307692307693,0.8333333333333334

10
1 1 1 1 0 0 0 0 0 
1 1 1 1 0 0 0 0 0 
1 1 1 1 0 0 0 0 0 
1 1 1 1 0 0 0 0 0 
0 0 0 0 1 1 1 0 0 
0 0 0 0 1 1 1 0 0 
0 0 0 0 1 1 1 0 0 
0 0 0 0 0 0 0 1 0 
0 0 0 0 0 0 0 0 1 
0.9473684210526315,0.9722222222222222

11
1 1 1 1 0 0 0 0 0 
1 1 1 1 0 0 0 0 0 
1 1 1 1 0 0 0 0 0 
1 1 1 1 0 0 0 0 0 
0 0 0 0 1 1 1 0 0 
0 0 0 0 1 1 1 0 0 
0 0 0 0 1 1 1 0 0 
0 0 0 0 0 0 0 1 0 
0 0 0 0 0 0 0 0 1 
0.9473684210526315,0.9722222222222222

12
1 1 1 1 1 1 1 0 1 
1 1 1 1 1 1 1 0 1 
1 1 1 1 1 1 1 0 1 
1 1 1 1 1 1 1 0 1 
1 1 1 1 1 1 1 0 1 
1 1 1 1 1 1 1 0 1 
1 1 1 1 1 1 1 0 1 
0 0 0 0 0 0 0 1 0 
1 1 1 1 1 1 1 0 1 
0.47368421052631576,0.4444444444444444

13
1 0 0 0 0 0 0 1 0 
0 1 1 0 0 0 0 0 0 
0 1 1 0 0 0 0 0 0 
0 0 0 1 0 0 0 0 0 
0 0 0 0 1 1 1 0 1 
0 0 0 0 1 1 1 0 1 
0 0 0 0 1 1 1 0 1 
1 0 0 0 0 0 0 1 0 
0 0 0 0 1 1 1 0 1 
0.4444444444444444,0.7222222222222222

14
1 0 0 0 0 0 0 1 0 
0 1 1 0 0 0 0 0 0 
0 1 1 0 0 0 0 0 0 
0 0 0 1 0 0 0 0 0 
0 0 0 0 1 1 1 0 0 
0 0 0 0 1 1 1 0 0 
0 0 0 0 1 1 1 0 0 
1 0 0 0 0 0 0 1 0 
0 0 0 0 0 0 0 0 1 
0.5333333333333333,0.8055555555555556

15
1 0 0 0 0 0 0 1 0 
0 1 1 0 0 0 0 0 0 
0 1 1 0 0 0 0 0 0 
0 0 0 1 0 0 0 0 0 
0 0 0 0 1 1 1 0 0 
0 0 0 0 1 1 1 0 0 
0 0 0 0 1 1 1 0 0 
1 0 0 0 0 0 0 1 0 
0 0 0 0 0 0 0 0 1 
0.5333333333333333,0.8055555555555556

16
1 0 0 0 1 1 1 1 0 
0 1 1 1 0 0 0 0 0 
0 1 1 1 0 0 0 0 0 
0 1 1 1 0 0 0 0 0 
1 0 0 0 1 1 1 1 0 
1 0 0 0 1 1 1 1 0 
1 0 0 0 1 1 1 1 0 
1 0 0 0 1 1 1 1 0 
0 0 0 0 0 0 0 0 1 
0.5217391304347826,0.6944444444444444

17
1 1 1 1 0 1 1 1 1 
1 1 1 1 0 1 1 1 1 
1 1 1 1 0 1 1 1 1 
1 1 1 1 0 1 1 1 1 
0 0 0 0 1 0 0 0 0 
1 1 1 1 0 1 1 1 1 
1 1 1 1 0 1 1 1 1 
1 1 1 1 0 1 1 1 1 
1 1 1 1 0 1 1 1 1 
0.42105263157894735,0.3888888888888889

18
1 1 0 0 0 0 0 0 0 
1 1 0 0 0 0 0 0 0 
0 0 1 0 0 0 0 1 1 
0 0 0 1 0 1 0 0 0 
0 0 0 0 1 0 1 0 0 
0 0 0 1 0 1 0 0 0 
0 0 0 0 1 0 1 0 0 
0 0 1 0 0 0 0 1 1 
0 0 1 0 0 0 0 1 1 
0.375,0.7222222222222222

19
1 1 0 0 0 0 0 0 0 
1 1 0 0 0 0 0 0 0 
0 0 1 0 0 0 0 0 0 
0 0 0 1 0 0 0 0 0 
0 0 0 0 1 1 1 0 0 
0 0 0 0 1 1 1 0 0 
0 0 0 0 1 1 1 0 0 
0 0 0 0 0 0 0 1 1 
0 0 0 0 0 0 0 1 1 
0.6666666666666666,0.8611111111111112

20
1 1 0 0 0 0 0 0 0 
1 1 0 0 0 0 0 0 0 
0 0 1 0 0 0 0 0 0 
0 0 0 1 0 0 0 0 0 
0 0 0 0 1 0 1 0 0 
0 0 0 0 0 1 0 0 0 
0 0 0 0 1 0 1 0 0 
0 0 0 0 0 0 0 1 1 
0 0 0 0 0 0 0 1 1 
0.46153846153846156,0.8055555555555556

21
1 1 1 0 1 1 1 0 0 
1 1 1 0 1 1 1 0 0 
1 1 1 0 1 1 1 0 0 
0 0 0 1 0 0 0 0 0 
1 1 1 0 1 1 1 0 0 
1 1 1 0 1 1 1 0 0 
1 1 1 0 1 1 1 0 0 
0 0 0 0 0 0 0 1 1 
0 0 0 0 0 0 0 1 1 
0.5384615384615384,0.6666666666666666

22
1 1 1 0 0 0 0 0 0 
1 1 1 0 0 0 0 0 0 
1 1 1 0 0 0 0 0 0 
0 0 0 1 0 0 0 0 0 
0 0 0 0 1 0 1 0 0 
0 0 0 0 0 1 0 0 0 
0 0 0 0 1 0 1 0 0 
0 0 0 0 0 0 0 1 1 
0 0 0 0 0 0 0 1 1 
0.6666666666666666,0.8611111111111112

23
1 1 1 0 0 0 0 0 0 
1 1 1 0 0 0 0 0 0 
1 1 1 0 0 0 0 0 0 
0 0 0 1 0 0 0 0 0 
0 0 0 0 1 1 1 0 0 
0 0 0 0 1 1 1 0 0 
0 0 0 0 1 1 1 0 0 
0 0 0 0 0 0 0 1 1 
0 0 0 0 0 0 0 1 1 
0.8235294117647058,0.9166666666666666

24
1 1 1 0 0 0 0 0 0 
1 1 1 0 0 0 0 0 0 
1 1 1 0 0 0 0 0 0 
0 0 0 1 0 0 0 0 0 
0 0 0 0 1 1 1 1 1 
0 0 0 0 1 1 1 1 1 
0 0 0 0 1 1 1 1 1 
0 0 0 0 1 1 1 1 1 
0 0 0 0 1 1 1 1 1 
0.6086956521739131,0.75

25
1 1 1 0 1 1 1 1 1 
1 1 1 0 1 1 1 1 1 
1 1 1 0 1 1 1 1 1 
0 0 0 1 0 0 0 0 0 
1 1 1 0 1 1 1 1 1 
1 1 1 0 1 1 1 1 1 
1 1 1 0 1 1 1 1 1 
1 1 1 0 1 1 1 1 1 
1 1 1 0 1 1 1 1 1 
0.3684210526315789,0.3333333333333333

26
1 1 1 0 1 1 1 1 1 
1 1 1 0 1 1 1 1 1 
1 1 1 0 1 1 1 1 1 
0 0 0 1 0 0 0 0 0 
1 1 1 0 1 1 1 1 1 
1 1 1 0 1 1 1 1 1 
1 1 1 0 1 1 1 1 1 
1 1 1 0 1 1 1 1 1 
1 1 1 0 1 1 1 1 1 
0.3684210526315789,0.3333333333333333

27
1 1 1 0 0 0 0 0 0 
1 1 1 0 0 0 0 0 0 
1 1 1 0 0 0 0 0 0 
0 0 0 1 0 0 0 0 0 
0 0 0 0 1 1 1 0 0 
0 0 0 0 1 1 1 0 0 
0 0 0 0 1 1 1 0 0 
0 0 0 0 0 0 0 1 1 
0 0 0 0 0 0 0 1 1 
0.8235294117647058,0.9166666666666666

28
1 0 0 0 0 0 0 0 0 
0 1 1 0 0 0 0 0 0 
0 1 1 0 0 0 0 0 0 
0 0 0 1 0 0 0 0 0 
0 0 0 0 1 1 1 0 0 
0 0 0 0 1 1 1 0 0 
0 0 0 0 1 1 1 0 0 
0 0 0 0 0 0 0 1 1 
0 0 0 0 0 0 0 1 1 
0.6666666666666666,0.8611111111111112

29
1 0 0 0 0 0 0 0 0 
0 1 1 0 0 0 0 0 0 
0 1 1 0 0 0 0 0 0 
0 0 0 1 0 0 0 0 0 
0 0 0 0 1 1 1 0 0 
0 0 0 0 1 1 1 0 0 
0 0 0 0 1 1 1 0 0 
0 0 0 0 0 0 0 1 1 
0 0 0 0 0 0 0 1 1 
0.6666666666666666,0.8611111111111112

30
1 1 1 0 1 0 1 0 0 
1 1 1 0 1 0 1 0 0 
1 1 1 0 1 0 1 0 0 
0 0 0 1 0 1 0 0 0 
1 1 1 0 1 0 1 0 0 
0 0 0 1 0 1 0 0 0 
1 1 1 0 1 0 1 0 0 
0 0 0 0 0 0 0 1 1 
0 0 0 0 0 0 0 1 1 
0.45454545454545453,0.6666666666666666

31
1 1 1 0 1 0 1 0 0 
1 1 1 0 1 0 1 0 0 
1 1 1 0 1 0 1 0 0 
0 0 0 1 0 1 0 0 0 
1 1 1 0 1 0 1 0 0 
0 0 0 1 0 1 0 0 0 
1 1 1 0 1 0 1 0 0 
0 0 0 0 0 0 0 1 1 
0 0 0 0 0 0 0 1 1 
0.45454545454545453,0.6666666666666666

32
1 0 0 0 1 0 0 0 0 
0 1 1 0 0 0 1 0 0 
0 1 1 0 0 0 1 0 0 
0 0 0 1 0 1 0 0 0 
1 0 0 0 1 0 0 0 0 
0 0 0 1 0 1 0 0 0 
0 1 1 0 0 0 1 0 0 
0 0 0 0 0 0 0 1 1 
0 0 0 0 0 0 0 1 1 
0.25,0.6666666666666666

33
1 1 1 0 1 0 1 0 0 
1 1 1 0 1 0 1 0 0 
1 1 1 0 1 0 1 0 0 
0 0 0 1 0 1 0 0 0 
1 1 1 0 1 0 1 0 0 
0 0 0 1 0 1 0 0 0 
1 1 1 0 1 0 1 0 0 
0 0 0 0 0 0 0 1 1 
0 0 0 0 0 0 0 1 1 
0.45454545454545453,0.6666666666666666

34
1 1 1 0 1 0 1 0 0 
1 1 1 0 1 0 1 0 0 
1 1 1 0 1 0 1 0 0 
0 0 0 1 0 1 0 0 0 
1 1 1 0 1 0 1 0 0 
0 0 0 1 0 1 0 0 0 
1 1 1 0 1 0 1 0 0 
0 0 0 0 0 0 0 1 1 
0 0 0 0 0 0 0 1 1 
0.45454545454545453,0.6666666666666666

faa=0.617874666279071 acc=0.7589869281045752

0 : 0.7222222222222218 0.0
1 : 0.7222222222222218 0.0
2 : 0.7279411764705879 0.03654188948306596
3 : 0.7393790849673201 0.10450089126559713
4 : 0.7606209150326796 0.2287868993751346
5 : 0.7745098039215685 0.3263393469275822
6 : 0.7965686274509807 0.4451571112470768
7 : 0.8169934640522876 0.5620804962454935
8 : 0.8218954248366014 0.6316607175183068
9 : 0.812091503267974 0.670798311050071
10 : 0.7720588235294117 0.6693833619668552
11 : 0.6854575163398691 0.6362457858102525
12 : 0.5049019607843137 0.5306170089962564
13 : 0.2875816993464053 0.4368319234048135
14 : 0.27777777777777785 0.4347826086956523
15 : 0.27777777777777785 0.4347826086956523
16 : 0.27777777777777785 0.4347826086956523
17 : 0.27777777777777785 0.4347826086956523
18 : 0.27777777777777785 0.4347826086956523
19 : 0.27777777777777785 0.4347826086956523
0 : 0.7222222222222222 0.0
1 : 0.7222222222222222 0.0
2 : 0.7222222222222222 0.0
3 : 0.7222222222222222 0.0
4 : 0.7222222222222222 0.0
5 : 0.7222222222222222 0.0
6 : 0.7222222222222222 0.0
7 : 0.7777777777777778 0.3333333333333333
8 : 0.8333333333333334 0.5714285714285714
9 : 0.8888888888888888 0.75
10 : 0.9444444444444444 0.8888888888888888
11 : 1.0 1.0
12 : 0.7222222222222222 0.6666666666666666
13 : 0.2777777777777778 0.43478260869565216
14 : 0.2777777777777778 0.43478260869565216
15 : 0.2777777777777778 0.43478260869565216
16 : 0.2777777777777778 0.43478260869565216
17 : 0.2777777777777778 0.43478260869565216
18 : 0.2777777777777778 0.43478260869565216
19 : 0.2777777777777778 0.43478260869565216
