1 [0 1 0 (1,2,3,4)][1 1 0 (5)][2 1 0 (7,9,6)][3 1 0 (11)]
2 [0 2 0 (1,2,3,4)][1 2 0 (5)][2 2 0 (9,11,7)][3 1 1 (11)][4 1 0 (6)]
3 [0 3 0 (1,2,4,9,11,3)][1 2 1 (5)][2 2 1 (9,11,7)][3 1 2 (11)][4 1 1 (6)][5 1 0 (5,6,7)]
4 [0 4 0 (1,2,9,11,4,3)][1 2 2 (5)][2 2 2 (9,11,7)][4 1 2 (6)][5 2 0 (5,6,7)]
5 [0 5 0 (1,4,2,3)][5 3 0 (5,6,7)][6 1 0 (9,11)]
6 [0 6 0 (1,3,4,2)][5 4 0 (5,6,7)][6 2 0 (9)][7 1 0 (11)]
7 [0 7 0 (1,2,3,4)][5 5 0 (5,9,7)][6 2 1 (9)][7 2 0 (11)][8 1 0 (6)]
8 [0 8 0 (1,3,4,2)][5 6 0 (9,11,5,7)][6 2 2 (9)][7 2 1 (11)][8 2 0 (6)]
9 [0 9 0 (1,3,4,2)][5 7 0 (5,6,7,9,11)][7 2 2 (11)][8 2 1 (6)]
10 [0 10 0 (1,2,3,4)][5 8 0 (5,6,7)][8 2 2 (6)][9 1 0 (9)][10 1 0 (11)]
11 [0 11 0 (1,2,3,4)][5 9 0 (5,6,7)][9 2 0 (9)][10 2 0 (11)]
12 [0 12 0 (1,5,7,11,6,3,2,4)][5 9 1 (5,6,7)][9 3 0 (9)][10 2 1 (11)]
13 [0 12 1 (1,5,7,11,6,3,2,4)][5 10 0 (7,11,5,6)][9 4 0 (1,9)][10 2 2 (11)][11 1 0 (2,3)][12 1 0 (4)]
14 [0 12 2 (1,5,7,11,6,3,2,4)][5 11 0 (5,6,7)][9 5 0 (1,9)][11 2 0 (2,3)][12 2 0 (4)][13 1 0 (11)]
15 [5 12 0 (5,6,7)][9 6 0 (1,9)][11 3 0 (2,3)][12 3 0 (4)][13 2 0 (11)]
16 [5 13 0 (1,9,6,7,5)][9 6 1 (1,9)][11 4 0 (3,4,2)][12 3 1 (4)][13 3 0 (11)]
17 [5 14 0 (9,11,3,1,7,4,6,2)][9 6 2 (1,9)][11 4 1 (3,4,2)][12 3 2 (4)][13 3 1 (11)][14 1 0 (5)]
18 [5 14 1 (9,11,3,1,7,4,6,2)][11 4 2 (3,4,2)][13 3 2 (11)][14 2 0 (5,7)][15 1 0 (1,2)][16 1 0 (4,6)][17 1 0 (3,9,11)]
19 [5 14 2 (9,11,3,1,7,4,6,2)][14 3 0 (5,6,7)][15 2 0 (1,2)][16 2 0 (4)][17 2 0 (9,11)][18 1 0 (3)]
20 [14 4 0 (5,7)][15 3 0 (1,2)][16 3 0 (4)][17 3 0 (9,11)][18 2 0 (3)][19 1 0 (6)]
21 [14 4 1 (5,7)][15 3 1 (1,2)][16 4 0 (4)][17 4 0 (9,11)][18 2 1 (3)][19 1 1 (6)][20 1 0 (2,5,7,3,6,1)]
22 [14 5 0 (5,7)][16 5 0 (4)][17 5 0 (9,11)][15 4 0 (1,2,3)][18 2 2 (3)][19 2 0 (6)][20 1 1 (2,5,7,3,6,1)]
23 [14 6 0 (5,6,7)][16 6 0 (4)][17 6 0 (9,11)][15 5 0 (1,2,3)][19 2 1 (6)][20 1 2 (2,5,7,3,6,1)]
24 [14 7 0 (9,11,5,6,7)][16 7 0 (4)][17 6 1 (9,11)][15 6 0 (1,2,3)][19 2 2 (6)]
25 [14 8 0 (1,3,5,7,9,11,2,6)][16 8 0 (4)][17 6 2 (9,11)][15 6 1 (1,2,3)]
26 [14 9 0 (3,7,9,11,5,6,2,1)][16 9 0 (4)][15 6 2 (1,2,3)]
27 [14 9 1 (3,7,9,11,5,6,2,1)][16 10 0 (4)][21 1 0 (1,2,3)][22 1 0 (5,6,7)][23 1 0 (9,11)]
28 [14 9 2 (3,7,9,11,5,6,2,1)][16 11 0 (4)][21 2 0 (2,3)][22 2 0 (5,6,7)][23 2 0 (9,11)][24 1 0 (1)]
29 [16 12 0 (4)][21 3 0 (2,3)][22 3 0 (5,6,7)][23 3 0 (9,11)][24 2 0 (1)]
30 [16 13 0 (4,6)][21 4 0 (3,5,7,1,2)][22 3 1 (5,6,7)][23 4 0 (9,11)][24 2 1 (1)]
31 [16 14 0 (4,6)][21 5 0 (2,3,5,7,1)][23 5 0 (9,11)][22 3 2 (5,6,7)][24 2 2 (1)]
32 [16 15 0 (4,6)][21 6 0 (1,5)][23 6 0 (9,11)][25 1 0 (2,3,7)]
33 [16 16 0 (4,6)][21 6 1 (1,5)][23 7 0 (9,11)][25 2 0 (1,2,3,5,7)]
34 [16 17 0 (4,6)][21 6 2 (1,5)][23 8 0 (9,11)][25 3 0 (1,3,5,7,2)]
faa=0.5655831913382607