1
0 8 11 12 12 11 11 10 11 12
8 0 12 12 13 11 11 11 11 13
11 12 0 4 13 12 10 12 12 12
12 12 4 0 13 12 11 12 11 13
12 13 13 13 0 9 8 12 11 8
11 11 12 12 9 0 7 11 9 10
11 11 10 11 8 7 0 11 9 10
10 11 12 12 12 11 11 0 5 11
11 11 12 11 11 9 9 5 0 8
12 13 12 13 8 10 10 11 8 0

2
0 8 9 11 13 12 10 12 12 13
8 0 11 11 13 12 10 12 12 13
9 11 0 7 13 12 11 12 12 12
11 11 7 0 13 12 10 12 11 13
13 13 13 13 0 9 10 12 11 7
12 12 12 12 9 0 9 11 9 9
10 10 11 10 10 9 0 12 10 11
12 12 12 12 12 11 12 0 5 10
12 12 12 11 11 9 10 5 0 8
13 13 12 13 7 9 11 10 8 0

3
0 9 8 10 12 13 9 12 12 12
9 0 10 12 13 13 11 13 13 13
8 10 0 10 12 13 12 12 11 11
10 12 10 0 12 12 11 12 10 11
12 13 12 12 0 8 12 12 10 7
13 13 13 12 8 0 12 12 11 9
9 11 12 11 12 12 0 12 11 12
12 13 12 12 12 12 12 0 7 10
12 13 11 10 10 11 11 7 0 9
12 13 11 11 7 9 12 10 9 0

4
0 10 9 10 12 13 10 11 10 10
10 0 11 13 13 13 13 13 13 13
9 11 0 9 12 13 12 10 9 10
10 13 9 0 12 12 12 11 7 8
12 13 12 12 0 10 10 12 10 9
13 13 13 12 10 0 13 13 13 11
10 13 12 12 10 13 0 12 11 13
11 13 10 11 12 13 12 0 8 9
10 13 9 7 10 13 11 8 0 7
10 13 10 8 9 11 13 9 7 0

5
0 8 11 10 12 13 11 12 10 10
8 0 12 13 13 13 13 13 13 13
11 12 0 9 13 12 13 10 10 11
10 13 9 0 12 10 12 10 8 9
12 13 13 12 0 11 8 12 12 11
13 13 12 10 11 0 12 12 13 12
11 13 13 12 8 12 0 13 13 13
12 13 10 10 12 12 13 0 7 9
10 13 10 8 12 13 13 7 0 5
10 13 11 9 11 12 13 9 5 0

6
0 8 12 10 11 12 11 12 11 11
8 0 12 13 12 12 13 10 11 12
12 12 0 11 13 12 13 12 12 12
10 13 11 0 10 8 12 11 11 11
11 12 13 10 0 10 8 11 12 11
12 12 12 8 10 0 10 11 13 12
11 13 13 12 8 10 0 13 13 13
12 10 12 11 11 11 13 0 7 8
11 11 12 11 12 13 13 7 0 4
11 12 12 11 11 12 13 8 4 0

7
0 9 12 10 10 12 12 10 9 10
9 0 12 12 12 11 13 7 9 9
12 12 0 10 13 13 13 12 12 12
10 12 10 0 11 11 13 12 12 11
10 12 13 11 0 7 7 11 12 11
12 11 13 11 7 0 7 12 13 12
12 13 13 13 7 7 0 13 13 13
10 7 12 12 11 12 13 0 7 7
9 9 12 12 12 13 13 7 0 4
10 9 12 11 11 12 13 7 4 0

8
0 9 11 10 11 12 12 11 7 9
9 0 11 11 12 11 12 9 10 8
11 11 0 8 13 13 13 12 12 10
10 11 8 0 12 12 13 12 12 9
11 12 13 12 0 8 6 12 12 11
12 11 13 12 8 0 6 13 11 12
12 12 13 13 6 6 0 13 12 12
11 9 12 12 12 13 13 0 9 9
7 10 12 12 12 11 12 9 0 7
9 8 10 9 11 12 12 9 7 0

9
0 8 11 11 12 12 12 13 9 7
8 0 11 11 12 12 12 12 10 8
11 11 0 8 12 12 12 13 12 10
11 11 8 0 11 11 11 13 12 9
12 12 12 11 0 10 7 13 12 13
12 12 12 11 10 0 8 13 11 12
12 12 12 11 7 8 0 13 12 12
13 12 13 13 13 13 13 0 12 12
9 10 12 12 12 11 12 12 0 10
7 8 10 9 13 12 12 12 10 0

10
0 5 12 12 13 12 11 13 11 4
5 0 12 12 13 13 11 13 10 5
12 12 0 9 10 12 12 13 13 11
12 12 9 0 9 11 10 13 13 11
13 13 10 9 0 11 9 13 13 13
12 13 12 11 11 0 9 13 11 13
11 11 12 10 9 9 0 13 12 11
13 13 13 13 13 13 13 0 13 13
11 10 13 13 13 11 12 13 0 11
4 5 11 11 13 13 11 13 11 0

11
0 5 10 11 11 11 9 13 12 6
5 0 11 10 11 12 8 13 11 5
10 11 0 9 10 12 11 13 13 12
11 10 9 0 8 11 9 13 13 12
11 11 10 8 0 12 10 13 13 12
11 12 12 11 12 0 10 10 11 12
9 8 11 9 10 10 0 13 12 10
13 13 13 13 13 10 13 0 13 13
12 11 13 13 13 11 12 13 0 11
6 5 12 12 12 12 10 13 11 0

12
0 8 9 10 9 11 9 13 11 8
8 0 9 7 10 12 9 13 12 8
9 9 0 7 11 12 11 13 13 12
10 7 7 0 9 11 9 13 12 12
9 10 11 9 0 12 9 13 13 12
11 12 12 11 12 0 11 4 13 12
9 9 11 9 9 11 0 13 9 9
13 13 13 13 13 4 13 0 13 13
11 12 13 12 13 13 9 13 0 9
8 8 12 12 12 12 9 13 9 0

13
0 9 10 10 11 13 11 12 10 6
9 0 7 5 12 13 12 12 11 9
10 7 0 5 12 13 12 12 12 11
10 5 5 0 11 13 12 12 11 10
11 12 12 11 0 13 9 13 12 13
13 13 13 13 13 0 13 3 13 13
11 12 12 12 9 13 0 13 7 9
12 12 12 12 13 3 13 0 12 12
10 11 12 11 12 13 7 12 0 8
6 9 11 10 13 13 9 12 8 0

14
0 8 10 9 12 13 13 9 8 6
8 0 5 5 13 13 13 9 11 5
10 5 0 5 12 13 12 9 11 7
9 5 5 0 12 13 13 10 11 7
12 13 12 12 0 12 8 13 12 13
13 13 13 13 12 0 11 7 13 13
13 13 12 13 8 11 0 13 10 12
9 9 9 10 13 7 13 0 9 9
8 11 11 11 12 13 10 9 0 10
6 5 7 7 13 13 12 9 10 0

15
0 6 8 9 13 13 13 7 8 7
6 0 4 6 13 13 13 6 11 4
8 4 0 6 12 13 13 7 11 5
9 6 6 0 13 13 13 8 10 5
13 13 12 13 0 10 9 13 13 13
13 13 13 13 10 0 10 11 13 13
13 13 13 13 9 10 0 13 12 13
7 6 7 8 13 11 13 0 9 7
8 11 11 10 13 13 12 9 0 10
7 4 5 5 13 13 13 7 10 0

16
0 6 8 9 13 13 13 6 8 7
6 0 7 8 12 13 13 4 9 5
8 7 0 8 11 13 10 8 11 7
9 8 8 0 12 12 12 9 9 7
13 12 11 12 0 10 9 13 13 13
13 13 13 12 10 0 10 13 13 13
13 13 10 12 9 10 0 13 13 13
6 4 8 9 13 13 13 0 7 6
8 9 11 9 13 13 13 7 0 7
7 5 7 7 13 13 13 6 7 0

17
0 8 9 11 12 12 11 9 8 8
8 0 10 10 11 12 12 7 9 8
9 10 0 9 9 11 7 10 11 10
11 10 9 0 11 11 11 10 10 10
12 11 9 11 0 11 8 12 12 13
12 12 11 11 11 0 8 13 13 13
11 12 7 11 8 8 0 13 13 13
9 7 10 10 12 13 13 0 6 6
8 9 11 10 12 13 13 6 0 7
8 8 10 10 13 13 13 6 7 0

18
0 8 10 12 12 11 11 12 11 11
8 0 11 12 12 11 12 11 12 12
10 11 0 9 11 11 9 10 10 10
12 12 9 0 11 11 12 9 9 9
12 12 11 11 0 9 7 12 12 13
11 11 11 11 9 0 7 13 13 13
11 12 9 12 7 7 0 13 13 13
12 11 10 9 12 13 13 0 6 6
11 12 10 9 12 13 13 6 0 6
11 12 10 9 13 13 13 6 6 0

19
0 7 12 13 13 13 13 13 11 12
7 0 12 13 13 13 13 12 13 13
12 12 0 8 13 13 12 11 9 9
13 13 8 0 12 12 13 8 8 6
13 13 13 12 0 7 5 13 13 13
13 13 13 12 7 0 7 13 13 13
13 13 12 13 5 7 0 13 13 13
13 12 11 8 13 13 13 0 8 7
11 13 9 8 13 13 13 8 0 6
12 13 9 6 13 13 13 7 6 0

20
0 7 13 13 12 12 13 13 10 12
7 0 13 13 11 13 13 12 13 13
13 13 0 6 13 13 13 12 10 10
13 13 6 0 13 13 13 9 10 8
12 11 13 13 0 9 5 13 13 12
12 13 13 13 9 0 9 12 12 13
13 13 13 13 5 9 0 13 13 13
13 12 12 9 13 12 13 0 9 8
10 13 10 10 13 12 13 9 0 8
12 13 10 8 12 13 13 8 8 0

21
0 8 13 13 11 11 12 13 12 13
8 0 13 13 10 13 13 13 13 13
13 13 0 5 12 12 12 12 12 12
13 13 5 0 13 13 13 11 12 11
11 10 12 13 0 10 5 13 13 12
11 13 12 13 10 0 10 12 11 13
12 13 12 13 5 10 0 13 13 13
13 13 12 11 13 12 13 0 6 5
12 13 12 12 13 11 13 6 0 6
13 13 12 11 12 13 13 5 6 0

22
0 8 13 13 11 11 11 12 12 11
8 0 13 13 12 13 13 13 13 12
13 13 0 5 12 12 12 13 13 12
13 13 5 0 12 13 13 13 13 12
11 12 12 12 0 7 5 12 12 12
11 13 12 13 7 0 8 12 11 12
11 13 12 13 5 8 0 12 10 11
12 13 13 13 12 12 12 0 6 6
12 13 13 13 12 11 10 6 0 5
11 12 12 12 12 12 11 6 5 0

23
0 7 12 12 11 10 9 11 10 9
7 0 12 12 12 12 11 12 12 10
12 12 0 7 12 11 11 12 12 11
12 12 7 0 11 13 13 13 12 11
11 12 12 11 0 7 8 10 10 11
10 12 11 13 7 0 7 11 10 10
9 11 11 13 8 7 0 10 8 8
11 12 12 13 10 11 10 0 9 9
10 12 12 12 10 10 8 9 0 6
9 10 11 11 11 10 8 9 6 0

24
0 5 10 10 11 9 8 11 9 9
5 0 11 11 11 10 9 11 10 9
10 11 0 10 12 8 9 11 11 11
10 11 10 0 11 13 12 13 11 12
11 11 12 11 0 8 10 10 10 10
9 10 8 13 8 0 8 11 10 9
8 9 9 12 10 8 0 11 9 8
11 11 11 13 10 11 11 0 9 8
9 10 11 11 10 10 9 9 0 5
9 9 11 12 10 9 8 8 5 0

25
0 4 10 11 11 10 10 11 10 10
4 0 12 12 11 10 10 11 11 10
10 12 0 11 11 8 9 12 12 12
11 12 11 0 11 13 12 14 12 13
11 11 11 11 0 8 12 11 11 10
10 10 8 13 8 0 10 12 12 10
10 10 9 12 12 10 0 12 11 10
11 11 12 14 11 12 12 0 8 7
10 11 12 12 11 12 11 8 0 4
10 10 12 13 10 10 10 7 4 0


