1
0 2 3 3 13 14 14 13 12
2 0 3 3 13 13 13 12 12
3 3 0 2 12 13 13 14 13
3 3 2 0 13 13 14 14 12
13 13 12 13 0 12 12 14 12
14 13 13 13 12 0 8 11 13
14 13 13 14 12 8 0 8 12
13 12 14 14 14 11 8 0 9
12 12 13 12 12 13 12 9 0

2
0 2 4 4 13 13 13 12 10
2 0 4 4 13 12 13 11 10
4 4 0 4 12 12 12 13 13
4 4 4 0 13 13 13 11 9
13 13 12 13 0 11 11 14 13
13 12 12 13 11 0 9 11 12
13 13 12 13 11 9 0 8 12
12 11 13 11 14 11 8 0 7
10 10 13 9 13 12 12 7 0

3
0 4 7 6 13 13 13 10 7
4 0 7 6 13 12 13 9 7
7 7 0 9 12 11 11 11 12
6 6 9 0 13 12 13 9 7
13 13 12 13 0 6 8 14 13
13 12 11 12 6 0 7 12 12
13 13 11 13 8 7 0 11 12
10 9 11 9 14 12 11 0 6
7 7 12 7 13 12 12 6 0

4
0 6 8 7 12 12 11 10 8
6 0 8 8 11 10 11 10 8
8 8 0 10 10 11 11 11 12
7 8 10 0 12 12 12 11 10
12 11 10 12 0 4 6 14 13
12 10 11 12 4 0 5 13 13
11 11 11 12 6 5 0 13 13
10 10 11 11 14 13 13 0 7
8 8 12 10 13 13 13 7 0

5
0 7 9 8 11 11 10 12 12
7 0 8 9 10 9 10 12 12
9 8 0 9 9 11 10 12 12
8 9 9 0 11 10 10 11 12
11 10 9 11 0 4 5 12 11
11 9 11 10 4 0 4 12 11
10 10 10 10 5 4 0 12 11
12 12 12 11 12 12 12 0 8
12 12 12 12 11 11 11 8 0

6
0 7 9 8 11 12 10 11 12
7 0 8 9 11 12 11 11 12
9 8 0 8 10 12 11 11 11
8 9 8 0 11 10 10 10 12
11 11 10 11 0 5 5 9 10
12 12 12 10 5 0 6 11 11
10 11 11 10 5 6 0 10 10
11 11 11 10 9 11 10 0 9
12 12 11 12 10 11 10 9 0

7
0 6 7 7 11 13 10 11 12
6 0 8 8 11 13 10 11 12
7 8 0 7 11 13 11 11 11
7 8 7 0 11 12 11 11 11
11 11 11 11 0 10 7 8 10
13 13 13 12 10 0 10 12 13
10 10 11 11 7 10 0 11 11
11 11 11 11 8 12 11 0 10
12 12 11 11 10 13 11 10 0

8
0 7 7 6 12 13 11 13 13
7 0 7 9 11 13 10 12 12
7 7 0 7 12 13 12 12 12
6 9 7 0 12 13 12 12 12
12 11 12 12 0 9 6 6 9
13 13 13 13 9 0 9 10 10
11 10 12 12 6 9 0 9 9
13 12 12 12 6 10 9 0 8
13 12 12 12 9 10 9 8 0

9
0 8 5 5 13 13 13 13 13
8 0 6 9 12 12 12 11 12
5 6 0 7 13 13 13 13 13
5 9 7 0 13 13 13 13 13
13 12 13 13 0 5 4 6 8
13 12 13 13 5 0 6 9 8
13 12 13 13 4 6 0 9 8
13 11 13 13 6 9 9 0 8
13 12 13 13 8 8 8 8 0

10
0 5 4 4 13 13 13 13 13
5 0 6 6 13 13 13 11 13
4 6 0 7 13 13 13 12 13
4 6 7 0 13 13 13 12 13
13 13 13 13 0 3 3 10 10
13 13 13 13 3 0 5 11 10
13 13 13 13 3 5 0 12 10
13 11 12 12 10 11 12 0 10
13 13 13 13 10 10 10 10 0

11
0 4 4 4 10 13 12 13 10
4 0 6 6 11 12 12 12 10
4 6 0 7 10 13 11 12 11
4 6 7 0 11 13 12 12 11
10 11 10 11 0 5 4 11 9
13 12 13 13 5 0 6 11 11
12 12 11 12 4 6 0 11 10
13 12 12 12 11 11 11 0 12
10 10 11 11 9 11 10 12 0

12
0 7 5 5 8 12 10 12 8
7 0 7 8 10 12 12 11 9
5 7 0 7 8 12 10 12 10
5 8 7 0 9 13 12 12 11
8 10 8 9 0 8 6 11 7
12 12 12 13 8 0 6 10 10
10 12 10 12 6 6 0 11 7
12 11 12 12 11 10 11 0 13
8 9 10 11 7 10 7 13 0

13
0 10 9 9 10 11 11 8 11
10 0 6 10 11 12 13 11 12
9 6 0 10 10 11 12 12 12
9 10 10 0 11 13 13 12 13
10 11 10 11 0 9 7 12 9
11 12 11 13 9 0 6 10 9
11 13 12 13 7 6 0 12 6
8 11 12 12 12 10 12 0 13
11 12 12 13 9 9 6 13 0

14
0 11 12 11 12 12 12 3 13
11 0 3 11 12 12 13 12 13
12 3 0 12 12 11 13 13 13
11 11 12 0 13 13 13 12 13
12 12 12 13 0 6 4 12 12
12 12 11 13 6 0 4 11 12
12 13 13 13 4 4 0 13 9
3 12 13 12 12 11 13 0 13
13 13 13 13 12 12 9 13 0

15
0 11 11 10 12 13 11 4 12
11 0 3 11 11 12 13 11 13
11 3 0 11 12 12 12 12 13
10 11 11 0 12 13 12 10 13
12 11 12 12 0 4 4 12 13
13 12 12 13 4 0 3 12 13
11 13 12 12 4 3 0 12 12
4 11 12 10 12 12 12 0 13
12 13 13 13 13 13 12 13 0

16
0 10 9 10 12 13 8 8 12
10 0 6 11 10 11 12 10 12
9 6 0 8 11 9 11 10 12
10 11 8 0 11 9 11 9 13
12 10 11 11 0 8 9 11 12
13 11 9 9 8 0 7 12 13
8 12 11 11 9 7 0 10 13
8 10 10 9 11 12 10 0 12
12 12 12 13 12 13 13 12 0

17
0 8 10 11 13 13 8 10 12
8 0 8 11 12 12 12 10 11
10 8 0 7 11 9 11 7 10
11 11 7 0 12 5 12 10 12
13 12 11 12 0 11 10 11 11
13 12 9 5 11 0 10 13 13
8 12 11 12 10 10 0 11 13
10 10 7 10 11 13 11 0 8
12 11 10 12 11 13 13 8 0

18
0 4 11 10 13 13 12 11 12
4 0 9 11 12 13 13 11 11
11 9 0 10 11 12 13 7 8
10 11 10 0 12 8 13 11 12
13 12 11 12 0 10 8 11 11
13 13 12 8 10 0 9 13 11
12 13 13 13 8 9 0 12 13
11 11 7 11 11 13 12 0 6
12 11 8 12 11 11 13 6 0

19
0 3 10 9 12 12 11 12 13
3 0 10 11 12 12 12 12 12
10 10 0 10 11 11 13 10 10
9 11 10 0 12 11 12 12 13
12 12 11 12 0 8 7 12 11
12 12 11 11 8 0 8 12 9
11 12 13 12 7 8 0 12 12
12 12 10 12 12 12 12 0 7
13 12 10 13 11 9 12 7 0

20
0 4 9 9 9 11 9 13 13
4 0 10 11 9 11 10 12 12
9 10 0 11 10 9 11 12 12
9 11 11 0 10 11 10 12 12
9 9 10 10 0 9 7 12 12
11 11 9 11 9 0 9 12 10
9 10 11 10 7 9 0 13 12
13 12 12 12 12 12 13 0 5
13 12 12 12 12 10 12 5 0

21
0 5 8 10 7 11 9 13 13
5 0 8 11 7 11 8 12 12
8 8 0 12 9 8 10 12 12
10 11 12 0 10 12 11 12 12
7 7 9 10 0 10 7 12 12
11 11 8 12 10 0 10 12 11
9 8 10 11 7 10 0 12 12
13 12 12 12 12 12 12 0 5
13 12 12 12 12 11 12 5 0

22
0 5 7 11 10 12 10 13 13
5 0 5 12 9 12 9 12 13
7 5 0 12 10 10 11 13 13
11 12 12 0 12 13 12 13 13
10 9 10 12 0 9 7 13 13
12 12 10 13 9 0 9 12 12
10 9 11 12 7 9 0 10 12
13 12 13 13 13 12 10 0 6
13 13 13 13 13 12 12 6 0

23
0 7 7 11 12 13 12 13 13
7 0 3 12 12 13 12 12 13
7 3 0 13 12 12 12 13 13
11 12 13 0 13 13 13 13 13
12 12 12 13 0 8 6 12 11
13 13 12 13 8 0 7 12 13
12 12 12 13 6 7 0 9 12
13 12 13 13 12 12 9 0 5
13 13 13 13 11 13 12 5 0

24
0 8 8 11 11 11 11 11 11
8 0 4 12 10 10 10 9 11
8 4 0 13 10 9 11 10 12
11 12 13 0 13 13 12 13 13
11 10 10 13 0 7 7 8 9
11 10 9 13 7 0 7 10 12
11 10 11 12 7 7 0 9 11
11 9 10 13 8 10 9 0 5
11 11 12 13 9 12 11 5 0

25
0 6 7 10 8 10 8 11 8
6 0 6 11 7 7 8 9 9
7 6 0 11 7 8 7 9 8
10 11 11 0 11 12 11 13 12
8 7 7 11 0 9 6 9 7
10 7 8 12 9 0 9 10 11
8 8 7 11 6 9 0 10 8
11 9 9 13 9 10 10 0 8
8 9 8 12 7 11 8 8 0

26
0 6 7 9 9 11 9 13 9
6 0 6 10 9 8 9 12 10
7 6 0 11 8 11 7 12 8
9 10 11 0 11 12 11 13 12
9 9 8 11 0 9 4 12 9
11 8 11 12 9 0 8 12 12
9 9 7 11 4 8 0 12 8
13 12 12 13 12 12 12 0 8
9 10 8 12 9 12 8 8 0

27
0 8 8 10 12 12 12 13 12
8 0 4 11 12 11 12 13 12
8 4 0 11 12 12 11 13 12
10 11 11 0 13 13 12 13 13
12 12 12 13 0 4 2 13 12
12 11 12 13 4 0 4 13 13
12 12 11 12 2 4 0 13 12
13 13 13 13 13 13 13 0 7
12 12 12 13 12 13 12 7 0

28
0 10 10 10 13 12 13 13 13
10 0 2 12 13 12 13 13 13
10 2 0 11 13 12 12 13 13
10 12 11 0 13 12 13 13 13
13 13 13 13 0 5 3 12 12
12 12 12 12 5 0 4 13 13
13 13 12 13 3 4 0 13 12
13 13 13 13 12 13 13 0 8
13 13 13 13 12 13 12 8 0

29
0 9 9 10 12 12 11 13 13
9 0 2 12 12 13 11 13 13
9 2 0 11 12 12 10 13 13
10 12 11 0 13 9 13 13 13
12 12 12 13 0 10 6 11 12
12 13 12 9 10 0 8 13 13
11 11 10 13 6 8 0 13 12
13 13 13 13 11 13 13 0 7
13 13 13 13 12 13 12 7 0

30
0 7 7 12 10 13 9 13 13
7 0 3 12 11 13 9 13 13
7 3 0 11 12 13 8 13 13
12 12 11 0 12 7 12 13 13
10 11 12 12 0 12 6 13 13
13 13 13 7 12 0 11 13 13
9 9 8 12 6 11 0 13 13
13 13 13 13 13 13 13 0 5
13 13 13 13 13 13 13 5 0

31
0 9 9 12 7 13 10 13 13
9 0 4 11 10 13 7 13 13
9 4 0 10 11 13 7 13 13
12 11 10 0 11 5 11 13 13
7 10 11 11 0 13 8 13 13
13 13 13 5 13 0 13 13 13
10 7 7 11 8 13 0 13 13
13 13 13 13 13 13 13 0 3
13 13 13 13 13 13 13 3 0

32
0 11 10 10 5 13 9 13 13
11 0 4 10 10 13 5 13 13
10 4 0 9 10 13 4 13 13
10 10 9 0 10 5 9 13 13
5 10 10 10 0 13 9 13 13
13 13 13 5 13 0 13 13 13
9 5 4 9 9 13 0 13 13
13 13 13 13 13 13 13 0 2
13 13 13 13 13 13 13 2 0

33
0 11 9 10 5 13 8 13 13
11 0 5 10 11 13 6 12 12
9 5 0 9 10 13 4 12 13
10 10 9 0 11 5 9 13 13
5 11 10 11 0 13 8 13 13
13 13 13 5 13 0 13 13 13
8 6 4 9 8 13 0 13 13
13 12 12 13 13 13 13 0 3
13 12 13 13 13 13 13 3 0

34
0 10 9 11 6 14 8 13 13
10 0 5 11 13 14 9 11 12
9 5 0 11 11 14 6 11 13
11 11 11 0 12 4 10 13 13
6 13 11 12 0 14 7 13 13
14 14 14 4 14 0 14 14 14
8 9 6 10 7 14 0 13 13
13 11 11 13 13 14 13 0 5
13 12 13 13 13 14 13 5 0


