行为密度聚类各个窗口准确度：

0
1 1 1 1 1 0 0 0 0 
1 1 1 1 1 0 0 0 0 
1 1 1 1 1 0 0 0 0 
1 1 1 1 1 0 0 0 0 
1 1 1 1 1 0 0 0 0 
0 0 0 0 0 1 1 0 0 
0 0 0 0 0 1 1 0 0 
0 0 0 0 0 0 0 1 0 
0 0 0 0 0 0 0 0 1 
0.8148148148148148,0.8611111111111112

1
1 1 1 1 1 0 0 0 0 
1 1 1 1 1 0 0 0 0 
1 1 1 1 1 0 0 0 0 
1 1 1 1 1 0 0 0 0 
1 1 1 1 1 0 0 0 0 
0 0 0 0 0 1 1 0 0 
0 0 0 0 0 1 1 0 0 
0 0 0 0 0 0 0 1 1 
0 0 0 0 0 0 0 1 1 
0.8571428571428571,0.8888888888888888

2
1 1 1 1 1 0 0 0 0 
1 1 1 1 1 0 0 0 0 
1 1 1 1 1 0 0 0 0 
1 1 1 1 1 0 0 0 0 
1 1 1 1 1 0 0 0 0 
0 0 0 0 0 1 1 1 1 
0 0 0 0 0 1 1 1 1 
0 0 0 0 0 1 1 1 1 
0 0 0 0 0 1 1 1 1 
1.0,1.0

3
1 1 1 1 1 0 0 0 0 
1 1 1 1 1 0 0 0 0 
1 1 1 1 1 0 0 0 0 
1 1 1 1 1 0 0 0 0 
1 1 1 1 1 0 0 0 0 
0 0 0 0 0 1 1 0 1 
0 0 0 0 0 1 1 0 1 
0 0 0 0 0 0 0 1 0 
0 0 0 0 0 1 1 0 1 
0.896551724137931,0.9166666666666666

4
1 1 1 1 0 1 1 0 1 
1 1 1 1 0 1 1 0 1 
1 1 1 1 0 1 1 0 1 
1 1 1 1 0 1 1 0 1 
0 0 0 0 1 0 0 0 0 
1 1 1 1 0 1 1 0 1 
1 1 1 1 0 1 1 0 1 
0 0 0 0 0 0 0 1 0 
1 1 1 1 0 1 1 0 1 
0.4864864864864865,0.4722222222222222

5
1 0 0 0 0 0 0 0 0 
0 1 0 1 1 1 1 1 1 
0 0 1 0 0 0 0 0 0 
0 1 0 1 1 1 1 1 1 
0 1 0 1 1 1 1 1 1 
0 1 0 1 1 1 1 1 1 
0 1 0 1 1 1 1 1 1 
0 1 0 1 1 1 1 1 1 
0 1 0 1 1 1 1 1 1 
0.4864864864864865,0.4722222222222222

6
1 0 0 0 0 0 0 0 0 
0 1 1 1 1 0 0 0 0 
0 1 1 1 1 0 0 0 0 
0 1 1 1 1 0 0 0 0 
0 1 1 1 1 0 0 0 0 
0 0 0 0 0 1 0 0 0 
0 0 0 0 0 0 1 0 0 
0 0 0 0 0 0 0 1 1 
0 0 0 0 0 0 0 1 1 
0.6086956521739131,0.75

7
1 1 0 0 1 0 0 0 0 
1 1 0 0 1 0 0 0 0 
0 0 1 1 0 0 0 0 0 
0 0 1 1 0 0 0 0 0 
1 1 0 0 1 0 0 0 0 
0 0 0 0 0 1 1 1 1 
0 0 0 0 0 1 1 1 1 
0 0 0 0 0 1 1 1 1 
0 0 0 0 0 1 1 1 1 
0.7692307692307693,0.8333333333333334

8
1 0 0 1 0 0 0 0 0 
0 1 0 0 0 0 0 0 0 
0 0 1 0 0 0 0 0 0 
1 0 0 1 0 0 0 0 0 
0 0 0 0 1 0 0 0 0 
0 0 0 0 0 1 1 1 1 
0 0 0 0 0 1 1 1 1 
0 0 0 0 0 1 1 1 1 
0 0 0 0 0 1 1 1 1 
0.6086956521739131,0.75

9
1 1 1 1 0 0 0 0 0 
1 1 1 1 0 0 0 0 0 
1 1 1 1 0 0 0 0 0 
1 1 1 1 0 0 0 0 0 
0 0 0 0 1 1 1 1 1 
0 0 0 0 1 1 1 1 1 
0 0 0 0 1 1 1 1 1 
0 0 0 0 1 1 1 1 1 
0 0 0 0 1 1 1 1 1 
0.75,0.7777777777777778

10
1 1 1 1 1 1 1 1 1 
1 1 1 1 1 1 1 1 1 
1 1 1 1 1 1 1 1 1 
1 1 1 1 1 1 1 1 1 
1 1 1 1 1 1 1 1 1 
1 1 1 1 1 1 1 1 1 
1 1 1 1 1 1 1 1 1 
1 1 1 1 1 1 1 1 1 
1 1 1 1 1 1 1 1 1 
0.6153846153846154,0.4444444444444444

11
1 1 1 1 1 1 1 1 1 
1 1 1 1 1 1 1 1 1 
1 1 1 1 1 1 1 1 1 
1 1 1 1 1 1 1 1 1 
1 1 1 1 1 1 1 1 1 
1 1 1 1 1 1 1 1 1 
1 1 1 1 1 1 1 1 1 
1 1 1 1 1 1 1 1 1 
1 1 1 1 1 1 1 1 1 
0.6153846153846154,0.4444444444444444

12
1 1 1 1 1 1 0 1 0 
1 1 1 1 1 1 0 1 0 
1 1 1 1 1 1 0 1 0 
1 1 1 1 1 1 0 1 0 
1 1 1 1 1 1 0 1 0 
1 1 1 1 1 1 0 1 0 
0 0 0 0 0 0 1 0 0 
1 1 1 1 1 1 0 1 0 
0 0 0 0 0 0 0 0 1 
0.5945945945945946,0.5833333333333334

13
1 0 1 1 1 1 0 1 0 
0 1 0 0 0 0 0 0 0 
1 0 1 1 1 1 0 1 0 
1 0 1 1 1 1 0 1 0 
1 0 1 1 1 1 0 1 0 
1 0 1 1 1 1 0 1 0 
0 0 0 0 0 0 1 0 0 
1 0 1 1 1 1 0 1 0 
0 0 0 0 0 0 0 0 1 
0.45161290322580644,0.5277777777777778

14
1 0 0 0 1 0 1 0 0 
0 1 1 0 0 0 0 0 0 
0 1 1 0 0 0 0 0 0 
0 0 0 1 0 1 0 1 0 
1 0 0 0 1 0 1 0 0 
0 0 0 1 0 1 0 1 0 
1 0 0 0 1 0 1 0 0 
0 0 0 1 0 1 0 1 0 
0 0 0 0 0 0 0 0 1 
0.2608695652173913,0.5277777777777778

15
1 0 1 0 1 0 1 0 0 
0 1 0 0 0 0 0 0 0 
1 0 1 0 1 0 1 0 0 
0 0 0 1 0 1 0 1 0 
1 0 1 0 1 0 1 0 0 
0 0 0 1 0 1 0 1 0 
1 0 1 0 1 0 1 0 0 
0 0 0 1 0 1 0 1 0 
0 0 0 0 0 0 0 0 1 
0.32,0.5277777777777778

16
1 1 0 0 1 0 1 0 1 
1 1 0 0 1 0 1 0 1 
0 0 1 0 0 0 0 0 0 
0 0 0 1 0 1 0 1 0 
1 1 0 0 1 0 1 0 1 
0 0 0 1 0 1 0 1 0 
1 1 0 0 1 0 1 0 1 
0 0 0 1 0 1 0 1 0 
1 1 0 0 1 0 1 0 1 
0.3448275862068966,0.4722222222222222

17
1 1 1 0 1 0 1 0 1 
1 1 1 0 1 0 1 0 1 
1 1 1 0 1 0 1 0 1 
0 0 0 1 0 0 0 1 0 
1 1 1 0 1 0 1 0 1 
0 0 0 0 0 1 0 0 0 
1 1 1 0 1 0 1 0 1 
0 0 0 1 0 0 0 1 0 
1 1 1 0 1 0 1 0 1 
0.4375,0.5

18
1 1 1 0 1 0 1 0 1 
1 1 1 0 1 0 1 0 1 
1 1 1 0 1 0 1 0 1 
0 0 0 1 0 0 0 1 0 
1 1 1 0 1 0 1 0 1 
0 0 0 0 0 1 0 0 0 
1 1 1 0 1 0 1 0 1 
0 0 0 1 0 0 0 1 0 
1 1 1 0 1 0 1 0 1 
0.4375,0.5

19
1 1 1 0 1 1 1 0 1 
1 1 1 0 1 1 1 0 1 
1 1 1 0 1 1 1 0 1 
0 0 0 1 0 0 0 1 0 
1 1 1 0 1 1 1 0 1 
1 1 1 0 1 1 1 0 1 
1 1 1 0 1 1 1 0 1 
0 0 0 1 0 0 0 1 0 
1 1 1 0 1 1 1 0 1 
0.47368421052631576,0.4444444444444444

20
1 1 1 0 1 1 0 0 1 
1 1 1 0 1 1 0 0 1 
1 1 1 0 1 1 0 0 1 
0 0 0 1 0 0 0 1 0 
1 1 1 0 1 1 0 0 1 
1 1 1 0 1 1 0 0 1 
0 0 0 0 0 0 1 0 0 
0 0 0 1 0 0 0 1 0 
1 1 1 0 1 1 0 0 1 
0.4375,0.5

21
1 0 0 0 0 0 0 0 0 
0 1 0 0 0 0 0 0 0 
0 0 1 0 1 1 1 0 0 
0 0 0 1 0 0 0 0 0 
0 0 1 0 1 1 1 0 0 
0 0 1 0 1 1 1 0 0 
0 0 1 0 1 1 1 0 0 
0 0 0 0 0 0 0 1 0 
0 0 0 0 0 0 0 0 1 
0.18181818181818182,0.5

22
1 0 0 0 0 0 0 0 0 
0 1 1 0 1 1 0 0 0 
0 1 1 0 1 1 0 0 0 
0 0 0 1 0 0 0 0 0 
0 1 1 0 1 1 0 0 0 
0 1 1 0 1 1 0 0 0 
0 0 0 0 0 0 1 0 0 
0 0 0 0 0 0 0 1 0 
0 0 0 0 0 0 0 0 1 
0.2727272727272727,0.5555555555555556

23
1 1 1 0 0 0 0 0 0 
1 1 1 0 0 0 0 0 0 
1 1 1 0 0 0 0 0 0 
0 0 0 1 0 0 0 0 0 
0 0 0 0 1 1 1 1 1 
0 0 0 0 1 1 1 1 1 
0 0 0 0 1 1 1 1 1 
0 0 0 0 1 1 1 1 1 
0 0 0 0 1 1 1 1 1 
0.6206896551724138,0.6944444444444444

24
1 1 1 0 1 1 1 1 1 
1 1 1 0 1 1 1 1 1 
1 1 1 0 1 1 1 1 1 
0 0 0 1 0 0 0 0 0 
1 1 1 0 1 1 1 1 1 
1 1 1 0 1 1 1 1 1 
1 1 1 0 1 1 1 1 1 
1 1 1 0 1 1 1 1 1 
1 1 1 0 1 1 1 1 1 
0.5454545454545454,0.4444444444444444

25
1 1 1 1 1 1 1 0 1 
1 1 1 1 1 1 1 0 1 
1 1 1 1 1 1 1 0 1 
1 1 1 1 1 1 1 0 1 
1 1 1 1 1 1 1 0 1 
1 1 1 1 1 1 1 0 1 
1 1 1 1 1 1 1 0 1 
0 0 0 0 0 0 0 1 0 
1 1 1 1 1 1 1 0 1 
0.5909090909090909,0.5

26
1 0 0 0 0 0 0 1 0 
0 1 0 0 0 0 0 0 0 
0 0 1 0 0 0 0 0 0 
0 0 0 1 1 0 1 0 1 
0 0 0 1 1 0 1 0 1 
0 0 0 0 0 1 0 0 0 
0 0 0 1 1 0 1 0 1 
1 0 0 0 0 0 0 1 0 
0 0 0 1 1 0 1 0 1 
0.17391304347826086,0.4722222222222222

27
1 1 1 0 1 0 1 0 0 
1 1 1 0 1 0 1 0 0 
1 1 1 0 1 0 1 0 0 
0 0 0 1 0 0 0 1 0 
1 1 1 0 1 0 1 0 0 
0 0 0 0 0 1 0 0 0 
1 1 1 0 1 0 1 0 0 
0 0 0 1 0 0 0 1 0 
0 0 0 0 0 0 0 0 1 
0.4444444444444444,0.5833333333333334

28
1 1 1 1 1 0 1 1 0 
1 1 1 1 1 0 1 1 0 
1 1 1 1 1 0 1 1 0 
1 1 1 1 1 0 1 1 0 
1 1 1 1 1 0 1 1 0 
0 0 0 0 0 1 0 0 0 
1 1 1 1 1 0 1 1 0 
1 1 1 1 1 0 1 1 0 
0 0 0 0 0 0 0 0 1 
0.5945945945945946,0.5833333333333334

29
1 1 1 1 0 0 1 1 1 
1 1 1 1 0 0 1 1 1 
1 1 1 1 0 0 1 1 1 
1 1 1 1 0 0 1 1 1 
0 0 0 0 1 0 0 0 0 
0 0 0 0 0 1 0 0 0 
1 1 1 1 0 0 1 1 1 
1 1 1 1 0 0 1 1 1 
1 1 1 1 0 0 1 1 1 
0.4864864864864865,0.4722222222222222

30
1 1 1 0 0 0 0 0 0 
1 1 1 0 0 0 0 0 0 
1 1 1 0 0 0 0 0 0 
0 0 0 1 0 1 1 0 0 
0 0 0 0 1 0 0 0 0 
0 0 0 1 0 1 1 0 0 
0 0 0 1 0 1 1 0 0 
0 0 0 0 0 0 0 1 1 
0 0 0 0 0 0 0 1 1 
0.43478260869565216,0.6388888888888888

31
1 1 1 0 0 0 0 0 0 
1 1 1 0 0 0 0 0 0 
1 1 1 0 0 0 0 0 0 
0 0 0 1 0 1 1 0 0 
0 0 0 0 1 0 0 0 0 
0 0 0 1 0 1 1 0 0 
0 0 0 1 0 1 1 0 0 
0 0 0 0 0 0 0 1 0 
0 0 0 0 0 0 0 0 1 
0.36363636363636365,0.6111111111111112

32
1 1 1 0 1 0 0 1 0 
1 1 1 0 1 0 0 1 0 
1 1 1 0 1 0 0 1 0 
0 0 0 1 0 1 0 0 0 
1 1 1 0 1 0 0 1 0 
0 0 0 1 0 1 0 0 0 
0 0 0 0 0 0 1 0 0 
1 1 1 0 1 0 0 1 0 
0 0 0 0 0 0 0 0 1 
0.4444444444444444,0.5833333333333334

33
1 1 1 0 1 0 0 1 1 
1 1 1 0 1 0 0 1 1 
1 1 1 0 1 0 0 1 1 
0 0 0 1 0 1 0 0 0 
1 1 1 0 1 0 0 1 1 
0 0 0 1 0 1 0 0 0 
0 0 0 0 0 0 1 0 0 
1 1 1 0 1 0 0 1 1 
1 1 1 0 1 0 0 1 1 
0.4375,0.5

34
1 1 0 0 0 0 1 0 0 
1 1 0 0 0 0 1 0 0 
0 0 1 0 1 0 0 0 1 
0 0 0 1 0 1 0 0 0 
0 0 1 0 1 0 0 0 1 
0 0 0 1 0 1 0 0 0 
1 1 0 0 0 0 1 0 0 
0 0 0 0 0 0 0 1 0 
0 0 1 0 1 0 0 0 1 
0.17391304347826086,0.4722222222222222

faa=0.5152078945293548 acc=0.5944444444444444

0 : 0.5722222222222223 0.06867944576922906
1 : 0.5793650793650796 0.10257613043990753
2 : 0.5880952380952383 0.14941595040666245
3 : 0.5960317460317462 0.19641893133691687
4 : 0.603968253968254 0.2564314790930178
5 : 0.608730158730159 0.30493553604074153
6 : 0.6158730158730159 0.3535006195226069
7 : 0.6182539682539682 0.4059277310970226
8 : 0.6190476190476188 0.46341575931188267
9 : 0.6126984126984126 0.508244619469547
10 : 0.6103174603174603 0.5549491309030262
11 : 0.6063492063492061 0.5960145079296736
12 : 0.5944444444444444 0.6216711984649871
13 : 0.5682539682539683 0.6378846737305941
14 : 0.4444444444444446 0.6153846153846155
15 : 0.4444444444444446 0.6153846153846155
16 : 0.4444444444444446 0.6153846153846155
17 : 0.4444444444444446 0.6153846153846155
18 : 0.4444444444444446 0.6153846153846155
19 : 0.4444444444444446 0.6153846153846155
0 : 0.5555555555555556 0.0
1 : 0.5555555555555556 0.0
2 : 0.5555555555555556 0.0
3 : 0.5555555555555556 0.0
4 : 0.5555555555555556 0.0
5 : 0.5555555555555556 0.0
6 : 0.5555555555555556 0.0
7 : 0.5555555555555556 0.0
8 : 0.5555555555555556 0.0
9 : 0.5833333333333334 0.11764705882352941
10 : 0.6388888888888888 0.3157894736842105
11 : 0.7222222222222222 0.5454545454545454
12 : 0.7222222222222222 0.6153846153846154
13 : 0.75 0.7567567567567568
14 : 0.4444444444444444 0.6153846153846154
15 : 0.4444444444444444 0.6153846153846154
16 : 0.4444444444444444 0.6153846153846154
17 : 0.4444444444444444 0.6153846153846154
18 : 0.4444444444444444 0.6153846153846154
19 : 0.4444444444444444 0.6153846153846154
