K = 5
(7.0,23.0)	(7.000,22.000)	1.0
(10.0,5.0)	(7.014,4.000)	3.148643770322663
(11.0,17.0)	(5.000,16.000)	6.082762530298219
(9.0,18.0)	(8.197,12.394)	5.662746448201199
(4.0,8.0)	(8.522,20.672)	13.454850853799176
(15.0,14.0)	(12.281,12.906)	2.9304696957644376

K = 10
(7.0,23.0)	(7.000,22.000)	1.0
(10.0,5.0)	(7.014,4.000)	3.148643770322663
(11.0,17.0)	(5.000,16.000)	6.082762530298219
(9.0,18.0)	(11.000,16.000)	2.8284271247461903
(4.0,8.0)	(6.177,15.858)	8.154348396920792
(15.0,14.0)	(12.281,12.906)	2.9304696957644376

K = 15
(7.0,23.0)	(7.000,22.000)	1.0
(10.0,5.0)	(7.014,4.000)	3.148643770322663
(11.0,17.0)	(5.000,16.000)	6.082762530298219
(9.0,18.0)	(5.000,16.000)	4.47213595499958
(4.0,8.0)	(6.177,15.858)	8.154348396920792
(15.0,14.0)	(12.281,12.906)	2.9304696957644376

K = 20
(7.0,23.0)	(7.000,22.000)	1.0
(10.0,5.0)	(0.000,0.000)	11.180339887498949
(11.0,17.0)	(5.000,16.000)	6.082762530298219
(9.0,18.0)	(8.197,12.394)	5.662746448201199
(4.0,8.0)	(6.177,15.858)	8.154348396920792
(15.0,14.0)	(12.281,12.906)	2.9304696957644376

K = 25
(7.0,23.0)	(7.000,22.000)	1.0
(10.0,5.0)	(6.000,4.000)	4.123105625617661
(11.0,17.0)	(5.000,16.000)	6.082762530298219
(9.0,18.0)	(0.000,0.000)	20.12461179749811
(4.0,8.0)	(6.177,15.858)	8.154348396920792
(15.0,14.0)	(15.000,12.000)	2.0

K = 30
(7.0,23.0)	(7.000,22.000)	1.0
(10.0,5.0)	(12.000,6.000)	2.23606797749979
(11.0,17.0)	(5.000,17.845)	6.059240213677771
(9.0,18.0)	(3.000,22.000)	7.211102550927978
(4.0,8.0)	(6.177,15.858)	8.154348396920792
(15.0,14.0)	(15.000,12.000)	2.0

K = 35
(7.0,23.0)	(7.000,22.000)	1.0
(10.0,5.0)	(0.000,0.000)	11.180339887498949
(11.0,17.0)	(8.581,17.901)	2.58124107605864
(9.0,18.0)	(7.000,10.000)	8.246211251235321
(4.0,8.0)	(5.316,16.980)	9.076379347846423
(15.0,14.0)	(12.281,12.906)	2.9304696957644376

K = 40
(7.0,23.0)	(5.504,20.240)	3.139458178243243
(10.0,5.0)	(0.000,0.000)	11.180339887498949
(11.0,17.0)	(5.000,16.000)	6.082762530298219
(9.0,18.0)	(7.000,10.000)	8.246211251235321
(4.0,8.0)	(6.177,15.858)	8.154348396920792
(15.0,14.0)	(15.000,12.000)	2.0



5	(7.0,23.0)	(7.000,22.000)	1.0
10	(7.0,23.0)	(7.000,22.000)	1.0
15	(7.0,23.0)	(7.000,22.000)	1.0
20	(7.0,23.0)	(7.000,22.000)	1.0
25	(7.0,23.0)	(7.000,22.000)	1.0
30	(7.0,23.0)	(7.000,22.000)	1.0
35	(7.0,23.0)	(7.000,22.000)	1.0
40	(7.0,23.0)	(5.504,20.240)	3.139458178243243
The best one:
5	(7.0,23.0)	(7.000,22.000)	1.0

5	(10.0,5.0)	(7.014,4.000)	3.148643770322663
10	(10.0,5.0)	(7.014,4.000)	3.148643770322663
15	(10.0,5.0)	(7.014,4.000)	3.148643770322663
20	(10.0,5.0)	(0.000,0.000)	11.180339887498949
25	(10.0,5.0)	(6.000,4.000)	4.123105625617661
30	(10.0,5.0)	(12.000,6.000)	2.23606797749979
35	(10.0,5.0)	(0.000,0.000)	11.180339887498949
40	(10.0,5.0)	(0.000,0.000)	11.180339887498949
The best one:
30	(10.0,5.0)	(12.000,6.000)	2.23606797749979

5	(11.0,17.0)	(5.000,16.000)	6.082762530298219
10	(11.0,17.0)	(5.000,16.000)	6.082762530298219
15	(11.0,17.0)	(5.000,16.000)	6.082762530298219
20	(11.0,17.0)	(5.000,16.000)	6.082762530298219
25	(11.0,17.0)	(5.000,16.000)	6.082762530298219
30	(11.0,17.0)	(5.000,17.845)	6.059240213677771
35	(11.0,17.0)	(8.581,17.901)	2.58124107605864
40	(11.0,17.0)	(5.000,16.000)	6.082762530298219
The best one:
35	(11.0,17.0)	(8.581,17.901)	2.58124107605864

5	(9.0,18.0)	(8.197,12.394)	5.662746448201199
10	(9.0,18.0)	(11.000,16.000)	2.8284271247461903
15	(9.0,18.0)	(5.000,16.000)	4.47213595499958
20	(9.0,18.0)	(8.197,12.394)	5.662746448201199
25	(9.0,18.0)	(0.000,0.000)	20.12461179749811
30	(9.0,18.0)	(3.000,22.000)	7.211102550927978
35	(9.0,18.0)	(7.000,10.000)	8.246211251235321
40	(9.0,18.0)	(7.000,10.000)	8.246211251235321
The best one:
10	(9.0,18.0)	(11.000,16.000)	2.8284271247461903

5	(4.0,8.0)	(8.522,20.672)	13.454850853799176
10	(4.0,8.0)	(6.177,15.858)	8.154348396920792
15	(4.0,8.0)	(6.177,15.858)	8.154348396920792
20	(4.0,8.0)	(6.177,15.858)	8.154348396920792
25	(4.0,8.0)	(6.177,15.858)	8.154348396920792
30	(4.0,8.0)	(6.177,15.858)	8.154348396920792
35	(4.0,8.0)	(5.316,16.980)	9.076379347846423
40	(4.0,8.0)	(6.177,15.858)	8.154348396920792
The best one:
10	(4.0,8.0)	(6.177,15.858)	8.154348396920792

5	(15.0,14.0)	(12.281,12.906)	2.9304696957644376
10	(15.0,14.0)	(12.281,12.906)	2.9304696957644376
15	(15.0,14.0)	(12.281,12.906)	2.9304696957644376
20	(15.0,14.0)	(12.281,12.906)	2.9304696957644376
25	(15.0,14.0)	(15.000,12.000)	2.0
30	(15.0,14.0)	(15.000,12.000)	2.0
35	(15.0,14.0)	(12.281,12.906)	2.9304696957644376
40	(15.0,14.0)	(15.000,12.000)	2.0
The best one:
25	(15.0,14.0)	(15.000,12.000)	2.0

