Based on 1 mobile phone:
Actual Position		Test Postion				RMSE£¨¾ù·½¸ùÎó²î£©
(3.115,10.235)		(3.2023999076538594,9.615200184692277)		0.6259317494051486
(4.45,2.225)		(1.78,0.89)					2.9851507499622194
(4.8950000000000005,7.565)	(2.225,9.790000000000001)			3.475561105778462

(4.005,8.01)		(5.356788167559403,5.954713621577639)		2.459986452662313
(1.78,3.56)			(3.0857684018838825,10.70923159811612)		7.267499127131722
(6.675,6.23)		(4.860623451750005,7.94124690350001)		2.494058584632273


Based on 4 mobile phones:
Actual Position		Test Postion				RMSE
(3.115,10.235)		(3.115,9.790000000000001)			0.4449999999999985
(4.45,2.225)		(3.121396804070768,1.78)			1.4011464777935851
(4.8950000000000005,7.565)	(2.225,7.12)				2.7068293259827083

(4.005,8.01)		(2.225,7.12)				1.9901004999748124
(1.78,3.56)			(2.74878566982693,7.0569714641384556)		3.6286850366297525
(6.675,6.23)		(5.4651787432184245,5.743273752260526)		1.304059014615174
