K = 5
(8.0,8.0)	(3.000,4.790)	5.941609890667964
(4.0,24.0)	(1.845,26.000)	2.9401370669586733
(14.0,22.0)	(15.000,24.000)	2.23606797749979
(14.0,14.0)	(15.817,11.918)	2.763308131948259
(6.0,14.0)	(5.000,16.964)	3.1279397655009324
(2.0,2.0)	(17.981,4.000)	16.106153121231944

K = 10
(8.0,8.0)	(4.539,4.919)	4.634332838085889
(4.0,24.0)	(1.845,26.000)	2.9401370669586733
(14.0,22.0)	(15.000,24.000)	2.23606797749979
(14.0,14.0)	(19.000,11.093)	5.783488686194647
(6.0,14.0)	(5.000,16.964)	3.1279397655009324
(2.0,2.0)	(7.000,8.000)	7.810249675906654

K = 15
(8.0,8.0)	(4.012,5.602)	4.653052215092586
(4.0,24.0)	(1.845,26.000)	2.9401370669586733
(14.0,22.0)	(15.000,24.000)	2.23606797749979
(14.0,14.0)	(19.000,11.093)	5.783488686194647
(6.0,14.0)	(5.000,16.964)	3.1279397655009324
(2.0,2.0)	(11.994,2.994)	10.0436466603984

K = 20
(8.0,8.0)	(4.539,4.919)	4.634332838085889
(4.0,24.0)	(1.845,26.000)	2.9401370669586733
(14.0,22.0)	(15.000,24.000)	2.23606797749979
(14.0,14.0)	(19.000,11.093)	5.783488686194647
(6.0,14.0)	(5.000,16.964)	3.1279397655009324
(2.0,2.0)	(7.000,8.000)	7.810249675906654

K = 25
(8.0,8.0)	(3.000,4.000)	6.4031242374328485
(4.0,24.0)	(1.845,26.000)	2.9401370669586733
(14.0,22.0)	(15.000,24.000)	2.23606797749979
(14.0,14.0)	(14.052,12.983)	1.0187526926345158
(6.0,14.0)	(5.000,16.964)	3.1279397655009324
(2.0,2.0)	(0.000,0.000)	2.8284271247461903

K = 30
(8.0,8.0)	(3.000,2.000)	7.810249675906654
(4.0,24.0)	(1.845,26.000)	2.9401370669586733
(14.0,22.0)	(15.000,24.000)	2.23606797749979
(14.0,14.0)	(19.000,10.000)	6.4031242374328485
(6.0,14.0)	(5.000,16.964)	3.1279397655009324
(2.0,2.0)	(17.000,4.000)	15.132745950421556

K = 35
(8.0,8.0)	(3.000,4.000)	6.4031242374328485
(4.0,24.0)	(1.845,26.000)	2.9401370669586733
(14.0,22.0)	(15.000,24.000)	2.23606797749979
(14.0,14.0)	(19.000,10.000)	6.4031242374328485
(6.0,14.0)	(5.000,16.964)	3.1279397655009324
(2.0,2.0)	(7.000,8.000)	7.810249675906654

K = 40
(8.0,8.0)	(3.000,4.000)	6.4031242374328485
(4.0,24.0)	(1.845,26.000)	2.9401370669586733
(14.0,22.0)	(15.000,24.000)	2.23606797749979
(14.0,14.0)	(7.601,14.589)	6.426258136258965
(6.0,14.0)	(5.000,16.964)	3.1279397655009324
(2.0,2.0)	(7.000,8.000)	7.810249675906654


5	(8.0,8.0)	(3.000,4.790)	5.941609890667964
10	(8.0,8.0)	(4.539,4.919)	4.634332838085889
15	(8.0,8.0)	(4.012,5.602)	4.653052215092586
20	(8.0,8.0)	(4.539,4.919)	4.634332838085889
25	(8.0,8.0)	(3.000,4.000)	6.4031242374328485
30	(8.0,8.0)	(3.000,2.000)	7.810249675906654
35	(8.0,8.0)	(3.000,4.000)	6.4031242374328485
40	(8.0,8.0)	(3.000,4.000)	6.4031242374328485
The best one:
10	(8.0,8.0)	(4.539,4.919)	4.634332838085889

5	(4.0,24.0)	(1.845,26.000)	2.9401370669586733
10	(4.0,24.0)	(1.845,26.000)	2.9401370669586733
15	(4.0,24.0)	(1.845,26.000)	2.9401370669586733
20	(4.0,24.0)	(1.845,26.000)	2.9401370669586733
25	(4.0,24.0)	(1.845,26.000)	2.9401370669586733
30	(4.0,24.0)	(1.845,26.000)	2.9401370669586733
35	(4.0,24.0)	(1.845,26.000)	2.9401370669586733
40	(4.0,24.0)	(1.845,26.000)	2.9401370669586733
The best one:
5	(4.0,24.0)	(1.845,26.000)	2.9401370669586733

5	(14.0,22.0)	(15.000,24.000)	2.23606797749979
10	(14.0,22.0)	(15.000,24.000)	2.23606797749979
15	(14.0,22.0)	(15.000,24.000)	2.23606797749979
20	(14.0,22.0)	(15.000,24.000)	2.23606797749979
25	(14.0,22.0)	(15.000,24.000)	2.23606797749979
30	(14.0,22.0)	(15.000,24.000)	2.23606797749979
35	(14.0,22.0)	(15.000,24.000)	2.23606797749979
40	(14.0,22.0)	(15.000,24.000)	2.23606797749979
The best one:
5	(14.0,22.0)	(15.000,24.000)	2.23606797749979

5	(14.0,14.0)	(15.817,11.918)	2.763308131948259
10	(14.0,14.0)	(19.000,11.093)	5.783488686194647
15	(14.0,14.0)	(19.000,11.093)	5.783488686194647
20	(14.0,14.0)	(19.000,11.093)	5.783488686194647
25	(14.0,14.0)	(14.052,12.983)	1.0187526926345158
30	(14.0,14.0)	(19.000,10.000)	6.4031242374328485
35	(14.0,14.0)	(19.000,10.000)	6.4031242374328485
40	(14.0,14.0)	(7.601,14.589)	6.426258136258965
The best one:
25	(14.0,14.0)	(14.052,12.983)	1.0187526926345158

5	(6.0,14.0)	(5.000,16.964)	3.1279397655009324
10	(6.0,14.0)	(5.000,16.964)	3.1279397655009324
15	(6.0,14.0)	(5.000,16.964)	3.1279397655009324
20	(6.0,14.0)	(5.000,16.964)	3.1279397655009324
25	(6.0,14.0)	(5.000,16.964)	3.1279397655009324
30	(6.0,14.0)	(5.000,16.964)	3.1279397655009324
35	(6.0,14.0)	(5.000,16.964)	3.1279397655009324
40	(6.0,14.0)	(5.000,16.964)	3.1279397655009324
The best one:
5	(6.0,14.0)	(5.000,16.964)	3.1279397655009324

5	(2.0,2.0)	(17.981,4.000)	16.106153121231944
10	(2.0,2.0)	(7.000,8.000)	7.810249675906654
15	(2.0,2.0)	(11.994,2.994)	10.0436466603984
20	(2.0,2.0)	(7.000,8.000)	7.810249675906654
25	(2.0,2.0)	(0.000,0.000)	2.8284271247461903
30	(2.0,2.0)	(17.000,4.000)	15.132745950421556
35	(2.0,2.0)	(7.000,8.000)	7.810249675906654
40	(2.0,2.0)	(7.000,8.000)	7.810249675906654
The best one:
25	(2.0,2.0)	(0.000,0.000)	2.8284271247461903
