10014300 10014200
10045600 10050200
10054101 10054100
10064800 10064801
10080101 10075700
10170400 10170700
10251101 10251300 10244601
10245500 10245600
10260900 10260200 10255300
10271200 10271000
10271400 10270500 10265300
10305700 10310000
10312700 10312900 10312800
10314801 10314700
10331900 10331800
10340100 10340800
10392400 10395000 10395100
10394302 10394300
10442401 10442100 10441900 10442302
10442300 10443700
10453600 10454600
10485100 10485400 10485300
10522700 10514200
10523700 10523601
10550400 10545500
10562700 10564700
10560700 10560800
10561301 10561101 10561300 10561800 10561801 10561100 10561302
10562901 10564400
10574900 10575000
10585900 10585601
11594200 11592800
12001901 12002200
12020800 12012200
12015900 12015800
12004401 12014401
12021200 12021400
12023301 12023300
12031700 12033300
12032100 12033500
12031100 12031000
12042000 12041501
12060501 12055700
12064100 12062500 12062300 12063401
12065400 12065500
12071501 12070000
12083400 12084201
12081600 12094500
12101500 12101300
12095200 12095300 12095400
12102000 12102100
12104001
12101800 12110102 12110000
12120600 12120800
12121000 12123301
12130400 12130600
12123001 12124500
12150201 12150100
12150101 12150002
12153700 12153600 12154000 12153401
12161500 12161401
12162600 12163401
12170700 12170900
12171801 12172300
12165100 12164901
12173901 12172800 12174100
12190701 12190702
12191901 12191200 12184200 12190900
12191400 12191701
12192402
12192703 12192602
12193001 12193601
12192601 12191402
12192705 12192902
12194101 12185100
12192201 12192401
12195301 12195300 12195500 12195901
12195701 12185700
12201700 12201500
12210901 12210801
12210202 12210501 12205900
12213302 12214300
12215501 12220000
12221401 12221100
12221301 12221102
12203400 12214100
12222000 12223401 12221700
12224300 12224200 12224100 12223800
12230600 12215101
12231300 12232300
12235701 12235600
12231800 12232700
12234800 12242900
12243700 12243800
12244300 12244900
12270501 12270301
12283601 12283200 12283400
12274100 12275202 12275800
12290800 12290700
12295700 12295800
12292400 12295100 12295201
12312000 12311400 12305701 12310400
12315101 12315200
12323102 12323100
12322401 12321700
12334401 12334300
12335501 12335401
12344900 12343600 12341100
12342300 12342301 12342400
12350400
12352001 12350000 12352600
12351701 12351800
12352302 12355600
12353301 12354101
12370800 12370600 12370401 12371200
12371600 12371700
12370901 12373900
12375701 12380000
12382400 12381600 12381800
12383202
12383702 12385000 12380100
12391000 12384100
12381900 12391300
12390800 12390000
12390801 12382300
12391301 12390900
12393101 12393300
12300502 12394100 12394500
12403900 12403700
12391102
12410901 12410200
12414200 12421400
12421001 12421401
12421600 12421202 12421701
12430900 12431000 12424900
12432500 12433200
12434401 12431702
12434701 12432900
12430301 12433800 12432600 12433000
12441700 12441601
12450200 12450701
12454200 12452200
12453000 12452500
12462000 12462102
12460300 12460200
12473800 12473300
12472800 12472801
12475600 12475801 12401100
12480001 12480601 12480900 12475700
12482301 12483200
12484400 12484700
12490300 12491300 12484101
12492001 12491301
12492701 12492301
12492702
12495601 12494800
12494700 12501500
12494903 12500500
12500101 12500100
12504400 12485900
12503400 12502701
12511901
12505300 12510601 12505500
12512001 12512201
12523300 12514901
12523900 12523600
12535000 12535400 12534600 12535002
12533500 12533600


12540000 12540100
12543500 12541300
12545300 12543201
12543700 12544700
12550501 12544900 12550500
12551900 12551001
12554500 12554200
12554700 12554900
12560902 12554300
12571500 12570900
12570502 12564701
12570904 12570902
12573001 12572800
12581400 12582202
12582400 12582201 12582401
12582500 12582800
12590200 12585900
12590600 12591100
14593800 14592400
15005600 15005700
15020700 15013200 15015201
15014500 15014600
15020100 15015701
15030200
15031900 15032100
15031902 15031901
15055200 15055100
15063500 15063600 15063603
15075900 15083100
15075800 15081001
15080700 15090200
15100300 15095101
15141500 15141200
15102200 15155500
15173300 15173400
15190100 15184400
15191702 15191701
15195001 15194900
15195400 15200700 15195200
15212400 15212500
15215300 15215100
15212000 15211700 15211600
15221400 15222001
15232600 15232500
15245100
15264801 15264900 15264901
15271700 15264000
15272701 15262900
15282501 15282600 15282500
15290600 15290200
15302900 15303200
15311300 15311500
15312501 15312000
15303300 15302000 15302601 15313500
15334600 15331800
15332101 15331100
15334300 15333300
15350500 15355900
15362800
15363200 15341801 15361500 15360000
15355501 15343700
15360200 15364900
15365601 15364200
15370501 15370500
15390800 15390500
15393400 15393200 15393100
15392700 15392501
15394300 15394400
15401000 15400900 15401300
15403300 15403801
15155501 15403100
15413300
15413801 15413901
15412800 15410501
15415201 15415200 15415100 15415000
15415800 15415500
15421400 15424300
15425701 15425800
15435500 15435600 15435601
15444500 15444002 15441901
15452400 15443601
15463600 15463800
15470000 15470500 15470100
15481800 15481300
15480500 15480900
15483400 15483301
15485600 15490000
15485300 15485400
15495600 15495900
15500400 15440201
15524200 15524100
15535200 15540000
15534500 15542100
15540201 15541101
15542500 15542600
15545900 15545200
15552400 15540100
15563100
15573200 15573201
15573900 15573901
15574300 15574301 15574400
15584700 15485401
18592600 18592300
19003300 19003200
19013600 18573400
19014600
19040700 19032600 19031301 19032900
19031400 19031300
19073100 19073101
19091100 19090901
19091000 19090902
19101000 19101001 19100701 19101900
19104900 19103900
19110801 19110900
19114700 19114500
19115400 19113300
19140900 19140901
19152401 19152400
19172900 19172801
19211200 19210800
19215500 19220300
19222600 19222801
19224000 19223800
19233300 19233500
19253402 19253400
19261300 19261200
19261800 19261900
19265200 19265300
19274501 19274500
19311900 19311800
19314601 19314800
19323502 19323501
19340001 19344100
19383700 19383800 19384200
19394801 19394900 19402501
19404400 19404600
19404900 19405501
19412500 19411800
19433200 19433400
19435400 19435600
19435101 19440000 19435200
19431501 19431100 19431900 19432601 19432800 19431301 19441101
19443000 19443300
19445400 19445200 19445100
19460601 19460602 19454300 19455100
19471200 19471500 19471400
19472400 19472600
19492800 19492300
19501000 19501200
19510800
19512800 19512701 19515600
19522100 19520800 19520700
19524601 19524700
19531501 19530500
19524500 19525001
19560500 19555800 19520400
19563000 19563100
19570900 19565700
19590000 19585901
19583100 19582700
19593700 19592800
