threshold=0.0
0(0) 0(0) 0(3) 0(0) 0(28) 0(0) 0(26) 0(0) 0(0) 
0(0) 0(3) 0(0) 0(28) 0(0) 0(26) 0(0) 0(0) 
0(3) 0(0) 0(28) 0(0) 0(26) 0(0) 0(0) 
0(3) 0(29) 0(3) 0(29) 0(3) 0(3) 
0(28) 0(0) 0(26) 0(0) 0(0) 
0(28) 0(44) 0(28) 0(28) 
0(26) 0(0) 0(0) 
0(26) 0(26) 
0(0) 

0.8222222222222222
precise=0.20582847403782475
recall=0.0
F1score=0.0

threshold=0.0001
0(14) 0(3) 0(13) 0(6) 0(34) 0(15) 0(33) 0(12) 0(5) 
0(6) 0(15) 0(3) 0(45) 0(4) 0(27) 0(13) 0(13) 
0(8) 0(13) 0(29) 0(3) 0(34) 0(4) 0(1) 
0(3) 0(38) 0(9) 0(34) 0(12) 0(8) 
0(28) 0(8) 0(33) 0(4) 0(7) 
0(32) 0(45) 0(42) 0(31) 
0(31) 0(8) 0(9) 
0(28) 0(28) 
0(9) 

0.8222222222222222
precise=0.20582847403782475
recall=0.0
F1score=0.0

threshold=0.0002
0(22) 0(6) 0(18) 0(10) 0(40) 0(24) 0(34) 0(17) 0(7) 
0(7) 0(17) 0(3) 0(51) 0(8) 0(28) 0(17) 0(17) 
0(8) 0(18) 0(29) 0(4) 0(37) 0(7) 0(2) 
0(4) 0(45) 0(14) 0(34) 0(19) 0(10) 
0(28) 0(9) 0(33) 0(5) 0(10) 
0(36) 0(45) 0(50) 0(32) 
0(31) 0(11) 0(11) 
0(31) 0(28) 
0(10) 

0.8222222222222222
precise=0.20582847403782475
recall=0.0
F1score=0.0

threshold=0.00030000000000000003
0(23) 0(7) 0(21) 0(11) 0(41) 0(29) 0(36) 0(21) 0(8) 
0(7) 0(25) 0(3) 0(57) 0(8) 0(29) 0(21) 0(22) 
0(8) 0(22) 0(31) 0(4) 0(38) 0(7) 0(2) 
0(5) 0(49) 0(18) 0(35) 0(24) 0(12) 
0(28) 0(12) 0(34) 0(6) 0(11) 
0(39) 0(45) 0(54) 0(36) 
0(34) 0(15) 0(15) 
0(32) 0(30) 
0(11) 

0.8222222222222222
precise=0.20582847403782475
recall=0.0
F1score=0.0

threshold=0.0004
0(23) 0(10) 0(21) 0(15) 0(41) 0(30) 0(36) 0(24) 0(9) 
0(7) 0(30) 0(4) 0(62) 0(10) 0(29) 0(24) 0(25) 
0(8) 0(24) 0(32) 0(6) 0(38) 0(7) 0(2) 
0(5) 0(54) 0(21) 0(37) 0(29) 0(14) 
0(28) 0(15) 0(34) 0(8) 0(12) 
0(41) 0(45) 0(57) 0(37) 
0(35) 0(16) 0(17) 
0(33) 0(34) 
0(11) 

0.8222222222222222
precise=0.20582847403782475
recall=0.0
F1score=0.0

threshold=0.0005
0(24) 0(10) 0(23) 0(16) 0(43) 0(34) 0(36) 0(26) 0(10) 
0(7) 0(36) 0(5) 0(64) 0(11) 0(30) 0(28) 0(26) 
0(10) 0(28) 0(32) 0(8) 0(38) 0(8) 0(2) 
0(5) 0(59) 0(23) 0(37) 0(31) 0(16) 
0(29) 0(15) 0(35) 0(9) 0(14) 
0(43) 0(45) 0(59) 0(38) 
0(36) 0(19) 0(20) 
0(33) 0(35) 
0(12) 

0.8222222222222222
precise=0.20582847403782475
recall=0.0
F1score=0.0

threshold=0.0006000000000000001
0(25) 0(11) 0(23) 0(17) 0(46) 0(38) 0(36) 0(32) 0(12) 
0(9) 0(39) 0(5) 0(67) 0(11) 0(31) 0(33) 0(33) 
0(10) 0(30) 0(33) 0(9) 0(38) 0(8) 0(2) 
0(6) 0(61) 0(25) 0(38) 0(34) 0(18) 
0(30) 0(17) 0(35) 0(9) 0(16) 
0(45) 0(45) 0(64) 0(39) 
0(38) 0(22) 0(21) 
0(33) 0(37) 
0(13) 

0.8222222222222222
precise=0.20582847403782475
recall=0.0
F1score=0.0

threshold=0.0007000000000000001
0(28) 0(11) 0(23) 0(18) 0(49) 0(39) 0(37) 0(37) 0(12) 
0(10) 0(41) 0(7) 0(67) 0(11) 0(31) 0(38) 0(34) 
0(12) 0(32) 0(33) 0(10) 0(39) 0(12) 0(5) 
0(6) 0(64) 0(27) 0(38) 0(36) 0(19) 
0(30) 0(18) 0(36) 0(11) 0(18) 
0(49) 0(45) 0(66) 0(41) 
0(39) 0(26) 0(23) 
0(34) 0(38) 
0(17) 

0.8222222222222222
precise=0.20582847403782475
recall=0.0
F1score=0.0

threshold=0.0008000000000000001
0(29) 0(14) 0(26) 0(18) 0(51) 0(41) 0(37) 0(37) 0(13) 
0(10) 0(43) 0(7) 0(69) 0(13) 0(31) 0(41) 0(36) 
0(14) 0(32) 0(33) 0(11) 0(39) 0(13) 0(5) 
0(6) 0(65) 0(27) 0(38) 0(39) 0(19) 
0(30) 0(19) 0(37) 0(12) 0(18) 
0(50) 0(45) 0(67) 0(43) 
0(41) 0(27) 0(26) 
0(34) 0(41) 
0(21) 

0.8222222222222222
precise=0.20582847403782475
recall=0.0
F1score=0.0

threshold=0.0009000000000000002
0(29) 0(14) 0(27) 0(20) 0(55) 0(44) 0(39) 0(40) 0(14) 
0(12) 0(43) 0(7) 0(72) 0(15) 0(31) 0(43) 0(37) 
0(15) 0(35) 0(33) 0(11) 0(39) 0(14) 0(7) 
0(6) 0(68) 0(29) 0(38) 0(39) 0(20) 
0(30) 0(20) 0(37) 0(12) 0(19) 
0(51) 0(45) 0(70) 0(43) 
0(42) 0(29) 0(26) 
0(34) 0(41) 
0(23) 

0.8222222222222222
precise=0.20582847403782475
recall=0.0
F1score=0.0

threshold=0.0010000000000000002
0(29) 0(14) 0(30) 0(21) 0(57) 0(45) 0(41) 0(43) 0(14) 
0(13) 0(47) 0(7) 0(74) 0(17) 0(31) 0(44) 0(38) 
0(16) 0(39) 0(33) 0(13) 0(39) 0(14) 0(8) 
0(6) 0(68) 0(29) 0(39) 0(40) 0(21) 
0(30) 0(21) 0(38) 0(12) 0(21) 
0(51) 0(45) 0(70) 0(44) 
0(43) 0(32) 0(26) 
0(34) 0(45) 
0(23) 

0.8222222222222222
precise=0.20582847403782475
recall=0.0
F1score=0.0

threshold=0.0011000000000000003
0(30) 0(15) 0(32) 0(21) 0(58) 0(48) 0(41) 0(46) 0(14) 
0(13) 0(47) 0(7) 0(76) 0(18) 0(32) 0(49) 0(39) 
0(16) 0(39) 0(34) 0(14) 0(40) 0(15) 0(9) 
0(8) 0(68) 0(29) 0(40) 0(41) 0(21) 
0(30) 0(23) 0(38) 0(12) 0(22) 
0(54) 0(45) 0(73) 0(45) 
0(43) 0(34) 0(26) 
0(34) 0(47) 
0(24) 

0.8222222222222222
precise=0.20582847403782475
recall=0.0
F1score=0.0

threshold=0.0012000000000000003
0(32) 0(15) 0(34) 0(22) 0(59) 0(48) 0(41) 0(49) 0(14) 
0(13) 0(48) 0(7) 0(77) 0(21) 0(32) 0(50) 0(42) 
0(16) 0(39) 0(36) 0(14) 0(40) 0(15) 0(10) 
0(8) 0(71) 0(29) 0(42) 0(41) 0(21) 
0(30) 0(24) 0(38) 0(13) 0(22) 
0(55) 0(46) 0(75) 0(46) 
0(43) 0(35) 0(28) 
0(35) 0(48) 
0(26) 

0.8222222222222222
precise=0.20582847403782475
recall=0.0
F1score=0.0

threshold=0.0013000000000000004
0(33) 0(15) 0(36) 0(22) 0(60) 0(50) 0(42) 0(50) 0(15) 
0(13) 0(48) 0(7) 0(78) 0(22) 0(32) 0(53) 0(42) 
0(16) 0(40) 0(36) 0(14) 0(41) 0(17) 0(11) 
0(8) 0(71) 0(30) 0(42) 0(43) 0(22) 
0(30) 0(25) 0(40) 0(13) 0(23) 
0(58) 0(46) 0(75) 0(46) 
0(43) 0(37) 0(29) 
0(36) 0(48) 
0(29) 

0.8222222222222222
precise=0.20582847403782475
recall=0.0
F1score=0.0

threshold=0.0014000000000000004
0(35) 0(15) 0(36) 0(23) 0(62) 0(51) 0(42) 0(50) 0(15) 
0(13) 0(51) 0(7) 0(78) 0(25) 0(32) 0(54) 0(43) 
0(16) 0(42) 0(36) 0(16) 0(41) 0(19) 0(13) 
0(8) 0(73) 0(31) 0(44) 0(45) 0(23) 
0(31) 0(25) 0(40) 0(13) 0(23) 
0(58) 0(46) 0(75) 0(47) 
0(43) 0(37) 0(32) 
0(38) 0(48) 
0(30) 

0.8222222222222222
precise=0.20582847403782475
recall=0.0
F1score=0.0

threshold=0.0015000000000000005
0(35) 0(15) 0(37) 0(23) 0(63) 0(51) 0(43) 0(51) 0(16) 
0(14) 0(55) 0(8) 0(79) 0(26) 0(32) 0(58) 0(44) 
0(16) 0(42) 0(36) 0(16) 0(42) 0(20) 0(14) 
0(10) 0(74) 0(31) 0(44) 0(47) 0(23) 
0(31) 0(26) 0(41) 0(14) 0(23) 
0(60) 0(46) 0(77) 0(47) 
0(43) 0(37) 0(33) 
0(38) 0(48) 
0(34) 

0.8222222222222222
precise=0.20582847403782475
recall=0.0
F1score=0.0

threshold=0.0016000000000000005
0(36) 0(17) 0(37) 0(24) 0(64) 0(51) 0(44) 0(55) 0(17) 
0(14) 0(55) 0(8) 0(79) 0(28) 0(32) 0(58) 0(45) 
0(16) 0(42) 0(36) 0(16) 0(43) 0(20) 0(16) 
0(10) 0(74) 0(33) 0(44) 0(48) 0(25) 
0(31) 0(26) 0(41) 0(15) 0(23) 
0(62) 0(47) 0(78) 0(47) 
0(44) 0(37) 0(34) 
0(38) 0(48) 
0(37) 

0.8222222222222222
precise=0.20582847403782475
recall=0.0
F1score=0.0

threshold=0.0017000000000000006
0(36) 0(17) 0(38) 0(24) 0(65) 0(51) 0(44) 0(56) 0(18) 
0(14) 0(56) 0(8) 0(79) 0(29) 0(32) 0(59) 0(46) 
0(18) 0(43) 0(36) 0(17) 0(43) 0(20) 0(16) 
0(11) 0(78) 0(33) 0(44) 0(48) 0(27) 
0(32) 0(27) 0(42) 0(16) 0(23) 
0(63) 0(48) 0(80) 0(48) 
0(45) 0(38) 0(37) 
0(38) 0(48) 
0(39) 

0.8222222222222222
precise=0.20582847403782475
recall=0.0
F1score=0.0

threshold=0.0018000000000000006
0(36) 0(18) 0(38) 0(26) 0(67) 0(51) 0(44) 0(59) 0(19) 
0(14) 0(57) 0(8) 0(80) 0(29) 0(32) 0(61) 0(47) 
0(20) 0(43) 0(36) 0(19) 0(43) 0(21) 0(16) 
0(12) 0(78) 0(33) 0(44) 0(50) 0(29) 
0(32) 0(29) 0(43) 0(16) 0(24) 
0(65) 0(48) 0(81) 0(48) 
0(45) 0(39) 0(37) 
0(39) 0(48) 
0(40) 

0.8222222222222222
precise=0.20582847403782475
recall=0.0
F1score=0.0

threshold=0.0019000000000000006
0(37) 0(19) 0(38) 0(26) 0(69) 0(53) 0(44) 0(60) 0(22) 
0(14) 0(58) 0(8) 0(81) 0(30) 0(34) 0(61) 0(49) 
0(20) 0(43) 0(36) 0(19) 0(43) 0(21) 0(17) 
0(13) 0(78) 0(33) 0(45) 0(52) 0(30) 
0(32) 0(30) 0(43) 0(16) 0(26) 
0(69) 0(48) 0(81) 0(49) 
0(45) 0(41) 0(39) 
0(40) 0(48) 
0(42) 

0.8222222222222222
precise=0.20582847403782475
recall=0.0
F1score=0.0

threshold=0.0020000000000000005
0(38) 0(19) 0(38) 0(29) 0(69) 0(53) 0(44) 0(62) 0(24) 
0(15) 0(58) 0(8) 0(81) 0(31) 0(34) 0(62) 0(49) 
0(21) 0(44) 0(36) 0(19) 0(43) 0(21) 0(17) 
0(13) 0(79) 0(36) 0(45) 0(52) 0(30) 
0(32) 0(32) 0(43) 0(16) 0(27) 
0(69) 0(48) 0(81) 0(50) 
0(45) 0(41) 0(40) 
0(41) 0(49) 
0(44) 

0.8222222222222222
precise=0.20582847403782475
recall=0.0
F1score=0.0

threshold=0.0021000000000000003
0(39) 0(19) 0(38) 0(29) 0(70) 0(53) 0(44) 0(63) 0(26) 
0(15) 0(58) 0(8) 0(82) 0(34) 0(35) 0(63) 0(49) 
0(21) 0(45) 0(36) 0(19) 0(44) 0(21) 0(17) 
0(14) 0(79) 0(36) 0(45) 0(53) 0(31) 
0(32) 0(33) 0(45) 0(17) 0(27) 
0(72) 0(48) 0(81) 0(51) 
0(45) 0(43) 0(41) 
0(42) 0(50) 
0(45) 

0.8222222222222222
precise=0.20582847403782475
recall=0.0
F1score=0.0

threshold=0.0022
0(40) 0(20) 0(39) 0(30) 0(70) 0(55) 0(44) 0(65) 0(26) 
0(15) 0(59) 0(8) 0(84) 0(34) 0(35) 0(64) 0(49) 
0(21) 0(45) 0(36) 0(19) 0(44) 0(23) 0(19) 
0(15) 0(79) 0(37) 0(45) 0(54) 0(32) 
0(32) 0(34) 0(45) 0(17) 0(27) 
0(72) 0(48) 0(81) 0(52) 
0(45) 0(44) 0(41) 
0(44) 0(50) 
0(45) 

0.8222222222222222
precise=0.20582847403782475
recall=0.0
F1score=0.0

threshold=0.0023
0(41) 0(22) 0(40) 0(31) 0(71) 0(55) 0(44) 0(66) 0(26) 
0(16) 0(59) 0(8) 0(84) 0(35) 0(35) 0(66) 0(49) 
0(21) 0(46) 0(36) 0(20) 0(44) 0(23) 0(20) 
0(15) 0(80) 0(37) 0(45) 0(54) 0(35) 
0(32) 0(35) 0(46) 0(17) 0(27) 
0(72) 0(48) 0(81) 0(52) 
0(45) 0(44) 0(41) 
0(44) 0(50) 
0(46) 

0.8222222222222222
precise=0.20582847403782475
recall=0.0
F1score=0.0

threshold=0.0024
0(42) 0(23) 0(44) 0(31) 0(71) 0(57) 0(44) 0(67) 0(26) 
0(16) 0(59) 0(8) 0(84) 0(36) 0(35) 0(67) 0(51) 
0(23) 0(46) 0(36) 0(21) 0(45) 0(23) 0(21) 
0(16) 0(81) 0(38) 0(45) 0(55) 0(35) 
0(32) 0(35) 0(47) 0(17) 0(27) 
0(73) 0(48) 0(82) 0(52) 
0(45) 0(45) 0(42) 
0(44) 0(52) 
0(47) 

0.8222222222222222
precise=0.20582847403782475
recall=0.0
F1score=0.0

threshold=0.0024999999999999996
0(42) 0(24) 0(45) 0(33) 0(71) 0(58) 0(44) 0(67) 0(26) 
0(17) 0(60) 0(8) 0(85) 0(36) 0(35) 0(69) 0(53) 
0(23) 0(48) 0(36) 0(21) 0(45) 0(24) 0(21) 
0(17) 0(82) 0(39) 0(45) 0(55) 0(35) 
0(32) 0(35) 0(47) 0(17) 0(28) 
0(74) 0(48) 0(82) 0(53) 
0(45) 0(45) 0(43) 
0(44) 0(52) 
0(49) 

0.8222222222222222
precise=0.20582847403782475
recall=0.0
F1score=0.0

threshold=0.0025999999999999994
0(43) 0(24) 0(46) 0(33) 0(72) 0(58) 0(44) 0(69) 0(26) 
0(17) 0(63) 0(9) 0(85) 0(37) 0(35) 0(71) 0(54) 
0(23) 0(49) 0(36) 0(22) 0(45) 0(24) 0(21) 
0(17) 0(83) 0(40) 0(46) 0(57) 0(37) 
0(32) 0(36) 0(47) 0(17) 0(28) 
0(74) 0(50) 0(82) 0(53) 
0(46) 0(45) 0(43) 
0(44) 0(52) 
0(50) 

0.8222222222222222
precise=0.20582847403782475
recall=0.0
F1score=0.0

threshold=0.0026999999999999993
0(45) 0(24) 0(47) 0(33) 0(72) 0(58) 0(44) 0(69) 0(27) 
0(17) 0(63) 0(10) 0(86) 0(40) 0(35) 0(73) 0(54) 
0(23) 0(49) 0(36) 0(25) 0(45) 0(24) 0(21) 
0(17) 0(83) 0(40) 0(46) 0(58) 0(37) 
0(32) 0(37) 0(47) 0(17) 0(28) 
0(74) 0(50) 0(82) 0(54) 
0(47) 0(46) 0(43) 
0(47) 0(53) 
0(51) 

0.8222222222222222
precise=0.20582847403782475
recall=0.0
F1score=0.0

threshold=0.002799999999999999
0(46) 0(25) 0(48) 0(33) 0(72) 0(58) 0(44) 0(69) 0(27) 
0(17) 0(64) 0(13) 0(86) 0(40) 0(35) 0(74) 0(55) 
0(23) 0(49) 0(37) 0(25) 0(45) 0(26) 0(21) 
0(17) 0(83) 0(41) 0(46) 0(58) 0(38) 
0(32) 0(39) 0(47) 0(17) 0(30) 
0(74) 0(50) 0(83) 0(56) 
0(47) 0(48) 0(43) 
0(49) 0(54) 
0(53) 

0.8222222222222222
precise=0.20582847403782475
recall=0.0
F1score=0.0

threshold=0.002899999999999999
0(49) 0(25) 0(48) 0(33) 0(73) 0(58) 0(45) 0(71) 0(27) 
0(17) 0(65) 0(14) 0(86) 0(41) 0(35) 0(74) 0(55) 
0(23) 0(49) 0(38) 0(26) 0(45) 0(27) 0(23) 
0(17) 0(83) 0(42) 0(48) 0(59) 0(38) 
0(32) 0(40) 0(48) 0(17) 0(31) 
0(75) 0(51) 0(83) 0(56) 
0(48) 0(48) 0(43) 
0(49) 0(56) 
0(54) 

0.8222222222222222
precise=0.20582847403782475
recall=0.0
F1score=0.0

threshold=0.0029999999999999988
0(52) 0(26) 0(49) 0(34) 0(73) 0(59) 0(45) 0(72) 0(27) 
0(17) 0(65) 0(14) 0(86) 0(41) 0(35) 0(74) 0(58) 
0(24) 0(50) 0(38) 0(26) 0(45) 0(27) 0(23) 
0(17) 0(83) 0(43) 0(48) 0(59) 0(38) 
0(32) 0(40) 0(48) 0(17) 0(31) 
0(75) 0(51) 0(83) 0(56) 
0(48) 0(48) 0(43) 
0(50) 0(56) 
0(55) 

0.8222222222222222
precise=0.20582847403782475
recall=0.0
F1score=0.0

threshold=0.0030999999999999986
0(54) 0(26) 0(50) 0(34) 0(73) 0(59) 0(45) 0(72) 0(27) 
0(18) 0(66) 0(14) 1(87) 0(44) 0(35) 0(74) 0(58) 
0(25) 0(50) 0(39) 0(26) 0(45) 0(27) 0(23) 
0(17) 0(83) 0(44) 0(48) 0(60) 0(38) 
0(32) 0(43) 0(48) 0(17) 0(31) 
0(75) 0(51) 0(83) 0(58) 
0(48) 0(48) 0(43) 
0(50) 0(58) 
0(58) 

0.8
precise=0.0
recall=0.0
F1score=0.0

threshold=0.0031999999999999984
0(56) 0(26) 0(51) 0(35) 0(73) 0(60) 0(45) 0(73) 0(27) 
0(18) 0(67) 0(14) 1(87) 0(46) 0(36) 0(75) 0(58) 
0(25) 0(50) 0(39) 0(27) 0(46) 0(27) 0(24) 
0(18) 0(83) 0(45) 0(48) 0(62) 0(39) 
0(34) 0(45) 0(49) 0(17) 0(31) 
0(77) 0(51) 0(83) 0(58) 
0(48) 0(49) 0(44) 
0(50) 0(59) 
0(59) 

0.8
precise=0.0
recall=0.0
F1score=0.0

threshold=0.0032999999999999982
0(60) 0(26) 0(52) 0(37) 0(73) 0(61) 0(46) 0(73) 0(27) 
0(19) 0(68) 0(15) 1(87) 0(46) 0(36) 0(76) 0(59) 
0(25) 0(52) 0(39) 0(28) 0(46) 0(27) 0(26) 
0(20) 0(83) 0(45) 0(48) 0(62) 0(40) 
0(34) 0(47) 0(49) 0(17) 0(31) 
0(77) 0(51) 0(84) 0(58) 
0(48) 0(50) 0(44) 
0(50) 0(60) 
0(60) 

0.8
precise=0.0
recall=0.0
F1score=0.0

threshold=0.003399999999999998
0(60) 0(26) 0(52) 0(37) 0(75) 0(61) 0(46) 0(74) 0(29) 
0(19) 0(68) 0(15) 1(87) 0(48) 0(38) 0(77) 0(59) 
0(26) 0(52) 0(39) 0(29) 0(46) 0(28) 0(26) 
0(20) 0(83) 0(45) 0(48) 0(62) 0(40) 
0(34) 0(48) 0(49) 0(17) 0(31) 
0(77) 0(51) 0(84) 0(59) 
0(48) 0(50) 0(44) 
0(50) 0(61) 
0(60) 

0.8
precise=0.0
recall=0.0
F1score=0.0

threshold=0.003499999999999998
0(61) 0(26) 0(52) 0(38) 0(77) 0(62) 0(46) 0(74) 0(30) 
0(19) 0(68) 0(15) 1(89) 0(49) 0(39) 0(77) 0(59) 
0(26) 0(52) 0(39) 0(29) 0(46) 0(28) 0(26) 
0(20) 0(83) 0(45) 0(48) 0(63) 0(41) 
0(34) 0(50) 0(49) 0(18) 0(32) 
0(79) 0(51) 0(84) 0(59) 
0(48) 0(50) 0(44) 
0(50) 0(61) 
0(61) 

0.8
precise=0.0
recall=0.0
F1score=0.0

threshold=0.0035999999999999977
0(61) 0(29) 0(56) 0(38) 0(78) 0(63) 0(46) 0(75) 0(30) 
0(20) 0(69) 0(15) 1(89) 0(50) 0(39) 0(77) 0(59) 
0(26) 0(52) 0(39) 0(29) 0(46) 0(28) 0(27) 
0(21) 0(83) 0(48) 0(48) 0(63) 0(41) 
0(34) 0(50) 0(49) 0(18) 0(34) 
0(80) 0(53) 0(84) 0(59) 
0(48) 0(50) 0(45) 
0(51) 0(61) 
0(63) 

0.8
precise=0.0
recall=0.0
F1score=0.0

threshold=0.0036999999999999976
0(63) 0(29) 0(59) 0(38) 0(78) 0(63) 0(47) 0(75) 0(30) 
0(20) 0(69) 0(15) 1(89) 0(53) 0(39) 0(79) 0(59) 
0(26) 0(53) 0(39) 0(29) 0(46) 0(28) 0(28) 
0(21) 0(84) 0(49) 0(48) 0(63) 0(42) 
0(34) 0(53) 0(50) 0(18) 0(34) 
0(81) 0(53) 0(84) 0(60) 
0(48) 0(51) 0(45) 
0(51) 0(62) 
0(65) 

0.8
precise=0.0
recall=0.0
F1score=0.0

threshold=0.0037999999999999974
0(67) 0(30) 0(59) 0(38) 0(80) 0(63) 0(47) 0(75) 0(30) 
0(20) 0(69) 0(15) 1(89) 0(55) 0(39) 0(80) 0(60) 
0(26) 0(53) 0(39) 0(29) 0(46) 0(28) 0(28) 
0(22) 0(84) 0(50) 0(48) 0(63) 0(44) 
0(34) 0(54) 0(50) 0(18) 0(35) 
0(81) 0(53) 0(84) 0(60) 
0(48) 0(51) 0(46) 
0(51) 0(63) 
0(66) 

0.8
precise=0.0
recall=0.0
F1score=0.0

threshold=0.0038999999999999972
0(69) 0(30) 0(60) 0(38) 0(80) 0(63) 0(48) 0(75) 0(31) 
0(20) 0(69) 0(16) 1(90) 0(55) 0(39) 0(80) 0(61) 
0(26) 0(53) 0(39) 0(31) 0(46) 0(28) 0(28) 
0(23) 0(86) 0(50) 0(48) 0(63) 0(44) 
0(34) 0(55) 0(50) 0(18) 0(35) 
0(83) 0(55) 0(84) 0(61) 
0(48) 0(51) 0(47) 
0(51) 0(63) 
0(67) 

0.8
precise=0.0
recall=0.0
F1score=0.0

threshold=0.0039999999999999975
0(69) 0(30) 0(60) 0(38) 0(82) 0(63) 0(48) 0(75) 0(32) 
0(20) 0(69) 0(16) 1(90) 0(57) 0(40) 0(80) 0(61) 
0(26) 0(54) 0(39) 0(31) 0(46) 0(29) 0(29) 
0(23) 0(86) 0(52) 0(48) 0(63) 0(45) 
0(34) 0(58) 0(50) 0(19) 0(35) 
0(83) 0(55) 0(84) 0(61) 
0(48) 0(52) 0(47) 
0(51) 0(63) 
0(68) 

0.8
precise=0.0
recall=0.0
F1score=0.0

threshold=0.004099999999999998
0(70) 0(31) 0(63) 0(38) 0(83) 0(64) 0(49) 0(76) 0(32) 
0(21) 0(69) 0(16) 1(90) 0(57) 0(41) 0(81) 0(64) 
0(28) 0(54) 0(39) 0(32) 0(46) 0(29) 0(30) 
0(25) 0(86) 0(55) 0(48) 0(65) 0(46) 
0(34) 0(61) 0(50) 0(19) 0(35) 
0(83) 0(55) 0(84) 0(61) 
0(48) 0(52) 0(48) 
0(51) 0(64) 
0(70) 

0.8
precise=0.0
recall=0.0
F1score=0.0

threshold=0.004199999999999998
0(72) 0(33) 0(64) 0(39) 0(84) 0(64) 0(49) 0(76) 0(34) 
0(21) 0(69) 0(16) 1(90) 0(58) 0(42) 0(83) 0(64) 
0(29) 0(55) 0(39) 0(32) 0(46) 0(29) 0(30) 
0(26) 0(86) 0(55) 0(48) 0(65) 0(46) 
0(34) 0(63) 0(50) 0(19) 0(35) 
0(83) 0(55) 0(84) 0(61) 
0(50) 0(53) 0(48) 
0(52) 0(64) 
0(70) 

0.8
precise=0.0
recall=0.0
F1score=0.0

threshold=0.004299999999999998
0(74) 0(34) 0(65) 0(41) 0(84) 0(64) 0(49) 0(78) 0(34) 
0(21) 0(70) 0(16) 1(91) 0(58) 0(42) 0(83) 0(65) 
0(30) 0(56) 0(39) 0(33) 0(46) 0(30) 0(30) 
0(26) 0(86) 0(56) 0(50) 0(65) 0(47) 
0(34) 0(63) 0(50) 0(19) 0(35) 
0(83) 0(55) 0(84) 0(61) 
0(50) 0(53) 0(48) 
0(53) 0(64) 
0(71) 

0.8
precise=0.0
recall=0.0
F1score=0.0

threshold=0.0043999999999999985
0(76) 0(36) 0(65) 0(41) 0(84) 0(67) 0(49) 0(78) 0(36) 
0(21) 0(70) 0(18) 1(91) 0(58) 0(42) 0(84) 0(65) 
0(30) 0(56) 0(39) 0(34) 0(46) 0(30) 0(30) 
0(26) 0(86) 0(58) 0(50) 0(65) 0(48) 
0(34) 0(64) 0(50) 0(19) 0(35) 
0(84) 0(55) 0(84) 0(61) 
0(51) 0(55) 0(48) 
0(53) 0(64) 
0(71) 

0.8
precise=0.0
recall=0.0
F1score=0.0

threshold=0.004499999999999999
0(78) 0(36) 0(65) 0(41) 0(85) 0(67) 0(51) 0(79) 0(37) 
0(22) 0(71) 0(18) 1(91) 0(59) 0(42) 0(84) 0(65) 
0(31) 0(57) 0(39) 0(34) 0(46) 0(30) 0(31) 
0(26) 0(86) 0(59) 0(50) 0(66) 0(49) 
0(34) 0(64) 0(50) 0(19) 0(36) 
0(85) 0(55) 0(84) 0(62) 
0(52) 0(55) 0(48) 
0(53) 0(64) 
0(72) 

0.8
precise=0.0
recall=0.0
F1score=0.0

threshold=0.004599999999999999
0(81) 0(36) 0(65) 0(41) 0(85) 0(67) 0(51) 0(79) 0(37) 
0(22) 0(71) 0(18) 1(91) 0(62) 0(43) 0(84) 0(67) 
0(31) 0(57) 0(39) 0(34) 0(46) 0(30) 0(31) 
0(26) 0(86) 0(61) 0(50) 0(67) 0(49) 
0(34) 0(66) 0(50) 0(19) 0(36) 
0(85) 0(55) 0(84) 0(63) 
0(52) 0(56) 0(49) 
0(53) 0(64) 
0(73) 

0.8
precise=0.0
recall=0.0
F1score=0.0

threshold=0.004699999999999999
0(83) 0(36) 0(65) 0(43) 0(85) 0(67) 0(51) 0(79) 0(37) 
0(22) 0(71) 0(19) 1(91) 0(62) 0(44) 0(84) 0(67) 
0(31) 0(57) 0(39) 0(34) 0(47) 0(30) 0(32) 
0(26) 0(86) 0(61) 0(50) 0(67) 0(50) 
0(34) 0(68) 0(50) 0(20) 0(36) 
0(85) 0(56) 0(84) 0(63) 
0(52) 0(57) 0(49) 
0(54) 0(66) 
0(73) 

0.8
precise=0.0
recall=0.0
F1score=0.0

threshold=0.0048
0(84) 0(36) 0(66) 0(43) 0(85) 0(67) 0(51) 0(79) 0(37) 
0(23) 0(72) 0(20) 1(91) 0(62) 0(46) 0(85) 0(67) 
0(31) 0(60) 0(39) 0(34) 0(48) 0(30) 0(32) 
0(27) 0(86) 0(62) 0(50) 0(67) 0(50) 
0(34) 0(69) 0(50) 0(20) 0(36) 
0(86) 0(56) 0(84) 0(63) 
0(53) 0(57) 0(49) 
0(55) 0(67) 
0(73) 

0.8
precise=0.0
recall=0.0
F1score=0.0

threshold=0.0049
0(85) 0(37) 0(66) 0(43) 0(86) 0(67) 0(51) 0(79) 0(38) 
0(23) 0(72) 0(20) 1(91) 0(62) 0(47) 0(85) 0(67) 
0(31) 0(60) 0(39) 0(34) 0(48) 0(31) 0(33) 
0(27) 1(87) 0(62) 0(50) 0(67) 0(50) 
0(36) 0(70) 0(50) 0(20) 0(38) 
0(86) 0(57) 0(84) 0(63) 
0(53) 0(57) 0(49) 
0(55) 0(67) 
0(74) 

0.7777777777777778
precise=0.0
recall=0.0
F1score=0.0

threshold=0.005
0(86) 0(37) 0(67) 0(43) 1(87) 0(68) 0(51) 0(80) 0(38) 
0(23) 0(72) 0(21) 1(91) 0(62) 0(48) 0(85) 0(68) 
0(31) 0(60) 0(39) 0(35) 0(48) 0(31) 0(34) 
0(28) 1(87) 0(63) 0(50) 0(67) 0(50) 
0(36) 0(71) 0(50) 0(21) 0(38) 
0(86) 0(57) 0(84) 0(63) 
0(53) 0(57) 0(50) 
0(55) 0(67) 
0(75) 

0.7555555555555555
precise=0.0
recall=0.0
F1score=0.0

threshold=0.0051
1(87) 0(37) 0(67) 0(43) 1(87) 0(68) 0(51) 0(80) 0(38) 
0(23) 0(73) 0(22) 1(91) 0(63) 0(48) 0(85) 0(68) 
0(31) 0(61) 0(41) 0(36) 0(48) 0(31) 0(34) 
0(28) 1(87) 0(63) 0(50) 0(67) 0(50) 
0(37) 0(71) 0(50) 0(21) 0(38) 
1(87) 0(58) 0(84) 0(64) 
0(53) 0(58) 0(50) 
0(55) 0(67) 
0(75) 

0.8
precise=0.07142857142857142
recall=0.004807692307692308
F1score=0.009009009009009009

threshold=0.005200000000000001
1(87) 0(39) 0(67) 0(43) 1(87) 0(69) 0(51) 0(81) 0(38) 
0(23) 0(73) 0(22) 1(91) 0(64) 0(49) 0(85) 0(69) 
0(31) 0(61) 0(41) 0(37) 0(48) 0(31) 0(34) 
0(28) 1(87) 0(63) 0(50) 0(67) 0(51) 
0(37) 0(72) 0(50) 0(21) 0(38) 
1(87) 0(58) 0(84) 0(64) 
0(53) 0(59) 0(52) 
0(55) 0(68) 
0(75) 

0.8
precise=0.12121212121212122
recall=0.009433962264150943
F1score=0.0175054704595186

threshold=0.005300000000000001
1(88) 0(41) 0(67) 0(44) 1(88) 0(69) 0(51) 0(81) 0(40) 
0(24) 0(73) 0(22) 1(92) 0(64) 0(49) 0(85) 0(69) 
0(31) 0(62) 0(42) 0(38) 0(48) 0(31) 0(34) 
0(29) 1(88) 0(63) 0(50) 0(67) 0(53) 
0(38) 0(73) 0(50) 0(21) 0(38) 
1(87) 0(59) 0(84) 0(64) 
0(53) 0(59) 0(52) 
0(56) 0(68) 
0(76) 

0.8
precise=0.15789473684210525
recall=0.013888888888888888
F1score=0.02553191489361702

threshold=0.005400000000000001
1(89) 0(41) 0(67) 0(44) 1(88) 0(69) 0(51) 0(81) 0(41) 
0(24) 0(74) 0(22) 1(92) 0(64) 0(49) 0(85) 0(69) 
0(31) 0(62) 0(42) 0(38) 0(48) 0(31) 0(34) 
0(29) 1(88) 0(64) 0(50) 0(67) 0(53) 
0(38) 0(74) 0(50) 0(22) 0(38) 
1(89) 0(59) 0(84) 0(64) 
0(53) 0(60) 0(54) 
0(57) 0(69) 
0(77) 

0.8
precise=0.18604651162790697
recall=0.01818181818181818
F1score=0.033126293995859216

threshold=0.005500000000000001
1(89) 0(41) 0(68) 0(46) 1(88) 0(69) 0(51) 0(81) 0(42) 
0(24) 0(74) 0(24) 1(92) 0(65) 0(49) 0(86) 0(69) 
0(31) 0(62) 0(42) 0(39) 0(51) 0(31) 0(35) 
0(30) 1(88) 0(65) 0(50) 0(67) 0(53) 
0(38) 0(74) 0(52) 0(22) 0(38) 
1(89) 0(59) 0(84) 0(64) 
0(53) 0(63) 0(54) 
0(57) 0(71) 
0(78) 

0.8
precise=0.20833333333333334
recall=0.022321428571428572
F1score=0.04032258064516129

threshold=0.005600000000000002
1(90) 0(42) 0(69) 0(46) 1(88) 0(69) 0(52) 0(82) 0(42) 
0(25) 0(74) 0(24) 1(92) 0(65) 0(50) 0(86) 0(69) 
0(32) 0(62) 0(42) 0(39) 0(51) 0(31) 0(35) 
0(30) 1(88) 0(65) 0(50) 0(67) 0(54) 
0(39) 0(76) 0(52) 0(23) 0(38) 
1(90) 0(59) 0(84) 0(65) 
0(53) 0(63) 0(54) 
0(57) 0(72) 
0(78) 

0.8
precise=0.22641509433962265
recall=0.02631578947368421
F1score=0.047151277013752456

threshold=0.005700000000000002
1(90) 0(42) 0(69) 0(47) 1(88) 0(69) 0(53) 0(83) 0(42) 
0(25) 0(74) 0(24) 1(92) 0(65) 0(50) 0(86) 0(69) 
0(32) 0(62) 0(42) 0(40) 0(51) 0(31) 0(36) 
0(30) 1(88) 0(65) 0(50) 0(67) 0(54) 
0(39) 0(76) 0(52) 0(23) 0(39) 
1(90) 0(60) 0(84) 0(66) 
0(53) 0(63) 0(54) 
0(58) 0(72) 
0(79) 

0.8
precise=0.2413793103448276
recall=0.03017241379310345
F1score=0.05363984674329502

threshold=0.005800000000000002
1(92) 0(42) 0(69) 0(47) 1(88) 0(70) 0(54) 0(84) 0(44) 
0(25) 0(74) 0(25) 1(92) 0(66) 0(51) 0(86) 0(70) 
0(33) 0(62) 0(42) 0(40) 0(52) 0(31) 0(36) 
0(30) 1(88) 0(67) 0(50) 0(69) 0(55) 
0(40) 0(77) 0(52) 0(23) 0(39) 
1(90) 0(60) 0(84) 0(67) 
0(53) 0(64) 0(56) 
0(59) 0(73) 
0(80) 

0.8
precise=0.25396825396825395
recall=0.03389830508474576
F1score=0.059813084112149535

threshold=0.0059000000000000025
1(94) 0(44) 0(69) 0(48) 1(88) 0(70) 0(54) 0(84) 0(44) 
0(25) 0(75) 0(26) 1(92) 0(67) 0(51) 1(87) 0(70) 
0(35) 0(62) 0(42) 0(41) 0(52) 0(31) 0(36) 
0(30) 1(88) 0(67) 0(50) 0(69) 0(55) 
0(40) 0(77) 0(52) 0(23) 0(39) 
1(91) 0(60) 0(85) 0(68) 
0(54) 0(64) 0(56) 
0(59) 0(74) 
0(81) 

0.7777777777777778
precise=0.2608695652173913
recall=0.0375
F1score=0.06557377049180328

threshold=0.006000000000000003
1(94) 0(46) 0(69) 0(48) 1(89) 0(70) 0(54) 0(84) 0(45) 
0(25) 0(76) 0(27) 1(92) 0(68) 0(52) 1(87) 0(71) 
0(35) 0(62) 0(42) 0(42) 0(52) 0(32) 0(37) 
0(31) 1(88) 0(67) 0(50) 0(69) 0(55) 
0(41) 0(77) 0(52) 0(23) 0(39) 
1(92) 0(61) 0(85) 0(68) 
0(54) 0(65) 0(56) 
0(60) 0(74) 
0(82) 

0.7777777777777778
precise=0.26666666666666666
recall=0.040983606557377046
F1score=0.07104795737122557

threshold=0.006100000000000003
1(94) 0(49) 0(69) 0(48) 1(89) 0(71) 0(54) 0(85) 0(45) 
0(25) 0(76) 0(27) 1(92) 0(68) 0(54) 1(87) 0(73) 
0(35) 0(64) 0(42) 0(42) 0(52) 0(33) 0(37) 
0(32) 1(88) 0(67) 0(50) 0(69) 0(55) 
0(41) 0(77) 0(52) 0(25) 0(39) 
1(92) 0(62) 0(85) 0(68) 
0(54) 0(65) 0(57) 
0(60) 0(74) 
0(83) 

0.7777777777777778
precise=0.2716049382716049
recall=0.04435483870967742
F1score=0.07625649913344887

threshold=0.006200000000000003
1(94) 0(49) 0(69) 0(48) 1(89) 0(72) 0(54) 0(85) 0(45) 
0(26) 0(76) 0(27) 1(92) 0(68) 0(54) 1(87) 0(74) 
0(35) 0(64) 0(42) 0(43) 0(52) 0(33) 0(37) 
0(33) 1(88) 0(67) 0(51) 0(70) 0(57) 
0(41) 0(77) 0(52) 0(25) 0(39) 
1(93) 0(62) 0(85) 0(69) 
0(54) 0(66) 0(57) 
0(60) 0(74) 
0(83) 

0.7777777777777778
precise=0.27586206896551724
recall=0.047619047619047616
F1score=0.08121827411167512

threshold=0.0063000000000000035
1(94) 0(49) 0(70) 0(49) 1(89) 0(73) 0(54) 0(85) 0(45) 
0(26) 0(76) 0(28) 1(93) 0(68) 0(56) 1(87) 0(74) 
0(35) 0(65) 0(42) 0(45) 0(52) 0(33) 0(38) 
0(33) 1(88) 0(67) 0(51) 0(70) 0(58) 
0(41) 0(78) 0(52) 0(25) 0(39) 
1(93) 0(62) 0(85) 0(69) 
0(54) 0(66) 0(57) 
0(60) 0(74) 
0(83) 

0.7777777777777778
precise=0.27956989247311825
recall=0.05078125
F1score=0.0859504132231405

threshold=0.006400000000000004
1(95) 0(50) 0(71) 0(49) 1(89) 0(74) 0(55) 0(86) 0(46) 
0(26) 0(76) 0(28) 1(94) 0(68) 0(56) 1(87) 0(74) 
0(35) 0(65) 0(42) 0(46) 0(52) 0(33) 0(38) 
0(34) 1(88) 0(67) 0(53) 0(70) 0(58) 
0(41) 0(80) 0(52) 0(26) 0(39) 
1(93) 0(62) 0(85) 0(70) 
0(54) 0(66) 0(57) 
0(60) 0(74) 
0(83) 

0.7777777777777778
precise=0.2828282828282828
recall=0.05384615384615385
F1score=0.09046849757673667

threshold=0.006500000000000004
1(95) 0(53) 0(71) 0(49) 1(90) 0(74) 0(55) 0(86) 0(47) 
0(26) 0(77) 0(29) 1(94) 0(68) 0(57) 1(87) 0(74) 
0(35) 0(66) 0(42) 0(46) 0(53) 0(33) 0(38) 
0(35) 1(88) 0(67) 0(53) 0(70) 0(58) 
0(41) 0(82) 0(53) 0(26) 0(39) 
1(93) 0(63) 0(85) 0(72) 
0(54) 0(66) 0(58) 
0(60) 0(75) 
0(83) 

0.7777777777777778
precise=0.2857142857142857
recall=0.056818181818181816
F1score=0.0947867298578199

threshold=0.006600000000000004
1(96) 0(54) 0(71) 0(51) 1(90) 0(74) 0(55) 1(87) 0(48) 
0(26) 0(77) 0(31) 1(94) 0(68) 0(59) 1(87) 0(75) 
0(35) 0(66) 0(42) 0(46) 0(53) 0(33) 0(38) 
0(36) 1(88) 0(67) 0(53) 0(71) 0(58) 
0(41) 0(82) 0(53) 0(26) 0(39) 
1(93) 0(63) 0(85) 0(73) 
0(54) 0(67) 0(58) 
0(60) 0(75) 
0(83) 

0.7555555555555555
precise=0.2857142857142857
recall=0.05970149253731343
F1score=0.09876543209876543

threshold=0.0067000000000000046
1(96) 0(55) 0(71) 0(51) 1(90) 0(74) 0(55) 1(88) 0(48) 
0(26) 0(77) 0(31) 1(94) 0(68) 0(59) 1(88) 0(76) 
0(35) 0(66) 0(43) 0(47) 0(53) 0(34) 0(38) 
0(36) 1(88) 0(68) 0(53) 0(71) 0(58) 
0(42) 0(82) 0(53) 0(26) 0(39) 
1(94) 0(63) 0(85) 0(74) 
0(54) 0(67) 0(58) 
0(60) 0(75) 
0(86) 

0.7555555555555555
precise=0.2857142857142857
recall=0.0625
F1score=0.10256410256410256

threshold=0.006800000000000005
1(96) 0(55) 0(72) 0(52) 1(91) 0(74) 0(55) 1(88) 0(48) 
0(26) 0(77) 0(31) 1(94) 0(68) 0(59) 1(88) 0(76) 
0(36) 0(66) 0(44) 0(48) 0(53) 0(34) 0(38) 
0(36) 1(88) 0(68) 0(53) 0(71) 0(58) 
0(42) 0(82) 0(53) 0(27) 0(39) 
1(94) 0(63) 0(85) 0(74) 
0(54) 0(68) 0(58) 
0(60) 0(75) 
1(87) 

0.7777777777777778
precise=0.29133858267716534
recall=0.06702898550724638
F1score=0.10898379970544919

threshold=0.006900000000000005
1(97) 0(55) 0(74) 0(53) 1(91) 0(74) 0(55) 1(88) 0(48) 
0(26) 0(77) 0(31) 1(94) 0(68) 0(60) 1(88) 0(76) 
0(36) 0(67) 0(44) 0(48) 0(53) 0(34) 0(38) 
0(37) 1(88) 0(68) 0(55) 0(71) 0(58) 
0(43) 0(82) 0(53) 0(27) 0(39) 
1(94) 0(63) 0(85) 0(74) 
0(55) 0(68) 0(58) 
0(60) 0(76) 
1(87) 

0.7777777777777778
precise=0.2962962962962963
recall=0.07142857142857142
F1score=0.11510791366906475

threshold=0.007000000000000005
1(98) 0(55) 0(76) 0(53) 1(91) 0(75) 0(55) 1(88) 0(48) 
0(26) 0(77) 0(31) 1(95) 0(69) 0(60) 1(88) 0(76) 
0(36) 0(67) 0(44) 0(49) 0(53) 0(34) 0(39) 
0(37) 1(88) 0(68) 0(55) 0(71) 0(58) 
0(44) 0(82) 0(53) 0(27) 0(39) 
1(94) 0(63) 0(85) 0(75) 
0(55) 0(68) 0(58) 
0(61) 0(77) 
1(87) 

0.7777777777777778
precise=0.3006993006993007
recall=0.07570422535211267
F1score=0.1209563994374121

threshold=0.007100000000000006
1(100) 0(56) 0(77) 0(54) 1(91) 0(76) 0(55) 1(88) 0(48) 
0(26) 0(77) 0(31) 1(95) 0(69) 0(61) 1(88) 0(77) 
0(36) 0(67) 0(44) 0(49) 0(53) 0(35) 0(39) 
0(37) 1(88) 0(68) 0(56) 0(71) 0(59) 
0(44) 0(82) 0(53) 0(27) 0(40) 
1(94) 0(63) 0(85) 0(75) 
0(55) 0(68) 0(58) 
0(61) 0(77) 
1(87) 

0.7777777777777778
precise=0.304635761589404
recall=0.0798611111111111
F1score=0.1265474552957359

threshold=0.007200000000000006
1(103) 0(57) 0(77) 0(54) 1(91) 0(76) 0(56) 1(89) 0(48) 
0(26) 0(77) 0(31) 1(95) 0(69) 0(62) 1(88) 0(77) 
0(36) 0(67) 0(44) 0(49) 0(53) 0(35) 0(39) 
0(38) 1(88) 0(68) 0(56) 0(71) 0(59) 
0(44) 0(82) 0(53) 0(28) 0(40) 
1(94) 0(64) 0(85) 0(76) 
0(55) 0(68) 0(58) 
0(61) 0(77) 
1(88) 

0.7777777777777778
precise=0.3081761006289308
recall=0.0839041095890411
F1score=0.13189771197846567

threshold=0.007300000000000006
1(103) 0(59) 0(78) 0(54) 1(91) 0(77) 0(56) 1(89) 0(48) 
0(26) 0(77) 0(32) 1(95) 0(71) 0(62) 1(88) 0(77) 
0(37) 0(67) 0(44) 0(49) 0(54) 0(35) 0(39) 
0(38) 1(88) 0(69) 0(56) 0(71) 0(59) 
0(44) 0(83) 0(53) 0(29) 0(40) 
1(94) 0(64) 0(85) 0(76) 
0(55) 0(69) 0(58) 
0(61) 0(77) 
1(88) 

0.7777777777777778
precise=0.31137724550898205
recall=0.08783783783783784
F1score=0.1370223978919631

threshold=0.007400000000000006
1(103) 0(59) 0(78) 0(54) 1(92) 0(77) 0(57) 1(89) 0(49) 
0(27) 0(77) 0(32) 1(95) 0(72) 0(63) 1(88) 0(78) 
0(37) 0(67) 0(44) 0(49) 0(54) 0(35) 0(39) 
0(38) 1(88) 0(69) 0(56) 0(71) 0(59) 
0(45) 0(84) 0(53) 0(29) 0(41) 
1(94) 0(64) 0(85) 0(76) 
0(55) 0(69) 0(58) 
0(62) 0(77) 
1(89) 

0.7777777777777778
precise=0.3142857142857143
recall=0.09166666666666666
F1score=0.14193548387096774

threshold=0.007500000000000007
1(105) 0(59) 0(78) 0(57) 1(92) 0(77) 0(57) 1(89) 0(50) 
0(27) 0(77) 0(32) 1(95) 0(72) 0(64) 1(88) 0(79) 
0(38) 0(68) 0(44) 0(50) 0(54) 0(35) 0(39) 
0(38) 1(89) 0(71) 0(56) 0(71) 0(60) 
0(45) 0(85) 0(53) 0(29) 0(41) 
1(94) 0(64) 0(85) 0(78) 
0(55) 0(69) 0(58) 
0(62) 0(77) 
1(89) 

0.7777777777777778
precise=0.31693989071038253
recall=0.09539473684210527
F1score=0.14664981036662453

threshold=0.007600000000000007
1(105) 0(59) 0(79) 0(58) 1(92) 0(77) 0(57) 1(89) 0(51) 
0(27) 0(77) 0(34) 1(95) 0(74) 0(64) 1(88) 0(79) 
0(38) 0(68) 0(45) 0(52) 0(54) 0(35) 0(39) 
0(38) 1(89) 0(72) 0(56) 0(71) 0(60) 
0(45) 0(85) 0(53) 0(30) 0(41) 
1(95) 0(64) 0(85) 0(78) 
0(55) 0(70) 0(58) 
0(62) 0(77) 
1(89) 

0.7777777777777778
precise=0.3193717277486911
recall=0.09902597402597403
F1score=0.15117719950433706

threshold=0.007700000000000007
1(105) 0(59) 0(79) 0(58) 1(92) 0(77) 0(58) 1(89) 0(51) 
0(27) 0(77) 0(35) 1(95) 0(74) 0(64) 1(88) 0(80) 
0(38) 0(68) 0(45) 0(53) 0(54) 0(35) 0(39) 
0(38) 1(89) 0(72) 0(56) 0(72) 0(60) 
0(45) 0(85) 0(53) 0(30) 0(41) 
1(95) 0(64) 0(85) 0(78) 
0(55) 0(70) 0(58) 
0(62) 0(77) 
1(89) 

0.7777777777777778
precise=0.32160804020100503
recall=0.10256410256410256
F1score=0.15552855407047386

threshold=0.0078000000000000074
1(105) 0(59) 0(79) 0(58) 1(92) 0(77) 0(58) 1(89) 0(53) 
0(27) 0(77) 0(35) 1(95) 0(74) 0(65) 1(88) 0(81) 
0(38) 0(69) 0(46) 0(54) 0(54) 0(36) 0(39) 
0(38) 1(89) 0(73) 0(56) 0(72) 0(60) 
0(47) 0(85) 0(53) 0(30) 0(41) 
1(95) 0(64) 0(85) 0(78) 
0(55) 0(70) 0(58) 
0(62) 0(77) 
1(89) 

0.7777777777777778
precise=0.32367149758454106
recall=0.1060126582278481
F1score=0.15971394517282478

threshold=0.007900000000000008
1(105) 0(59) 0(79) 0(58) 1(92) 0(77) 0(58) 1(90) 0(53) 
0(27) 0(77) 0(35) 1(95) 0(74) 0(66) 1(88) 0(82) 
0(38) 0(69) 0(46) 0(54) 0(54) 0(36) 0(39) 
0(38) 1(89) 0(74) 0(56) 0(73) 0(61) 
0(47) 0(85) 0(53) 0(31) 0(41) 
1(96) 0(65) 0(85) 0(78) 
0(55) 0(70) 0(59) 
0(62) 0(79) 
1(89) 

0.7777777777777778
precise=0.32558139534883723
recall=0.109375
F1score=0.16374269005847952

threshold=0.008000000000000007
1(105) 0(59) 0(79) 0(59) 1(92) 0(77) 0(58) 1(90) 0(54) 
0(28) 0(77) 0(35) 1(95) 0(74) 0(66) 1(88) 0(82) 
0(38) 0(69) 0(46) 0(54) 0(54) 0(36) 0(39) 
0(40) 1(89) 0(74) 0(57) 0(73) 0(61) 
0(49) 0(85) 0(53) 0(32) 0(41) 
1(96) 0(66) 0(85) 0(79) 
0(55) 0(70) 0(59) 
0(62) 0(80) 
1(90) 

0.7777777777777778
precise=0.3273542600896861
recall=0.11265432098765432
F1score=0.16762342135476463

threshold=0.008100000000000007
1(106) 0(59) 0(80) 0(59) 1(92) 0(77) 0(59) 1(90) 0(55) 
0(28) 0(77) 0(37) 1(95) 0(74) 0(67) 1(88) 0(82) 
0(38) 0(69) 0(46) 0(54) 0(54) 0(37) 0(40) 
0(40) 1(89) 0(74) 0(57) 0(73) 0(61) 
0(50) 0(85) 0(53) 0(32) 0(41) 
1(96) 0(66) 0(85) 0(79) 
0(56) 0(70) 0(59) 
0(62) 0(80) 
1(91) 

0.7777777777777778
precise=0.329004329004329
recall=0.11585365853658537
F1score=0.1713641488162345

threshold=0.008200000000000006
1(106) 0(60) 0(80) 0(61) 1(92) 0(77) 0(60) 1(90) 0(55) 
0(29) 0(77) 0(38) 1(95) 0(74) 0(67) 1(88) 0(82) 
0(38) 0(69) 0(46) 0(54) 0(54) 0(39) 0(40) 
0(41) 1(89) 0(75) 0(57) 0(73) 0(61) 
0(50) 0(85) 0(53) 0(33) 0(41) 
1(96) 0(66) 0(85) 0(80) 
0(56) 0(70) 0(60) 
0(62) 0(81) 
1(92) 

0.7777777777777778
precise=0.3305439330543933
recall=0.11897590361445783
F1score=0.17497231450719822

threshold=0.008300000000000005
1(106) 0(60) 0(80) 0(61) 1(93) 0(77) 0(60) 1(90) 0(57) 
0(29) 0(77) 0(38) 1(95) 0(74) 0(68) 1(90) 0(82) 
0(38) 0(70) 0(46) 0(54) 0(54) 0(39) 0(40) 
0(41) 1(89) 0(75) 0(58) 0(73) 0(61) 
0(50) 0(85) 0(53) 0(34) 0(41) 
1(96) 0(66) 0(85) 0(80) 
0(56) 0(70) 0(60) 
0(63) 0(81) 
1(92) 

0.7777777777777778
precise=0.3319838056680162
recall=0.12202380952380952
F1score=0.17845484221980412

threshold=0.008400000000000005
1(106) 0(60) 0(80) 0(62) 1(93) 0(77) 0(60) 1(90) 0(57) 
0(29) 0(77) 0(38) 1(95) 0(74) 0(68) 1(90) 0(82) 
0(38) 0(70) 0(46) 0(54) 0(54) 0(40) 0(40) 
0(43) 1(89) 0(75) 0(58) 0(73) 0(62) 
0(50) 0(85) 0(53) 0(34) 0(41) 
1(96) 0(66) 0(85) 0(80) 
0(56) 0(70) 0(60) 
0(63) 0(81) 
1(93) 

0.7777777777777778
precise=0.3333333333333333
recall=0.125
F1score=0.18181818181818182

threshold=0.008500000000000004
1(106) 0(61) 0(80) 0(64) 1(93) 0(77) 0(60) 1(90) 0(58) 
0(29) 0(77) 0(38) 1(95) 0(74) 0(68) 1(90) 0(82) 
0(38) 0(70) 0(46) 0(55) 0(55) 0(40) 0(40) 
0(43) 1(89) 0(75) 0(58) 0(73) 0(64) 
0(50) 0(85) 0(53) 0(35) 0(41) 
1(96) 0(66) 0(86) 0(80) 
0(56) 0(70) 0(60) 
0(63) 0(81) 
1(94) 

0.7777777777777778
precise=0.33460076045627374
recall=0.12790697674418605
F1score=0.18506834910620398

threshold=0.008600000000000003
1(106) 0(63) 0(80) 0(66) 1(93) 0(77) 0(60) 1(90) 0(58) 
0(30) 0(77) 0(38) 1(95) 0(74) 0(70) 1(90) 0(83) 
0(39) 0(70) 0(46) 0(55) 0(55) 0(40) 0(41) 
0(43) 1(89) 0(75) 0(58) 0(73) 0(64) 
0(50) 0(86) 0(53) 0(38) 0(42) 
1(96) 0(66) 0(86) 0(80) 
0(56) 0(70) 0(61) 
0(63) 0(81) 
1(95) 

0.7777777777777778
precise=0.33579335793357934
recall=0.1307471264367816
F1score=0.18821096173733196

threshold=0.008700000000000003
1(106) 0(63) 0(80) 0(66) 1(93) 0(77) 0(60) 1(90) 0(58) 
0(30) 0(77) 0(38) 1(95) 0(74) 0(71) 1(90) 0(84) 
0(40) 0(70) 0(46) 0(55) 0(56) 0(40) 0(42) 
0(44) 1(89) 0(75) 0(58) 0(73) 0(64) 
0(53) 0(86) 0(54) 0(38) 0(42) 
1(96) 0(66) 0(86) 0(80) 
0(56) 0(71) 0(61) 
0(63) 0(81) 
1(95) 

0.7777777777777778
precise=0.33691756272401435
recall=0.13352272727272727
F1score=0.19125127161749747

threshold=0.008800000000000002
1(106) 0(63) 0(82) 0(66) 1(93) 0(77) 0(60) 1(90) 0(60) 
0(30) 0(77) 0(39) 1(95) 0(74) 0(72) 1(90) 0(84) 
0(40) 0(73) 0(46) 0(55) 0(56) 0(41) 0(42) 
0(44) 1(89) 0(76) 0(58) 0(73) 0(64) 
0(54) 0(86) 0(54) 0(38) 0(42) 
1(96) 0(66) 0(86) 0(80) 
0(56) 0(71) 0(61) 
0(63) 0(81) 
1(95) 

0.7777777777777778
precise=0.33797909407665505
recall=0.13623595505617977
F1score=0.1941941941941942

threshold=0.008900000000000002
1(106) 0(65) 0(82) 0(66) 1(93) 0(78) 0(60) 1(90) 0(61) 
0(30) 0(77) 0(39) 1(95) 0(75) 0(72) 1(90) 0(85) 
0(40) 0(73) 0(46) 0(58) 0(56) 0(42) 0(42) 
0(45) 1(89) 0(76) 0(58) 0(74) 0(64) 
0(54) 0(86) 0(55) 0(38) 0(42) 
1(96) 0(67) 0(86) 0(80) 
0(56) 0(71) 0(62) 
0(63) 0(82) 
1(95) 

0.7777777777777778
precise=0.3389830508474576
recall=0.1388888888888889
F1score=0.19704433497536947

threshold=0.009000000000000001
1(107) 0(65) 0(82) 0(66) 1(93) 0(78) 0(60) 1(90) 0(62) 
0(31) 0(77) 0(40) 1(95) 0(75) 0(72) 1(90) 0(85) 
0(40) 0(73) 0(46) 0(58) 0(56) 0(42) 0(42) 
0(46) 1(89) 0(76) 0(59) 0(74) 0(64) 
0(54) 0(86) 0(55) 0(38) 0(42) 
1(96) 0(67) 0(86) 0(81) 
0(56) 0(71) 0(63) 
0(63) 0(82) 
1(95) 

0.7777777777777778
precise=0.33993399339933994
recall=0.14148351648351648
F1score=0.19980601357904948

threshold=0.0091
1(107) 0(65) 0(82) 0(66) 1(93) 0(78) 0(60) 1(91) 0(62) 
0(31) 0(77) 0(41) 1(95) 0(75) 0(74) 1(90) 0(85) 
0(40) 0(73) 0(46) 0(58) 0(56) 0(42) 0(42) 
0(46) 1(89) 0(76) 0(60) 0(74) 0(64) 
0(54) 1(87) 0(55) 0(38) 0(42) 
1(97) 0(67) 0(86) 0(81) 
0(56) 0(71) 0(63) 
0(63) 0(82) 
1(95) 

0.8
precise=0.34294871794871795
recall=0.1453804347826087
F1score=0.20419847328244276

threshold=0.0092
1(108) 0(65) 0(82) 0(66) 1(93) 0(78) 0(60) 1(91) 0(63) 
0(31) 0(77) 0(41) 1(95) 0(75) 0(74) 1(90) 0(85) 
0(40) 0(73) 0(46) 0(58) 0(56) 0(43) 0(42) 
0(46) 1(89) 0(76) 0(61) 0(74) 0(64) 
0(55) 1(88) 0(55) 0(40) 0(43) 
1(97) 0(67) 0(86) 0(81) 
0(56) 0(71) 0(63) 
0(63) 0(82) 
1(95) 

0.8
precise=0.34579439252336447
recall=0.14919354838709678
F1score=0.2084507042253521

threshold=0.0093
1(108) 0(67) 0(82) 0(66) 1(94) 0(78) 0(60) 1(91) 0(63) 
0(31) 0(78) 0(41) 1(95) 0(75) 0(74) 1(92) 0(86) 
0(40) 0(73) 0(46) 0(58) 0(56) 0(44) 0(42) 
0(46) 1(89) 0(76) 0(62) 0(74) 0(64) 
0(55) 1(88) 0(55) 0(41) 0(43) 
1(98) 0(67) 0(86) 0(81) 
0(56) 0(71) 0(63) 
0(63) 0(82) 
1(95) 

0.8
precise=0.3484848484848485
recall=0.1529255319148936
F1score=0.21256931608133087

threshold=0.009399999999999999
1(108) 0(68) 0(82) 0(66) 1(94) 0(78) 0(60) 1(91) 0(63) 
0(31) 0(78) 0(41) 1(95) 0(75) 0(74) 1(92) 0(86) 
0(40) 0(73) 0(46) 0(58) 0(56) 0(44) 0(42) 
0(47) 1(89) 0(76) 0(63) 0(74) 0(65) 
0(55) 1(88) 0(55) 0(43) 0(43) 
1(98) 0(67) 0(86) 0(81) 
0(56) 0(71) 0(64) 
0(63) 0(82) 
1(97) 

0.8
precise=0.35103244837758113
recall=0.15657894736842104
F1score=0.21656050955414013

threshold=0.009499999999999998
1(108) 0(68) 0(82) 0(66) 1(94) 0(78) 0(60) 1(91) 0(64) 
0(31) 0(79) 0(41) 1(95) 0(76) 0(74) 1(92) 0(86) 
0(40) 0(73) 0(46) 0(58) 0(56) 0(44) 0(43) 
0(47) 1(89) 0(76) 0(63) 0(75) 0(65) 
0(55) 1(88) 0(56) 0(43) 0(43) 
1(98) 0(67) 0(86) 0(81) 
0(57) 0(71) 0(64) 
0(63) 0(82) 
1(98) 

0.8
precise=0.35344827586206895
recall=0.16015625
F1score=0.22043010752688172

threshold=0.009599999999999997
1(109) 0(68) 0(83) 0(66) 1(94) 0(78) 0(60) 1(92) 0(65) 
0(31) 0(79) 0(41) 1(95) 0(76) 0(74) 1(92) 0(86) 
0(40) 0(73) 0(47) 0(58) 0(56) 0(46) 0(43) 
0(47) 1(89) 0(76) 0(63) 0(75) 0(65) 
0(57) 1(88) 0(56) 0(43) 0(43) 
1(99) 0(68) 0(86) 0(81) 
0(57) 0(71) 0(64) 
0(63) 0(82) 
1(98) 

0.8
precise=0.3557422969187675
recall=0.163659793814433
F1score=0.22418358340688438

threshold=0.009699999999999997
1(109) 0(68) 0(83) 0(67) 1(94) 0(78) 0(61) 1(92) 0(66) 
0(31) 0(79) 0(42) 1(95) 0(76) 0(74) 1(92) 0(86) 
0(40) 0(73) 0(47) 0(58) 0(57) 0(46) 0(43) 
0(48) 1(89) 0(76) 0(63) 0(76) 0(65) 
0(58) 1(88) 0(56) 0(44) 0(43) 
1(99) 0(68) 0(86) 0(81) 
0(57) 0(71) 0(64) 
0(63) 0(82) 
1(98) 

0.8
precise=0.35792349726775957
recall=0.16709183673469388
F1score=0.22782608695652173

threshold=0.009799999999999996
1(109) 0(69) 0(83) 0(68) 1(94) 0(78) 0(62) 1(92) 0(66) 
0(31) 0(79) 0(42) 1(95) 0(77) 0(74) 1(92) 0(86) 
0(40) 0(73) 0(48) 0(59) 0(57) 0(46) 0(43) 
0(48) 1(89) 0(76) 0(63) 0(76) 0(65) 
0(58) 1(88) 0(56) 0(44) 0(43) 
1(99) 0(68) 0(86) 0(81) 
0(57) 0(71) 0(64) 
0(63) 0(83) 
1(98) 

0.8
precise=0.36
recall=0.17045454545454544
F1score=0.23136246786632392

threshold=0.009899999999999996
1(109) 0(69) 0(83) 0(68) 1(94) 0(78) 0(62) 1(92) 0(66) 
0(31) 0(79) 0(42) 1(95) 0(77) 0(74) 1(92) 0(86) 
0(40) 0(73) 0(48) 0(62) 0(57) 0(46) 0(43) 
0(48) 1(89) 0(77) 0(63) 0(76) 0(65) 
0(60) 1(88) 0(56) 0(44) 0(43) 
1(100) 0(68) 0(86) 0(81) 
0(57) 0(71) 0(64) 
0(63) 0(83) 
1(98) 

0.8
precise=0.3619791666666667
recall=0.17375
F1score=0.23479729729729729

threshold=0.009999999999999995
1(109) 0(70) 0(83) 0(68) 1(94) 0(78) 0(62) 1(92) 0(67) 
0(31) 0(79) 0(42) 1(95) 0(77) 0(74) 1(92) 1(87) 
0(40) 0(73) 0(48) 0(62) 0(57) 0(46) 0(43) 
0(49) 1(89) 0(77) 0(63) 0(76) 0(65) 
0(61) 1(88) 0(56) 0(46) 0(44) 
1(100) 0(68) 0(86) 0(81) 
0(57) 0(71) 0(64) 
0(63) 0(83) 
1(98) 

0.7777777777777778
precise=0.3629441624365482
recall=0.17698019801980197
F1score=0.23793677204658903

threshold=0.010099999999999994
1(109) 0(70) 0(83) 0(69) 1(94) 0(78) 0(63) 1(92) 0(67) 
0(31) 0(80) 0(42) 1(95) 0(77) 0(74) 1(92) 1(87) 
0(40) 0(73) 0(48) 0(62) 0(57) 0(46) 0(43) 
0(49) 1(89) 0(77) 0(63) 0(76) 0(65) 
0(62) 1(88) 0(56) 0(46) 0(44) 
1(100) 0(68) 0(86) 0(81) 
0(57) 0(71) 0(64) 
0(63) 0(83) 
1(98) 

0.7777777777777778
precise=0.36386138613861385
recall=0.1801470588235294
F1score=0.24098360655737705

threshold=0.010199999999999994
1(110) 0(70) 0(83) 0(69) 1(94) 0(79) 0(63) 1(92) 0(67) 
0(31) 0(81) 0(43) 1(95) 0(77) 0(76) 1(92) 1(87) 
0(40) 0(73) 0(48) 0(63) 0(57) 0(47) 0(43) 
0(49) 1(89) 0(77) 0(63) 0(76) 0(65) 
0(62) 1(88) 0(56) 0(46) 0(44) 
1(100) 0(69) 0(86) 0(81) 
0(57) 0(71) 0(64) 
0(64) 0(83) 
1(98) 

0.7777777777777778
precise=0.3647342995169082
recall=0.18325242718446602
F1score=0.24394184168012925

threshold=0.010299999999999993
1(110) 0(70) 0(83) 0(69) 1(94) 0(79) 0(63) 1(93) 0(67) 
0(31) 0(81) 0(43) 1(95) 0(77) 0(76) 1(92) 1(88) 
0(40) 0(73) 0(48) 0(64) 0(57) 0(47) 0(43) 
0(49) 1(89) 0(77) 0(63) 0(77) 0(65) 
0(63) 1(88) 0(56) 0(47) 0(44) 
1(100) 0(69) 0(86) 0(81) 
0(57) 0(71) 0(64) 
0(64) 0(85) 
1(98) 

0.7777777777777778
precise=0.36556603773584906
recall=0.18629807692307693
F1score=0.24681528662420382

threshold=0.010399999999999993
1(110) 0(70) 0(83) 0(69) 1(94) 0(79) 0(63) 1(93) 0(67) 
0(31) 0(82) 0(43) 1(95) 0(77) 0(77) 1(92) 1(89) 
0(41) 0(73) 0(48) 0(65) 0(58) 0(47) 0(43) 
0(50) 1(89) 0(78) 0(64) 0(77) 0(65) 
0(63) 1(88) 0(56) 0(47) 0(44) 
1(100) 0(69) 0(86) 0(82) 
0(57) 0(71) 0(64) 
0(64) 0(85) 
1(98) 

0.7777777777777778
precise=0.3663594470046083
recall=0.18928571428571428
F1score=0.24960753532182103

threshold=0.010499999999999992
1(110) 0(70) 0(83) 0(69) 1(94) 0(79) 0(63) 1(93) 0(67) 
0(32) 0(82) 0(43) 1(95) 0(77) 0(77) 1(92) 1(90) 
0(42) 0(73) 0(48) 0(65) 0(58) 0(48) 0(44) 
0(50) 1(89) 0(78) 0(64) 0(77) 0(66) 
0(63) 1(88) 0(56) 0(47) 0(44) 
1(100) 0(69) 0(86) 0(82) 
0(57) 0(73) 0(64) 
0(64) 0(85) 
1(98) 

0.7777777777777778
precise=0.36711711711711714
recall=0.19221698113207547
F1score=0.25232198142414863

threshold=0.010599999999999991
1(110) 0(70) 0(83) 0(70) 1(94) 0(79) 0(63) 1(93) 0(67) 
0(33) 0(82) 0(43) 1(95) 0(77) 0(78) 1(92) 1(92) 
0(42) 0(73) 0(48) 0(65) 0(58) 0(48) 0(44) 
0(51) 1(89) 0(79) 0(64) 0(77) 0(66) 
0(64) 1(88) 0(56) 0(48) 0(44) 
1(100) 0(70) 0(86) 0(82) 
0(57) 0(73) 0(64) 
0(65) 0(86) 
1(98) 

0.7777777777777778
precise=0.36784140969163
recall=0.19509345794392524
F1score=0.2549618320610687

threshold=0.01069999999999999
1(111) 0(70) 0(83) 0(70) 1(94) 0(79) 0(63) 1(93) 0(67) 
0(33) 0(82) 0(43) 1(95) 0(77) 0(78) 1(92) 1(92) 
0(42) 0(74) 0(48) 0(65) 0(58) 0(48) 0(45) 
0(51) 1(89) 0(79) 0(64) 0(77) 0(66) 
0(67) 1(88) 0(56) 0(48) 0(45) 
1(100) 0(70) 0(86) 0(82) 
0(57) 0(73) 0(64) 
0(65) 0(86) 
1(98) 

0.7777777777777778
precise=0.36853448275862066
recall=0.19791666666666666
F1score=0.2575301204819277

threshold=0.01079999999999999
1(111) 0(70) 0(83) 0(70) 1(94) 0(79) 0(63) 1(94) 0(67) 
0(34) 0(82) 0(43) 1(95) 0(78) 0(78) 1(92) 1(92) 
0(42) 0(74) 0(48) 0(65) 0(58) 0(48) 0(45) 
0(51) 1(89) 0(79) 0(65) 0(77) 0(66) 
0(69) 1(88) 0(56) 0(49) 0(46) 
1(100) 0(70) 0(86) 0(82) 
0(57) 0(74) 0(64) 
0(66) 0(86) 
1(98) 

0.7777777777777778
precise=0.3691983122362869
recall=0.2006880733944954
F1score=0.2600297176820208

threshold=0.01089999999999999
1(111) 0(70) 0(83) 0(71) 1(94) 0(79) 0(63) 1(94) 0(67) 
0(34) 0(82) 0(43) 1(95) 0(78) 0(78) 1(92) 1(92) 
0(42) 0(74) 0(48) 0(66) 0(58) 0(48) 0(45) 
0(52) 1(89) 0(79) 0(65) 0(77) 0(66) 
0(69) 1(88) 0(56) 0(51) 0(46) 
1(100) 0(70) 0(86) 0(82) 
0(57) 0(74) 0(64) 
0(68) 0(86) 
1(98) 

0.7777777777777778
precise=0.36983471074380164
recall=0.2034090909090909
F1score=0.2624633431085044

threshold=0.010999999999999989
1(111) 0(71) 0(83) 0(71) 1(94) 0(80) 0(63) 1(94) 0(67) 
0(34) 0(82) 0(43) 1(95) 0(78) 0(79) 1(92) 1(92) 
0(42) 0(74) 0(48) 0(66) 0(58) 0(48) 0(45) 
0(52) 1(89) 0(79) 0(65) 0(77) 0(66) 
0(69) 1(88) 0(56) 0(51) 0(48) 
1(100) 0(70) 0(86) 0(82) 
0(57) 0(74) 0(64) 
0(70) 0(86) 
1(98) 

0.7777777777777778
precise=0.37044534412955465
recall=0.20608108108108109
F1score=0.26483357452966716

threshold=0.011099999999999988
1(111) 0(71) 0(83) 0(72) 1(95) 0(80) 0(63) 1(94) 0(67) 
0(34) 0(82) 0(43) 1(95) 0(78) 0(79) 1(93) 1(93) 
0(42) 0(74) 0(48) 0(66) 0(58) 0(48) 0(45) 
0(52) 1(89) 0(79) 0(65) 0(77) 0(67) 
0(71) 1(88) 0(56) 0(52) 0(48) 
1(100) 0(70) 0(86) 0(82) 
0(57) 0(74) 0(64) 
0(71) 1(87) 
1(98) 

0.8
precise=0.3722772277227723
recall=0.20982142857142858
F1score=0.26837972876516775

threshold=0.011199999999999988
1(112) 0(71) 0(83) 0(72) 1(95) 0(80) 0(63) 1(95) 0(67) 
0(34) 0(82) 0(43) 1(95) 0(78) 0(79) 1(93) 1(93) 
0(42) 0(74) 0(48) 0(66) 0(58) 0(48) 0(45) 
0(52) 1(89) 0(79) 0(65) 0(77) 0(67) 
0(72) 1(88) 0(56) 0(52) 0(48) 
1(100) 0(70) 0(86) 0(84) 
0(57) 0(74) 0(64) 
0(71) 1(87) 
1(98) 

0.8
precise=0.374031007751938
recall=0.21349557522123894
F1score=0.271830985915493

threshold=0.011299999999999987
1(112) 0(72) 0(83) 0(72) 1(95) 0(80) 0(63) 1(95) 0(67) 
0(34) 0(82) 0(44) 1(95) 0(78) 0(80) 1(93) 1(93) 
0(42) 0(74) 0(49) 0(66) 0(58) 0(49) 0(45) 
0(52) 1(89) 0(79) 0(65) 0(77) 0(67) 
0(72) 1(88) 0(56) 0(52) 0(48) 
1(100) 0(70) 0(86) 0(84) 
0(57) 0(75) 0(64) 
0(72) 1(87) 
1(98) 

0.8
precise=0.3757115749525617
recall=0.21710526315789475
F1score=0.2751911049339819

threshold=0.011399999999999987
1(112) 0(73) 0(83) 0(73) 1(95) 0(80) 0(64) 1(95) 0(68) 
0(34) 0(82) 0(44) 1(95) 0(78) 0(80) 1(93) 1(93) 
0(42) 0(74) 0(49) 0(67) 0(58) 0(49) 0(46) 
0(53) 1(89) 0(79) 0(65) 0(77) 0(67) 
0(75) 1(88) 0(56) 0(52) 0(48) 
1(100) 0(70) 1(87) 0(84) 
0(58) 0(75) 0(64) 
0(72) 1(87) 
1(98) 

0.7777777777777778
precise=0.37662337662337664
recall=0.22065217391304348
F1score=0.27827278958190543

threshold=0.011499999999999986
1(112) 0(73) 0(83) 0(74) 1(95) 0(80) 0(64) 1(95) 0(68) 
0(34) 0(82) 0(46) 1(95) 0(78) 0(81) 1(93) 1(93) 
0(44) 0(75) 0(49) 0(67) 0(58) 0(49) 0(46) 
0(53) 1(89) 0(79) 0(65) 0(77) 0(67) 
0(78) 1(89) 0(56) 0(53) 0(48) 
1(100) 0(70) 1(87) 0(84) 
0(58) 0(75) 0(64) 
0(73) 1(87) 
1(98) 

0.7777777777777778
precise=0.37749546279491836
recall=0.22413793103448276
F1score=0.2812711291413117

threshold=0.011599999999999985
1(112) 0(73) 0(83) 0(75) 1(95) 0(80) 0(64) 1(95) 0(68) 
0(34) 0(82) 0(46) 1(95) 0(78) 0(82) 1(93) 1(93) 
0(44) 0(75) 0(50) 0(67) 0(58) 0(49) 0(46) 
0(53) 1(89) 0(79) 0(66) 0(77) 0(67) 
0(79) 1(89) 0(56) 0(54) 0(49) 
1(100) 0(72) 1(87) 0(84) 
0(58) 0(75) 0(64) 
0(75) 1(87) 
1(98) 

0.7777777777777778
precise=0.3783303730017762
recall=0.22756410256410256
F1score=0.28418945963975983

threshold=0.011699999999999985
1(113) 0(74) 0(83) 0(76) 1(95) 0(80) 0(64) 1(95) 0(69) 
0(34) 0(82) 0(47) 1(95) 0(78) 0(82) 1(93) 1(93) 
0(44) 0(75) 0(50) 0(68) 0(58) 0(50) 0(47) 
0(53) 1(89) 0(79) 0(66) 0(77) 0(67) 
0(80) 1(89) 0(56) 0(55) 0(49) 
1(100) 0(72) 1(87) 0(85) 
0(58) 0(76) 0(64) 
0(75) 1(87) 
1(98) 

0.7777777777777778
precise=0.3791304347826087
recall=0.2309322033898305
F1score=0.28703094140882157

threshold=0.011799999999999984
1(113) 0(74) 0(83) 0(76) 1(95) 0(80) 0(64) 1(95) 0(69) 
0(34) 0(82) 0(48) 1(95) 0(78) 0(82) 1(93) 1(93) 
0(44) 0(75) 0(50) 0(68) 0(58) 0(50) 0(47) 
0(53) 1(89) 0(79) 0(66) 0(77) 0(67) 
0(80) 1(89) 0(56) 0(55) 0(49) 
1(100) 0(72) 1(87) 0(85) 
0(58) 0(76) 0(64) 
0(76) 1(87) 
1(98) 

0.7777777777777778
precise=0.3798977853492334
recall=0.2342436974789916
F1score=0.28979857050032487

threshold=0.011899999999999984
1(113) 0(74) 0(83) 0(76) 1(95) 0(80) 0(64) 1(96) 0(69) 
0(34) 0(82) 0(48) 1(95) 0(78) 0(82) 1(93) 1(93) 
0(44) 0(75) 0(50) 0(68) 0(58) 0(50) 0(47) 
0(54) 1(89) 0(79) 0(66) 0(77) 0(68) 
0(80) 1(89) 0(56) 0(55) 0(49) 
1(100) 0(72) 1(87) 0(85) 
0(58) 0(76) 0(64) 
0(78) 1(87) 
1(98) 

0.7777777777777778
precise=0.3806343906510851
recall=0.2375
F1score=0.2924951892238615

threshold=0.011999999999999983
1(113) 0(74) 0(83) 0(76) 1(95) 0(80) 0(64) 1(96) 0(69) 
0(34) 0(83) 0(50) 1(95) 0(78) 0(82) 1(93) 1(93) 
0(44) 0(75) 0(50) 0(68) 0(59) 0(51) 0(47) 
0(54) 1(89) 0(79) 0(66) 0(77) 0(68) 
0(80) 1(89) 0(56) 0(55) 0(49) 
1(100) 0(72) 1(87) 0(85) 
0(58) 0(76) 0(64) 
0(78) 1(87) 
1(98) 

0.7777777777777778
precise=0.381342062193126
recall=0.24070247933884298
F1score=0.29512349588347053

threshold=0.012099999999999982
1(113) 0(74) 0(83) 0(76) 1(95) 0(80) 0(64) 1(96) 0(70) 
0(34) 0(83) 0(51) 1(95) 0(78) 0(82) 1(93) 1(93) 
0(44) 0(75) 0(50) 0(68) 0(59) 0(51) 0(47) 
0(54) 1(89) 0(79) 0(66) 0(77) 0(68) 
0(80) 1(89) 0(56) 0(55) 0(49) 
1(100) 0(73) 1(87) 0(85) 
0(58) 0(76) 0(64) 
0(78) 1(87) 
1(98) 

0.7777777777777778
precise=0.38202247191011235
recall=0.24385245901639344
F1score=0.29768605378361473

threshold=0.012199999999999982
1(113) 0(75) 0(83) 0(76) 1(95) 0(80) 0(64) 1(96) 0(70) 
0(35) 0(83) 0(51) 1(95) 0(78) 0(82) 1(93) 1(93) 
0(45) 0(75) 0(50) 0(68) 0(59) 0(51) 0(47) 
0(56) 1(89) 0(79) 0(67) 0(77) 0(68) 
0(80) 1(90) 0(56) 0(55) 0(49) 
1(100) 0(73) 1(87) 0(85) 
0(58) 0(76) 0(65) 
0(78) 1(87) 
1(98) 

0.7777777777777778
precise=0.3826771653543307
recall=0.24695121951219512
F1score=0.30018529956763434

threshold=0.012299999999999981
1(113) 0(75) 0(83) 0(76) 1(95) 0(81) 0(65) 1(96) 0(70) 
0(35) 0(83) 0(51) 1(95) 0(78) 0(82) 1(93) 1(93) 
0(45) 0(75) 0(51) 0(69) 0(59) 0(51) 0(48) 
0(57) 1(89) 0(79) 0(67) 0(77) 0(69) 
0(81) 1(90) 0(56) 0(55) 0(49) 
1(100) 0(73) 1(88) 0(85) 
0(58) 0(76) 0(65) 
0(78) 1(87) 
1(99) 

0.7777777777777778
precise=0.38330757341576505
recall=0.25
F1score=0.3026235509456986

threshold=0.01239999999999998
1(114) 0(75) 0(83) 0(76) 1(95) 0(82) 0(65) 1(96) 0(70) 
0(35) 0(83) 0(52) 1(95) 0(78) 0(82) 1(93) 1(93) 
0(45) 0(75) 0(51) 0(69) 0(60) 0(51) 0(48) 
0(58) 1(89) 0(79) 0(67) 0(77) 0(70) 
0(81) 1(90) 0(57) 0(56) 0(49) 
1(101) 0(73) 1(88) 0(85) 
0(59) 0(76) 0(65) 
0(78) 1(87) 
1(99) 

0.7777777777777778
precise=0.38391502276176026
recall=0.253
F1score=0.3050030138637734

threshold=0.01249999999999998
1(114) 0(75) 0(84) 0(76) 1(96) 0(82) 0(65) 1(96) 0(70) 
0(36) 0(84) 0(53) 1(95) 0(78) 0(83) 1(93) 1(93) 
0(46) 0(75) 0(51) 0(69) 0(60) 0(51) 0(49) 
0(59) 1(89) 0(79) 0(67) 0(77) 0(70) 
0(82) 1(90) 0(57) 0(57) 0(49) 
1(101) 0(73) 1(88) 0(85) 
0(59) 0(76) 0(66) 
0(79) 1(89) 
1(99) 

0.7777777777777778
precise=0.38450074515648286
recall=0.25595238095238093
F1score=0.3073257891602144

threshold=0.01259999999999998
1(114) 0(75) 0(84) 0(76) 1(96) 0(82) 0(65) 1(96) 0(70) 
0(37) 0(84) 0(53) 1(95) 0(79) 0(85) 1(93) 1(93) 
0(47) 0(75) 0(51) 0(71) 0(60) 0(51) 0(49) 
0(60) 1(89) 0(80) 0(70) 0(77) 0(70) 
0(82) 1(91) 0(57) 0(58) 0(49) 
1(101) 0(73) 1(88) 0(85) 
0(59) 0(76) 0(66) 
0(79) 1(89) 
1(99) 

0.7777777777777778
precise=0.3850658857979502
recall=0.2588582677165354
F1score=0.3095938787522072

threshold=0.012699999999999979
1(114) 0(75) 0(84) 0(76) 1(96) 0(83) 0(65) 1(96) 0(72) 
0(37) 0(84) 0(55) 1(95) 0(79) 0(85) 1(93) 1(93) 
0(48) 0(75) 0(51) 0(71) 0(60) 0(51) 0(49) 
0(60) 1(89) 0(81) 0(70) 0(77) 0(70) 
0(82) 1(91) 0(57) 0(59) 0(49) 
1(101) 0(73) 1(88) 0(85) 
0(59) 0(76) 0(67) 
0(79) 1(90) 
1(99) 

0.7777777777777778
precise=0.3856115107913669
recall=0.26171875
F1score=0.31180919139034324

threshold=0.012799999999999978
1(114) 0(75) 0(84) 0(77) 1(96) 0(83) 0(65) 1(96) 0(73) 
0(37) 0(85) 0(55) 1(95) 0(79) 0(85) 1(93) 1(93) 
0(48) 0(76) 0(52) 0(71) 0(60) 0(51) 0(50) 
0(60) 1(89) 0(81) 0(70) 0(77) 0(70) 
0(83) 1(91) 0(57) 0(59) 0(50) 
1(101) 0(73) 1(88) 0(86) 
0(59) 0(76) 0(68) 
0(79) 1(90) 
1(99) 

0.7777777777777778
precise=0.38613861386138615
recall=0.26453488372093026
F1score=0.3139735480161012

threshold=0.012899999999999977
1(114) 0(75) 0(84) 0(77) 1(96) 0(83) 0(65) 1(96) 0(73) 
0(37) 0(85) 0(55) 1(95) 0(80) 0(85) 1(93) 1(93) 
0(50) 0(76) 0(53) 0(71) 0(60) 0(53) 0(50) 
0(60) 1(89) 0(82) 0(70) 0(77) 0(71) 
0(83) 1(91) 0(57) 0(59) 0(50) 
1(101) 0(74) 1(88) 0(86) 
0(59) 0(76) 0(68) 
0(79) 1(90) 
1(99) 

0.7777777777777778
precise=0.3866481223922114
recall=0.2673076923076923
F1score=0.3160886867538374

threshold=0.012999999999999977
1(115) 0(75) 0(84) 0(78) 1(97) 0(83) 0(65) 1(96) 0(75) 
0(37) 0(85) 0(55) 1(95) 0(80) 0(85) 1(93) 1(93) 
0(50) 0(76) 0(53) 0(71) 0(60) 0(53) 0(50) 
0(60) 1(89) 0(82) 0(70) 0(77) 0(71) 
0(84) 1(91) 0(57) 0(59) 0(50) 
1(101) 0(74) 1(88) 0(86) 
0(59) 0(77) 0(68) 
0(79) 1(90) 
1(99) 

0.7777777777777778
precise=0.387140902872777
recall=0.2700381679389313
F1score=0.31815626756604837

threshold=0.013099999999999976
1(115) 0(75) 0(84) 0(78) 1(97) 0(84) 0(65) 1(96) 0(76) 
0(37) 0(86) 0(55) 1(95) 0(80) 0(85) 1(93) 1(94) 
0(51) 0(76) 0(53) 0(71) 0(60) 0(53) 0(50) 
0(60) 1(89) 0(82) 0(70) 0(77) 0(71) 
0(86) 1(91) 0(57) 0(59) 0(50) 
1(102) 0(74) 1(88) 0(86) 
0(59) 0(77) 0(68) 
0(79) 1(90) 
1(99) 

0.7777777777777778
precise=0.3876177658142665
recall=0.2727272727272727
F1score=0.32017787659811003

threshold=0.013199999999999976
1(115) 0(75) 0(84) 0(78) 1(97) 0(84) 0(65) 1(96) 0(76) 
0(37) 0(86) 0(55) 1(95) 0(80) 0(85) 1(93) 1(94) 
0(51) 0(77) 0(53) 0(71) 0(60) 0(53) 0(50) 
0(60) 1(89) 0(82) 0(70) 0(77) 0(71) 
0(86) 1(91) 0(57) 0(59) 0(50) 
1(102) 0(74) 1(88) 0(86) 
0(59) 0(78) 0(69) 
0(79) 1(90) 
1(100) 

0.7777777777777778
precise=0.3880794701986755
recall=0.27537593984962405
F1score=0.32215503023639364

threshold=0.013299999999999975
1(115) 0(75) 0(84) 0(78) 1(97) 0(84) 0(66) 1(96) 0(76) 
0(37) 0(86) 0(55) 1(95) 0(80) 0(85) 1(93) 1(94) 
0(51) 0(77) 0(54) 0(71) 0(60) 0(53) 0(50) 
0(60) 1(89) 0(82) 0(70) 0(77) 0(71) 
0(86) 1(91) 0(57) 0(60) 0(50) 
1(102) 0(74) 1(88) 0(86) 
0(59) 0(78) 0(69) 
0(80) 1(90) 
1(100) 

0.7777777777777778
precise=0.38852672750977835
recall=0.27798507462686567
F1score=0.32408917890157696

threshold=0.013399999999999974
1(115) 0(75) 0(84) 0(79) 1(97) 0(84) 0(66) 1(96) 0(76) 
0(37) 0(86) 0(55) 1(95) 0(80) 0(85) 1(93) 1(94) 
0(51) 0(77) 0(54) 0(72) 0(60) 0(53) 0(50) 
0(60) 1(89) 0(82) 0(71) 0(77) 0(71) 
1(87) 1(91) 0(57) 0(60) 0(50) 
1(102) 0(75) 1(88) 0(86) 
0(59) 0(78) 0(69) 
0(80) 1(90) 
1(100) 

0.8
precise=0.38974358974358975
recall=0.2814814814814815
F1score=0.32688172043010755

threshold=0.013499999999999974
1(115) 0(75) 0(84) 0(79) 1(97) 0(84) 0(66) 1(96) 0(76) 
0(37) 0(86) 0(55) 1(95) 0(80) 0(85) 1(93) 1(94) 
0(51) 0(77) 0(54) 0(72) 0(60) 0(53) 0(50) 
0(60) 1(89) 0(82) 0(71) 0(77) 0(72) 
1(87) 1(92) 0(57) 0(60) 0(50) 
1(102) 0(75) 1(88) 0(86) 
0(59) 0(79) 0(69) 
0(81) 1(90) 
1(100) 

0.8
precise=0.39092055485498106
recall=0.2849264705882353
F1score=0.32961190855927697

threshold=0.013599999999999973
1(115) 0(76) 0(84) 0(79) 1(97) 0(84) 0(66) 1(96) 0(76) 
0(37) 0(86) 0(55) 1(95) 0(80) 0(85) 1(93) 1(94) 
0(51) 0(77) 0(54) 0(72) 0(60) 0(54) 0(50) 
0(60) 1(89) 0(82) 0(72) 0(77) 0(72) 
1(88) 1(93) 0(57) 0(60) 0(50) 
1(102) 0(75) 1(88) 0(86) 
0(59) 0(79) 0(69) 
0(81) 1(90) 
1(100) 

0.8
precise=0.3920595533498759
recall=0.28832116788321166
F1score=0.3322818086225026

threshold=0.013699999999999973
1(115) 0(76) 0(84) 0(79) 1(97) 0(84) 0(66) 1(96) 0(76) 
0(37) 0(86) 0(55) 1(95) 0(80) 0(85) 1(93) 1(94) 
0(51) 0(77) 0(54) 0(72) 0(60) 0(54) 0(50) 
0(61) 1(89) 0(82) 0(73) 0(77) 0(72) 
1(91) 1(94) 0(57) 0(60) 0(50) 
1(102) 0(75) 1(88) 0(86) 
0(59) 0(79) 0(70) 
0(81) 1(90) 
1(100) 

0.8
precise=0.39316239316239315
recall=0.2916666666666667
F1score=0.33489339573582944

threshold=0.013799999999999972
1(115) 0(76) 0(84) 0(79) 1(97) 0(84) 0(66) 1(96) 0(77) 
0(38) 1(87) 0(56) 1(95) 0(80) 0(85) 1(93) 1(94) 
0(53) 0(77) 0(54) 0(72) 0(60) 0(54) 0(50) 
0(61) 1(89) 0(82) 0(73) 0(77) 0(72) 
1(91) 1(94) 0(57) 0(60) 0(50) 
1(102) 0(75) 1(88) 0(86) 
0(59) 0(79) 0(70) 
0(82) 1(90) 
1(100) 

0.7777777777777778
precise=0.3937575030012005
recall=0.2949640287769784
F1score=0.3372750642673522

threshold=0.013899999999999971
1(115) 0(76) 0(84) 0(80) 1(97) 0(84) 0(66) 1(96) 0(77) 
0(39) 1(87) 0(56) 1(95) 0(80) 0(85) 1(93) 1(94) 
0(53) 0(77) 0(54) 0(73) 0(60) 0(54) 0(50) 
0(62) 1(89) 0(82) 0(73) 0(77) 0(72) 
1(92) 1(94) 0(57) 0(61) 0(50) 
1(102) 0(75) 1(88) 0(86) 
0(59) 0(79) 0(70) 
0(82) 1(91) 
1(100) 

0.7777777777777778
precise=0.39433293978748524
recall=0.2982142857142857
F1score=0.33960345704117945

threshold=0.01399999999999997
1(115) 0(76) 0(84) 0(80) 1(97) 0(84) 0(66) 1(96) 0(77) 
0(40) 1(87) 0(56) 1(96) 0(80) 0(85) 1(93) 1(94) 
0(54) 0(77) 0(55) 0(73) 0(60) 0(54) 0(50) 
0(62) 1(89) 0(82) 0(74) 0(77) 0(72) 
1(93) 1(94) 0(57) 0(62) 0(50) 
1(102) 0(75) 1(88) 0(86) 
0(59) 0(79) 0(70) 
0(83) 1(91) 
1(100) 

0.7777777777777778
precise=0.3948896631823461
recall=0.30141843971631205
F1score=0.3418803418803419

threshold=0.01409999999999997
1(115) 0(76) 0(84) 0(80) 1(97) 0(84) 0(66) 1(96) 0(78) 
0(40) 1(87) 0(57) 1(96) 0(80) 0(85) 1(93) 1(94) 
0(55) 0(77) 0(55) 0(73) 0(60) 0(54) 0(50) 
0(64) 1(90) 0(82) 0(74) 0(77) 0(72) 
1(93) 1(94) 0(57) 0(63) 0(50) 
1(102) 0(75) 1(88) 0(86) 
0(59) 0(79) 0(70) 
0(83) 1(91) 
1(100) 

0.7777777777777778
precise=0.3954285714285714
recall=0.3045774647887324
F1score=0.3441074092491298

threshold=0.01419999999999997
1(115) 0(76) 0(85) 0(80) 1(97) 0(84) 0(66) 1(96) 0(78) 
0(40) 1(87) 0(57) 1(97) 0(80) 0(85) 1(93) 1(94) 
0(55) 0(77) 0(56) 0(74) 0(60) 0(54) 0(50) 
0(64) 1(90) 0(82) 0(74) 0(77) 0(72) 
1(94) 1(94) 0(57) 0(63) 0(50) 
1(102) 0(75) 1(88) 0(86) 
0(60) 0(79) 0(70) 
0(83) 1(91) 
1(100) 

0.7777777777777778
precise=0.39595050618672667
recall=0.3076923076923077
F1score=0.3462862764387605

threshold=0.014299999999999969
1(115) 0(77) 0(85) 0(80) 1(97) 0(85) 0(66) 1(96) 0(78) 
0(40) 1(87) 0(57) 1(97) 0(81) 0(86) 1(93) 1(94) 
0(55) 0(77) 0(57) 0(74) 0(60) 0(57) 0(50) 
0(65) 1(90) 0(82) 0(74) 0(77) 0(72) 
1(96) 1(94) 0(57) 0(63) 0(50) 
1(102) 0(75) 1(88) 0(86) 
0(60) 0(79) 0(70) 
0(83) 1(91) 
1(100) 

0.7777777777777778
precise=0.3964562569213732
recall=0.3107638888888889
F1score=0.3484184914841849

threshold=0.014399999999999968
1(115) 0(77) 0(85) 0(80) 1(97) 0(86) 0(67) 1(96) 0(78) 
0(40) 1(87) 0(57) 1(97) 0(81) 0(86) 1(93) 1(94) 
0(55) 0(77) 0(58) 0(74) 0(60) 0(57) 0(50) 
0(65) 1(90) 0(83) 0(74) 0(78) 0(72) 
1(96) 1(94) 0(57) 0(63) 0(50) 
1(102) 0(75) 1(88) 0(86) 
0(60) 0(79) 0(70) 
0(83) 1(92) 
1(100) 

0.7777777777777778
precise=0.3969465648854962
recall=0.3137931034482759
F1score=0.35050553683196917

threshold=0.014499999999999968
1(115) 0(77) 0(85) 0(80) 1(97) 0(86) 0(67) 1(96) 0(78) 
0(40) 1(87) 0(57) 1(97) 0(81) 0(86) 1(93) 1(94) 
0(55) 0(77) 0(58) 0(74) 0(60) 0(57) 0(50) 
0(65) 1(90) 0(83) 0(74) 0(78) 0(72) 
1(97) 1(94) 0(57) 0(63) 0(50) 
1(102) 0(75) 1(88) 0(86) 
0(60) 0(80) 0(70) 
0(83) 1(92) 
1(100) 

0.7777777777777778
precise=0.39742212674543503
recall=0.3167808219178082
F1score=0.3525488327775131

threshold=0.014599999999999967
1(115) 0(77) 0(85) 0(80) 1(97) 0(86) 0(67) 1(96) 0(78) 
0(40) 1(88) 0(57) 1(97) 0(81) 1(87) 1(93) 1(94) 
0(56) 0(77) 0(58) 0(74) 0(60) 0(57) 0(51) 
0(65) 1(90) 0(83) 0(74) 0(78) 0(72) 
1(98) 1(94) 0(57) 0(64) 0(50) 
1(102) 0(76) 1(88) 0(86) 
0(60) 0(80) 0(70) 
0(83) 1(92) 
1(100) 

0.7555555555555555
precise=0.3974630021141649
recall=0.3197278911564626
F1score=0.354382657869934

threshold=0.014699999999999967
1(115) 0(77) 0(86) 0(80) 1(97) 0(86) 0(68) 1(96) 0(78) 
0(40) 1(88) 0(57) 1(97) 0(81) 1(87) 1(93) 1(94) 
0(57) 0(77) 0(58) 0(74) 0(61) 0(57) 0(51) 
0(65) 1(90) 0(83) 0(74) 0(78) 0(72) 
1(99) 1(94) 0(57) 0(64) 0(50) 
1(102) 0(76) 1(88) 0(86) 
0(60) 0(80) 0(70) 
0(83) 1(92) 
1(100) 

0.7555555555555555
precise=0.3975026014568158
recall=0.32263513513513514
F1score=0.3561771561771562

threshold=0.014799999999999966
1(115) 0(77) 0(86) 0(80) 1(97) 0(86) 0(68) 1(96) 0(78) 
0(40) 1(88) 0(57) 1(97) 0(81) 1(87) 1(93) 1(94) 
0(57) 0(77) 0(58) 0(74) 0(61) 0(57) 0(52) 
0(65) 1(90) 0(83) 0(74) 0(78) 0(72) 
1(99) 1(94) 0(57) 0(64) 0(50) 
1(102) 0(76) 1(88) 0(86) 
0(60) 0(80) 0(70) 
0(83) 1(92) 
1(100) 

0.7555555555555555
precise=0.3975409836065574
recall=0.32550335570469796
F1score=0.35793357933579334

threshold=0.014899999999999965
1(115) 0(77) 0(86) 0(80) 1(97) 0(86) 0(68) 1(96) 0(78) 
0(40) 1(88) 0(57) 1(97) 0(82) 1(87) 1(93) 1(94) 
0(57) 0(77) 0(58) 0(74) 0(61) 0(57) 0(52) 
0(65) 1(90) 0(83) 0(74) 0(78) 0(72) 
1(99) 1(94) 0(57) 0(64) 0(50) 
1(102) 0(76) 1(88) 0(86) 
0(60) 0(80) 0(70) 
0(83) 1(92) 
1(100) 

0.7555555555555555
precise=0.3975782038345106
recall=0.3283333333333333
F1score=0.3596531264262894

threshold=0.014999999999999965
1(115) 0(77) 0(86) 0(80) 1(97) 0(86) 0(68) 1(96) 0(78) 
0(40) 1(88) 0(58) 1(97) 0(82) 1(87) 1(93) 1(94) 
0(57) 0(77) 0(58) 0(74) 0(61) 0(57) 0(52) 
0(66) 1(90) 0(83) 0(74) 0(78) 0(72) 
1(100) 1(94) 0(57) 0(64) 0(50) 
1(102) 0(76) 1(88) 0(86) 
0(60) 0(80) 0(70) 
0(83) 1(93) 
1(101) 

0.7555555555555555
precise=0.3976143141153082
recall=0.33112582781456956
F1score=0.36133694670280037

threshold=0.015099999999999964
1(115) 0(77) 0(86) 0(80) 1(97) 0(86) 0(68) 1(96) 0(79) 
0(40) 1(88) 0(58) 1(97) 0(82) 1(87) 1(93) 1(94) 
0(58) 0(77) 0(58) 0(75) 0(61) 0(59) 0(52) 
0(66) 1(90) 0(83) 0(74) 0(78) 0(72) 
1(100) 1(94) 0(57) 0(64) 0(50) 
1(102) 0(76) 1(88) 0(86) 
0(60) 0(80) 0(70) 
0(83) 1(93) 
1(101) 

0.7555555555555555
precise=0.39764936336924583
recall=0.3338815789473684
F1score=0.36298614215467145

threshold=0.015199999999999964
1(115) 0(77) 1(87) 0(80) 1(97) 0(86) 0(68) 1(96) 0(79) 
0(40) 1(88) 0(58) 1(97) 0(83) 1(87) 1(93) 1(95) 
0(58) 0(77) 0(59) 0(75) 0(61) 0(59) 0(52) 
0(66) 1(90) 0(83) 0(74) 0(78) 0(72) 
1(100) 1(94) 0(57) 0(65) 0(50) 
1(102) 0(77) 1(88) 0(86) 
0(60) 0(80) 0(70) 
0(83) 1(93) 
1(101) 

0.7333333333333333
precise=0.39729990356798456
recall=0.3366013071895425
F1score=0.36444051304732417

threshold=0.015299999999999963
1(115) 0(77) 1(87) 0(80) 1(97) 0(86) 0(69) 1(96) 0(79) 
0(41) 1(88) 0(58) 1(97) 0(84) 1(87) 1(93) 1(95) 
0(58) 0(77) 0(59) 0(75) 0(61) 0(59) 0(52) 
0(66) 1(90) 0(84) 0(74) 0(78) 0(72) 
1(100) 1(94) 0(57) 0(65) 0(51) 
1(103) 0(78) 1(88) 0(86) 
0(60) 0(80) 0(70) 
0(83) 1(93) 
1(101) 

0.7333333333333333
precise=0.3969610636277303
recall=0.3392857142857143
F1score=0.36586433260393875

threshold=0.015399999999999962
1(116) 0(77) 1(87) 0(80) 1(97) 0(86) 0(69) 1(96) 0(79) 
0(41) 1(88) 0(58) 1(97) 0(84) 1(88) 1(93) 1(95) 
0(58) 0(77) 0(61) 0(75) 0(61) 0(60) 0(52) 
0(66) 1(90) 0(84) 0(74) 0(78) 0(72) 
1(100) 1(94) 0(57) 0(65) 0(51) 
1(103) 0(79) 1(88) 0(86) 
0(60) 0(80) 0(70) 
0(83) 1(93) 
1(101) 

0.7333333333333333
precise=0.39663236669784846
recall=0.3419354838709677
F1score=0.3672585534863577

threshold=0.015499999999999962
1(116) 0(78) 1(87) 0(81) 1(97) 0(86) 0(69) 1(96) 0(81) 
0(41) 1(88) 0(58) 1(98) 0(84) 1(88) 1(93) 1(95) 
0(58) 0(77) 0(61) 0(75) 0(61) 0(60) 0(52) 
0(66) 1(90) 0(84) 0(74) 0(78) 0(72) 
1(100) 1(94) 0(57) 0(65) 0(51) 
1(103) 0(80) 1(88) 0(86) 
0(62) 0(80) 0(70) 
0(83) 1(94) 
1(101) 

0.7333333333333333
precise=0.39631336405529954
recall=0.34455128205128205
F1score=0.36862408915559364

threshold=0.015599999999999961
1(116) 0(78) 1(87) 0(81) 1(97) 0(86) 0(69) 1(96) 0(81) 
0(41) 1(88) 0(58) 1(98) 0(85) 1(88) 1(93) 1(95) 
0(58) 0(77) 0(62) 0(75) 0(61) 0(61) 0(52) 
0(66) 1(90) 0(84) 0(74) 0(78) 0(72) 
1(101) 1(94) 0(57) 0(66) 0(52) 
1(103) 0(80) 1(88) 0(86) 
0(62) 0(80) 0(70) 
0(83) 1(94) 
1(101) 

0.7333333333333333
precise=0.3960036330608538
recall=0.3471337579617834
F1score=0.36996181586762833

threshold=0.01569999999999996
1(117) 0(78) 1(87) 0(81) 1(97) 0(86) 0(69) 1(96) 0(81) 
0(41) 1(88) 0(58) 1(98) 0(85) 1(88) 1(93) 1(95) 
0(58) 0(77) 0(62) 0(76) 0(61) 0(62) 0(52) 
0(66) 1(90) 0(84) 0(74) 0(78) 0(72) 
1(101) 1(94) 0(57) 0(67) 0(52) 
1(103) 0(80) 1(88) 0(86) 
0(62) 0(80) 0(70) 
0(83) 1(94) 
1(101) 

0.7333333333333333
precise=0.39570277529095793
recall=0.34968354430379744
F1score=0.37127257454850904

threshold=0.01579999999999996
1(117) 0(78) 1(87) 0(81) 1(97) 1(87) 0(69) 1(96) 0(81) 
0(42) 1(88) 0(58) 1(98) 0(85) 1(88) 1(94) 1(95) 
0(58) 0(77) 0(63) 0(76) 0(61) 0(63) 0(52) 
0(66) 1(90) 0(84) 0(74) 0(78) 0(72) 
1(101) 1(94) 0(57) 0(67) 0(52) 
1(103) 0(81) 1(88) 0(86) 
0(63) 0(80) 0(70) 
0(83) 1(94) 
1(101) 

0.7111111111111111
precise=0.3950617283950617
recall=0.3522012578616352
F1score=0.372402327514547

threshold=0.01589999999999996
1(117) 0(78) 1(87) 0(81) 1(97) 1(87) 0(69) 1(96) 0(82) 
0(42) 1(88) 0(59) 1(98) 0(85) 1(88) 1(94) 1(95) 
0(59) 0(77) 0(63) 0(77) 0(61) 0(64) 0(53) 
0(67) 1(90) 0(84) 0(74) 0(78) 0(72) 
1(101) 1(94) 0(57) 0(68) 0(52) 
1(103) 0(82) 1(88) 0(86) 
0(64) 0(80) 0(70) 
0(84) 1(94) 
1(101) 

0.7111111111111111
precise=0.3944396177237185
recall=0.3546875
F1score=0.3735088440970794

threshold=0.01599999999999996
1(117) 0(78) 1(87) 0(81) 1(97) 1(87) 0(69) 1(96) 0(84) 
0(43) 1(88) 0(60) 1(98) 0(85) 1(88) 1(94) 1(95) 
0(60) 0(77) 0(63) 0(77) 0(61) 0(64) 0(53) 
0(69) 1(90) 0(84) 0(74) 0(78) 0(72) 
1(101) 1(94) 0(57) 0(70) 0(52) 
1(103) 0(82) 1(88) 0(86) 
0(64) 0(80) 0(70) 
0(85) 1(94) 
1(102) 

0.7111111111111111
precise=0.3938356164383562
recall=0.35714285714285715
F1score=0.3745928338762215

threshold=0.016099999999999958
1(117) 0(78) 1(87) 0(81) 1(97) 1(88) 0(69) 1(96) 0(85) 
0(43) 1(88) 0(61) 1(98) 0(85) 1(88) 1(94) 1(95) 
0(60) 0(77) 0(63) 0(77) 0(61) 0(64) 0(53) 
0(70) 1(90) 0(84) 0(74) 0(78) 0(72) 
1(101) 1(94) 0(57) 0(71) 0(52) 
1(103) 0(82) 1(88) 0(86) 
0(64) 0(80) 0(70) 
0(85) 1(94) 
1(102) 

0.7111111111111111
precise=0.39324894514767933
recall=0.3595679012345679
F1score=0.3756549778315195

threshold=0.016199999999999957
1(117) 0(78) 1(87) 0(82) 1(98) 1(88) 0(70) 1(96) 0(85) 
0(44) 1(88) 0(61) 1(98) 0(85) 1(88) 1(94) 1(95) 
0(60) 0(77) 0(65) 0(77) 0(61) 0(64) 0(53) 
0(71) 1(90) 0(84) 0(74) 0(78) 0(72) 
1(101) 1(94) 0(57) 0(71) 0(52) 
1(103) 0(82) 1(88) 0(86) 
0(64) 0(80) 0(70) 
0(85) 1(95) 
1(102) 

0.7111111111111111
precise=0.39267886855241263
recall=0.3619631901840491
F1score=0.3766959297685555

threshold=0.016299999999999957
1(117) 0(78) 1(87) 0(82) 1(98) 1(88) 0(70) 1(96) 0(86) 
0(45) 1(88) 0(61) 1(98) 0(85) 1(88) 1(94) 1(95) 
0(60) 0(78) 0(65) 0(77) 0(62) 0(64) 0(53) 
0(71) 1(90) 0(84) 0(74) 0(79) 0(74) 
1(101) 1(95) 0(57) 0(72) 0(52) 
1(103) 0(82) 1(88) 0(86) 
0(64) 0(80) 0(70) 
0(85) 1(95) 
1(102) 

0.7111111111111111
precise=0.3921246923707957
recall=0.3643292682926829
F1score=0.37771631766100355

threshold=0.016399999999999956
1(117) 0(78) 1(87) 0(82) 1(98) 1(88) 0(70) 1(96) 0(86) 
0(46) 1(89) 0(61) 1(98) 0(85) 1(89) 1(94) 1(95) 
0(60) 0(78) 0(65) 0(77) 0(62) 0(64) 0(54) 
0(72) 1(90) 0(84) 0(74) 0(79) 0(74) 
1(101) 1(95) 0(57) 0(72) 0(52) 
1(103) 0(82) 1(88) 0(86) 
0(64) 0(80) 0(70) 
0(85) 1(95) 
1(102) 

0.7111111111111111
precise=0.39158576051779936
recall=0.36666666666666664
F1score=0.37871674491392804

threshold=0.016499999999999956
1(117) 0(78) 1(87) 0(82) 1(98) 1(88) 0(70) 1(96) 0(86) 
0(46) 1(89) 0(62) 1(98) 0(85) 1(89) 1(94) 1(95) 
0(61) 0(78) 0(65) 0(77) 0(62) 0(64) 0(54) 
0(72) 1(90) 0(84) 0(74) 0(79) 0(74) 
1(101) 1(95) 0(57) 0(72) 0(53) 
1(103) 0(82) 1(88) 0(86) 
0(64) 0(80) 0(70) 
0(85) 1(95) 
1(102) 

0.7111111111111111
precise=0.39106145251396646
recall=0.3689759036144578
F1score=0.37969779155366135

threshold=0.016599999999999955
1(117) 0(78) 1(87) 0(82) 1(98) 1(89) 0(70) 1(96) 0(86) 
0(46) 1(89) 0(62) 1(98) 0(85) 1(89) 1(94) 1(95) 
0(63) 0(78) 0(65) 0(77) 0(62) 0(64) 0(54) 
0(72) 1(90) 0(84) 0(75) 0(79) 0(74) 
1(101) 1(95) 0(57) 0(72) 0(54) 
1(103) 0(82) 1(88) 0(86) 
0(64) 0(80) 0(70) 
0(86) 1(96) 
1(102) 

0.7111111111111111
precise=0.3905511811023622
recall=0.3712574850299401
F1score=0.3806600153491942

threshold=0.016699999999999954
1(117) 0(78) 1(87) 0(82) 1(98) 1(89) 0(70) 1(96) 0(86) 
0(46) 1(89) 0(62) 1(98) 0(85) 1(89) 1(94) 1(95) 
0(63) 0(78) 0(65) 0(77) 0(62) 0(64) 0(54) 
0(72) 1(90) 0(84) 0(75) 0(79) 0(74) 
1(101) 1(95) 0(57) 0(72) 0(54) 
1(103) 0(82) 1(88) 0(86) 
0(64) 0(80) 0(70) 
1(87) 1(96) 
1(102) 

0.7333333333333333
precise=0.390527950310559
recall=0.3742559523809524
F1score=0.3822188449848024

threshold=0.016799999999999954
1(117) 0(78) 1(87) 0(83) 1(98) 1(89) 0(70) 1(96) 0(86) 
0(46) 1(89) 0(62) 1(98) 0(85) 1(89) 1(94) 1(96) 
0(63) 0(78) 0(65) 0(77) 0(62) 0(64) 0(54) 
0(72) 1(90) 0(84) 0(76) 0(79) 0(75) 
1(101) 1(95) 0(57) 0(72) 0(54) 
1(103) 0(82) 1(88) 0(86) 
0(65) 0(80) 0(70) 
1(88) 1(96) 
1(102) 

0.7333333333333333
precise=0.3905053598774885
recall=0.3772189349112426
F1score=0.3837471783295711

threshold=0.016899999999999953
1(117) 0(78) 1(87) 0(84) 1(98) 1(89) 0(70) 1(96) 1(87) 
0(46) 1(89) 0(62) 1(98) 0(85) 1(89) 1(94) 1(96) 
0(63) 0(78) 0(65) 0(78) 0(64) 0(64) 0(54) 
0(72) 1(90) 0(84) 0(76) 0(79) 0(75) 
1(101) 1(95) 0(57) 0(73) 0(55) 
1(103) 0(82) 1(88) 0(86) 
0(65) 0(80) 0(70) 
1(89) 1(96) 
1(102) 

0.7111111111111111
precise=0.390188679245283
recall=0.3801470588235294
F1score=0.3851024208566108

threshold=0.016999999999999953
1(117) 0(78) 1(87) 0(85) 1(98) 1(89) 0(70) 1(96) 1(87) 
0(46) 1(89) 0(62) 1(98) 0(85) 1(89) 1(94) 1(96) 
0(63) 0(78) 0(66) 0(78) 0(64) 0(64) 0(54) 
0(72) 1(90) 0(84) 0(76) 0(79) 0(75) 
1(101) 1(95) 0(57) 0(73) 0(55) 
1(103) 0(82) 1(88) 0(86) 
0(65) 0(80) 0(70) 
1(90) 1(96) 
1(102) 

0.7111111111111111
precise=0.3898809523809524
recall=0.3830409356725146
F1score=0.3864306784660767

threshold=0.017099999999999952
1(117) 0(78) 1(87) 0(85) 1(98) 1(89) 0(72) 1(96) 1(87) 
0(47) 1(89) 0(63) 1(98) 0(85) 1(90) 1(94) 1(96) 
0(63) 0(78) 0(67) 0(78) 0(64) 0(65) 0(54) 
0(72) 1(90) 0(84) 0(76) 0(79) 0(75) 
1(101) 1(95) 0(57) 0(74) 0(55) 
1(104) 0(82) 1(89) 0(86) 
0(65) 0(80) 0(70) 
1(91) 1(96) 
1(102) 

0.7111111111111111
precise=0.38958180484225974
recall=0.3859011627906977
F1score=0.3877327491785323

threshold=0.01719999999999995
1(117) 0(78) 1(87) 0(85) 1(98) 1(89) 0(72) 1(96) 1(87) 
0(47) 1(89) 0(63) 1(98) 0(85) 1(91) 1(94) 1(96) 
0(65) 0(78) 0(67) 0(78) 0(64) 0(65) 0(54) 
0(72) 1(90) 0(84) 0(76) 0(79) 0(75) 
1(101) 1(95) 0(57) 0(75) 0(55) 
1(104) 0(82) 1(89) 0(86) 
0(65) 0(80) 0(70) 
1(91) 1(96) 
1(102) 

0.7111111111111111
precise=0.38929088277858176
recall=0.38872832369942195
F1score=0.38900939985538685

threshold=0.01729999999999995
1(117) 0(79) 1(87) 0(85) 1(98) 1(89) 0(72) 1(96) 1(87) 
0(47) 1(89) 0(65) 1(98) 0(85) 1(91) 1(94) 1(96) 
0(65) 0(78) 0(67) 0(78) 0(64) 0(65) 0(54) 
0(74) 1(90) 0(84) 0(76) 0(79) 0(75) 
1(101) 1(95) 0(57) 0(76) 0(55) 
1(104) 0(82) 1(89) 0(86) 
0(65) 0(80) 0(70) 
1(91) 1(96) 
1(102) 

0.7111111111111111
precise=0.38900785153461814
recall=0.3915229885057471
F1score=0.3902613677049767

threshold=0.01739999999999995
1(117) 0(79) 1(87) 0(85) 1(98) 1(89) 0(72) 1(96) 1(88) 
0(48) 1(89) 0(66) 1(98) 0(85) 1(91) 1(94) 1(96) 
0(65) 0(78) 0(67) 0(79) 0(64) 0(65) 0(54) 
0(75) 1(90) 0(84) 0(76) 0(79) 0(75) 
1(102) 1(95) 0(57) 0(76) 0(56) 
1(104) 0(82) 1(89) 0(86) 
0(65) 0(80) 0(70) 
1(92) 1(96) 
1(103) 

0.7111111111111111
precise=0.38873239436619716
recall=0.3942857142857143
F1score=0.39148936170212767

threshold=0.01749999999999995
1(117) 0(79) 1(87) 0(85) 1(98) 1(89) 0(72) 1(96) 1(89) 
0(49) 1(89) 0(66) 1(98) 0(86) 1(91) 1(94) 1(96) 
0(65) 0(79) 0(67) 0(79) 0(64) 0(66) 0(54) 
0(75) 1(90) 0(84) 0(76) 0(79) 0(75) 
1(102) 1(95) 0(58) 0(76) 0(56) 
1(104) 0(82) 1(89) 0(86) 
0(65) 0(80) 0(70) 
1(93) 1(96) 
1(103) 

0.7111111111111111
precise=0.38846421125781794
recall=0.39701704545454547
F1score=0.3926940639269406

threshold=0.01759999999999995
1(117) 0(79) 1(87) 0(85) 1(98) 1(89) 0(72) 1(96) 1(89) 
0(50) 1(89) 0(66) 1(98) 0(86) 1(91) 1(94) 1(96) 
0(65) 0(79) 0(67) 0(79) 0(64) 0(66) 0(54) 
0(75) 1(90) 0(84) 0(76) 0(79) 0(75) 
1(102) 1(95) 0(58) 0(76) 0(57) 
1(104) 0(82) 1(89) 0(86) 
0(65) 0(80) 0(70) 
1(93) 1(96) 
1(105) 

0.7111111111111111
precise=0.38820301783264743
recall=0.3997175141242938
F1score=0.3938761308281141

threshold=0.01769999999999995
1(117) 0(79) 1(87) 0(85) 1(98) 1(89) 0(72) 1(96) 1(89) 
0(50) 1(89) 0(66) 1(98) 0(86) 1(91) 1(94) 1(96) 
0(66) 0(79) 0(69) 0(79) 0(64) 0(66) 0(54) 
0(76) 1(90) 0(84) 0(76) 0(79) 0(75) 
1(102) 1(95) 0(58) 0(77) 0(57) 
1(104) 0(83) 1(89) 0(86) 
0(65) 0(80) 0(70) 
1(94) 1(96) 
1(105) 

0.7111111111111111
precise=0.3879485443466486
recall=0.4023876404494382
F1score=0.39503619441571874

threshold=0.017799999999999948
1(117) 0(79) 1(87) 0(85) 1(98) 1(89) 0(72) 1(96) 1(89) 
0(52) 1(89) 0(66) 1(98) 0(86) 1(91) 1(94) 1(96) 
0(66) 0(79) 0(70) 0(79) 0(64) 0(66) 0(54) 
0(76) 1(90) 0(84) 0(77) 0(79) 0(75) 
1(102) 1(95) 0(58) 0(77) 0(57) 
1(104) 0(83) 1(89) 0(86) 
0(65) 0(80) 0(71) 
1(94) 1(96) 
1(105) 

0.7111111111111111
precise=0.3877005347593583
recall=0.40502793296089384
F1score=0.39617486338797814

threshold=0.017899999999999947
1(117) 0(79) 1(87) 0(85) 1(98) 1(89) 0(72) 1(96) 1(89) 
0(53) 1(89) 0(66) 1(98) 0(86) 1(91) 1(94) 1(96) 
0(66) 0(79) 0(70) 0(79) 0(64) 0(66) 0(54) 
0(76) 1(90) 0(84) 0(77) 0(79) 0(75) 
1(103) 1(95) 0(58) 0(77) 0(57) 
1(104) 0(83) 1(89) 0(86) 
0(66) 0(80) 0(71) 
1(94) 1(96) 
1(105) 

0.7111111111111111
precise=0.38745874587458745
recall=0.4076388888888889
F1score=0.3972927241962775

threshold=0.017999999999999947
1(117) 0(79) 1(87) 0(85) 1(98) 1(89) 0(72) 1(96) 1(89) 
0(54) 1(89) 0(66) 1(98) 0(86) 1(91) 1(94) 1(96) 
0(67) 0(79) 0(70) 0(79) 0(65) 0(67) 0(54) 
0(76) 1(90) 0(84) 0(77) 0(79) 0(75) 
1(103) 1(95) 0(58) 0(78) 0(57) 
1(104) 0(83) 1(89) 0(86) 
0(66) 0(80) 0(71) 
1(94) 1(96) 
1(105) 

0.7111111111111111
precise=0.38722294654498046
recall=0.4102209944751381
F1score=0.3983903420523139

threshold=0.018099999999999946
1(117) 0(79) 1(87) 0(85) 1(98) 1(89) 0(72) 1(96) 1(89) 
0(55) 1(89) 0(66) 1(98) 0(86) 1(91) 1(94) 1(96) 
0(67) 0(79) 0(70) 0(79) 0(65) 0(68) 0(56) 
0(76) 1(90) 0(84) 0(77) 0(79) 0(75) 
1(103) 1(95) 0(58) 0(78) 0(57) 
1(104) 0(83) 1(89) 0(86) 
0(66) 0(81) 0(71) 
1(94) 1(96) 
1(105) 

0.7111111111111111
precise=0.38699291693496457
recall=0.41277472527472525
F1score=0.3994682618810236

threshold=0.018199999999999945
1(117) 0(79) 1(87) 0(85) 1(98) 1(89) 0(73) 1(96) 1(89) 
0(55) 1(89) 0(66) 1(98) 0(86) 1(91) 1(95) 1(96) 
0(67) 0(79) 0(70) 0(79) 0(65) 0(68) 0(56) 
0(76) 1(90) 0(84) 0(77) 0(79) 0(75) 
1(103) 1(95) 0(58) 0(78) 0(57) 
1(104) 0(83) 1(89) 0(86) 
0(66) 0(81) 0(71) 
1(94) 1(96) 
1(105) 

0.7111111111111111
precise=0.38676844783715014
recall=0.41530054644808745
F1score=0.4005270092226614

threshold=0.018299999999999945
1(117) 0(80) 1(87) 0(85) 1(98) 1(89) 0(73) 1(96) 1(89) 
0(55) 1(89) 0(66) 1(98) 0(86) 1(91) 1(95) 1(96) 
0(68) 0(79) 0(70) 0(79) 0(65) 0(68) 0(56) 
0(77) 1(90) 0(84) 0(77) 0(79) 0(75) 
1(103) 1(95) 0(58) 0(78) 0(57) 
1(104) 0(85) 1(89) 0(86) 
0(66) 0(81) 0(71) 
1(94) 1(97) 
1(105) 

0.7111111111111111
precise=0.38654934003771213
recall=0.41779891304347827
F1score=0.4015670910871694

threshold=0.018399999999999944
1(117) 0(80) 1(87) 0(85) 1(98) 1(89) 0(73) 1(96) 1(89) 
0(55) 1(89) 0(66) 1(98) 0(86) 1(91) 1(95) 1(96) 
0(68) 0(80) 0(70) 0(79) 0(65) 0(68) 0(56) 
0(77) 1(90) 0(84) 0(77) 0(79) 0(75) 
1(103) 1(95) 0(59) 0(79) 0(58) 
1(104) 0(85) 1(89) 0(86) 
0(66) 0(81) 0(71) 
1(94) 1(97) 
1(105) 

0.7111111111111111
precise=0.38633540372670805
recall=0.42027027027027025
F1score=0.40258899676375404

threshold=0.018499999999999944
1(117) 0(80) 1(87) 0(86) 1(98) 1(89) 0(73) 1(96) 1(89) 
0(55) 1(89) 0(66) 1(98) 0(86) 1(91) 1(95) 1(96) 
0(70) 0(80) 0(72) 0(79) 0(66) 0(68) 0(57) 
0(77) 1(90) 0(84) 0(77) 0(79) 0(75) 
1(103) 1(95) 0(59) 0(79) 0(58) 
1(104) 0(86) 1(89) 0(86) 
0(66) 0(81) 0(71) 
1(94) 1(97) 
1(105) 

0.7111111111111111
precise=0.3861264579496624
recall=0.4227150537634409
F1score=0.40359319858838627

threshold=0.018599999999999943
1(117) 0(80) 1(87) 0(86) 1(98) 1(89) 0(73) 1(96) 1(89) 
0(56) 1(89) 0(66) 1(98) 0(86) 1(91) 1(95) 1(96) 
0(71) 0(80) 0(74) 0(79) 0(66) 0(68) 0(57) 
0(77) 1(90) 0(84) 0(77) 0(79) 0(75) 
1(103) 1(95) 0(59) 0(79) 0(58) 
1(105) 0(86) 1(89) 0(86) 
0(66) 0(81) 0(71) 
1(94) 1(97) 
1(105) 

0.7111111111111111
precise=0.3859223300970874
recall=0.42513368983957217
F1score=0.40458015267175573

threshold=0.018699999999999942
1(117) 0(80) 1(87) 0(86) 1(98) 1(89) 0(74) 1(96) 1(90) 
0(56) 1(89) 0(66) 1(98) 0(86) 1(91) 1(95) 1(96) 
0(72) 0(80) 0(74) 0(79) 0(66) 0(68) 0(58) 
0(77) 1(90) 0(84) 0(78) 0(79) 0(75) 
1(103) 1(95) 0(59) 0(79) 0(58) 
1(105) 0(86) 1(89) 0(86) 
0(66) 0(81) 0(71) 
1(94) 1(97) 
1(105) 

0.7111111111111111
precise=0.3857228554289142
recall=0.4275265957446808
F1score=0.4055502995900347

threshold=0.018799999999999942
1(117) 0(80) 1(87) 0(86) 1(98) 1(89) 0(74) 1(96) 1(90) 
0(57) 1(89) 0(66) 1(98) 0(86) 1(91) 1(95) 1(96) 
0(73) 0(80) 0(75) 0(79) 0(66) 0(68) 0(59) 
0(78) 1(90) 0(84) 0(78) 0(79) 0(75) 
1(103) 1(95) 0(59) 0(79) 0(58) 
1(105) 1(87) 1(89) 0(86) 
0(67) 0(81) 0(71) 
1(94) 1(97) 
1(105) 

0.6888888888888889
precise=0.38529934795494963
recall=0.4298941798941799
F1score=0.4063769928102532

threshold=0.01889999999999994
1(117) 0(80) 1(87) 0(86) 1(98) 1(89) 0(74) 1(96) 1(90) 
0(58) 1(89) 0(66) 1(98) 0(86) 1(92) 1(95) 1(96) 
0(73) 0(80) 0(75) 0(80) 0(66) 0(68) 0(60) 
0(78) 1(90) 0(84) 0(78) 0(79) 0(75) 
1(103) 1(96) 0(59) 0(80) 0(60) 
1(105) 1(87) 1(89) 0(86) 
0(67) 0(81) 0(71) 
1(94) 1(97) 
1(105) 

0.6888888888888889
precise=0.38488576449912126
recall=0.43223684210526314
F1score=0.40718933994422063

threshold=0.01899999999999994
1(117) 0(80) 1(87) 0(86) 1(98) 1(89) 0(74) 1(96) 1(90) 
0(59) 1(89) 0(68) 1(98) 0(86) 1(92) 1(95) 1(96) 
0(74) 0(80) 0(75) 0(80) 0(66) 0(68) 0(60) 
0(78) 1(90) 0(84) 0(78) 0(79) 0(75) 
1(103) 1(96) 0(59) 0(80) 0(60) 
1(105) 1(87) 1(89) 0(86) 
0(67) 0(81) 0(71) 
1(94) 1(98) 
1(105) 

0.6888888888888889
precise=0.3844817602779386
recall=0.43455497382198954
F1score=0.4079877112135177

threshold=0.01909999999999994
1(117) 0(80) 1(87) 0(86) 1(98) 1(89) 0(74) 1(96) 1(90) 
0(59) 1(89) 0(68) 1(98) 0(86) 1(92) 1(95) 1(96) 
0(74) 0(80) 0(75) 0(80) 0(66) 0(68) 0(60) 
0(78) 1(90) 0(84) 0(78) 0(79) 0(76) 
1(103) 1(96) 0(59) 0(80) 0(61) 
1(105) 1(87) 1(89) 0(86) 
0(67) 0(81) 0(71) 
1(94) 1(98) 
1(105) 

0.6888888888888889
precise=0.3840870062965083
recall=0.4368489583333333
F1score=0.4087724642095644

threshold=0.01919999999999994
1(118) 0(80) 1(87) 0(86) 1(98) 1(89) 0(75) 1(96) 1(90) 
0(61) 1(89) 0(68) 1(98) 1(87) 1(92) 1(95) 1(96) 
0(74) 0(80) 0(75) 0(80) 0(66) 0(68) 0(60) 
0(78) 1(90) 0(84) 0(78) 0(79) 0(76) 
1(103) 1(96) 0(59) 0(80) 0(61) 
1(105) 1(87) 1(89) 0(86) 
0(67) 0(81) 0(71) 
1(94) 1(98) 
1(105) 

0.6666666666666666
precise=0.3834841628959276
recall=0.43911917098445596
F1score=0.40942028985507245

threshold=0.01929999999999994
1(118) 0(80) 1(87) 0(86) 1(98) 1(89) 0(75) 1(96) 1(90) 
0(61) 1(89) 0(68) 1(98) 1(87) 1(92) 1(95) 1(96) 
0(75) 0(81) 0(75) 0(80) 0(66) 0(68) 0(60) 
0(78) 1(90) 0(84) 0(78) 0(79) 0(76) 
1(103) 1(96) 0(59) 0(80) 0(61) 
1(105) 1(87) 1(90) 0(86) 
0(67) 0(81) 0(72) 
1(94) 1(98) 
1(105) 

0.6666666666666666
precise=0.38289547233091115
recall=0.4413659793814433
F1score=0.41005686920083806

threshold=0.019399999999999938
1(118) 0(80) 1(87) 0(86) 1(98) 1(89) 0(75) 1(96) 1(90) 
0(61) 1(89) 0(68) 1(98) 1(87) 1(92) 1(95) 1(96) 
0(76) 0(81) 0(75) 0(80) 0(66) 0(68) 0(60) 
0(78) 1(90) 0(84) 0(78) 0(79) 0(76) 
1(103) 1(96) 0(59) 0(81) 0(61) 
1(105) 1(87) 1(90) 0(86) 
0(67) 0(81) 0(72) 
1(94) 1(98) 
1(105) 

0.6666666666666666
precise=0.38232044198895027
recall=0.44358974358974357
F1score=0.4106824925816024

threshold=0.019499999999999938
1(118) 0(80) 1(87) 0(86) 1(98) 1(89) 0(75) 1(96) 1(90) 
0(61) 1(89) 0(69) 1(98) 1(87) 1(92) 1(95) 1(96) 
0(76) 0(81) 0(75) 0(80) 0(66) 0(69) 0(60) 
0(78) 1(90) 0(84) 0(80) 0(79) 0(76) 
1(104) 1(96) 0(59) 0(82) 0(61) 
1(105) 1(88) 1(90) 0(86) 
0(67) 0(81) 0(72) 
1(94) 1(98) 
1(105) 

0.6666666666666666
precise=0.3817586018569088
recall=0.4457908163265306
F1score=0.411297440423654

threshold=0.019599999999999937
1(118) 0(80) 1(87) 0(86) 1(98) 1(89) 0(75) 1(96) 1(91) 
0(62) 1(89) 0(70) 1(98) 1(87) 1(92) 1(95) 1(96) 
0(77) 0(81) 0(76) 0(80) 0(66) 0(69) 0(60) 
0(78) 1(90) 0(84) 0(80) 0(79) 0(76) 
1(104) 1(96) 0(59) 0(82) 0(61) 
1(105) 1(88) 1(90) 0(86) 
0(67) 0(81) 0(72) 
1(95) 1(98) 
1(105) 

0.6666666666666666
precise=0.38120950323974084
recall=0.4479695431472081
F1score=0.411901983663944

threshold=0.019699999999999936
1(118) 0(80) 1(87) 0(86) 1(98) 1(89) 0(76) 1(96) 1(91) 
0(62) 1(89) 0(70) 1(98) 1(87) 1(92) 1(95) 1(96) 
0(77) 0(81) 0(76) 0(80) 0(66) 0(70) 0(61) 
0(79) 1(90) 0(84) 0(81) 0(79) 0(76) 
1(104) 1(96) 0(59) 0(82) 0(62) 
1(105) 1(88) 1(90) 0(86) 
0(67) 0(81) 0(72) 
1(95) 1(98) 
1(105) 

0.6666666666666666
precise=0.3806727175654031
recall=0.45012626262626265
F1score=0.4124963841481053

threshold=0.019799999999999936
1(119) 0(80) 1(87) 0(86) 1(98) 1(89) 0(76) 1(96) 1(91) 
0(62) 1(89) 0(70) 1(98) 1(87) 1(92) 1(95) 1(96) 
0(77) 0(81) 0(76) 0(81) 0(66) 0(70) 0(61) 
0(80) 1(90) 0(84) 0(81) 0(79) 0(76) 
1(104) 1(96) 0(59) 0(82) 0(62) 
1(105) 1(88) 1(90) 0(86) 
0(67) 0(81) 0(72) 
1(95) 1(98) 
1(105) 

0.6666666666666666
precise=0.3801478352692714
recall=0.45226130653266333
F1score=0.41308089500860584

threshold=0.019899999999999935
1(119) 0(80) 1(87) 0(86) 1(98) 1(89) 0(76) 1(96) 1(91) 
0(63) 1(89) 0(70) 1(98) 1(87) 1(92) 1(95) 1(96) 
0(78) 0(81) 0(76) 0(81) 0(66) 0(70) 0(61) 
0(80) 1(90) 0(84) 0(81) 0(79) 0(76) 
1(104) 1(96) 0(59) 0(82) 0(63) 
1(105) 1(88) 1(90) 0(86) 
0(68) 0(81) 0(72) 
1(95) 1(98) 
1(105) 

0.6666666666666666
precise=0.3796344647519582
recall=0.454375
F1score=0.41365576102418206

threshold=0.019999999999999934
1(119) 0(80) 1(87) 0(86) 1(98) 1(89) 0(76) 1(96) 1(91) 
0(63) 1(89) 0(70) 1(98) 1(87) 1(93) 1(95) 1(96) 
0(79) 0(81) 0(76) 0(81) 0(66) 0(70) 0(61) 
0(80) 1(90) 0(84) 0(81) 0(79) 0(76) 
1(104) 1(97) 0(59) 0(82) 0(63) 
1(105) 1(88) 1(90) 0(86) 
0(68) 0(81) 0(72) 
1(95) 1(98) 
1(105) 

0.6666666666666666
precise=0.37913223140495866
recall=0.4564676616915423
F1score=0.4142212189616253

Max accuracy is 0.8222222222222222 at threshold 0.0029999999999999988
Max precise is 0.39764936336924583 at threshold 0.015099999999999964
Max recall is 0.4564676616915423 at threshold 0.019999999999999934
Max F1score is 0.4142212189616253 at threshold 0.019999999999999934
