threshold=0.0
0(2) 0(3) 0(27) 0(2) 0(14) 0(2) 0(2) 0(2) 
0(1) 0(25) 0(0) 0(12) 0(0) 0(0) 0(0) 
0(25) 0(1) 0(13) 0(1) 0(1) 0(1) 
0(25) 0(29) 0(25) 0(25) 0(25) 
0(12) 0(0) 0(0) 0(0) 
0(12) 0(12) 0(12) 
0(0) 0(0) 
0(0) 

0.7222222222222222
precise=0.3279765968044681
recall=0.0
F1score=0.0

threshold=0.0001
0(12) 0(7) 0(35) 0(7) 0(18) 0(9) 0(7) 0(4) 
0(4) 0(39) 0(2) 0(17) 0(6) 0(16) 0(5) 
0(25) 0(5) 0(16) 0(1) 0(4) 0(3) 
0(32) 0(32) 0(29) 0(31) 0(30) 
0(20) 0(4) 0(9) 0(6) 
0(19) 0(26) 0(21) 
0(8) 0(5) 
0(10) 

0.7222222222222222
precise=0.3279765968044681
recall=0.0
F1score=0.0

threshold=0.0002
0(14) 0(7) 0(36) 0(9) 0(21) 0(16) 0(10) 0(5) 
0(5) 0(47) 0(5) 0(20) 0(6) 0(21) 0(8) 
0(29) 0(8) 0(18) 0(3) 0(4) 0(5) 
0(32) 0(35) 0(30) 0(36) 0(33) 
0(22) 0(6) 0(10) 0(8) 
0(20) 0(31) 0(28) 
0(8) 0(6) 
0(16) 

0.7222222222222222
precise=0.3279765968044681
recall=0.0
F1score=0.0

threshold=0.00030000000000000003
0(15) 0(10) 0(38) 0(12) 0(21) 0(16) 0(10) 0(5) 
0(5) 0(47) 0(5) 0(20) 0(6) 0(25) 0(11) 
0(29) 0(9) 0(18) 0(4) 0(4) 0(6) 
0(32) 0(39) 0(35) 0(39) 0(37) 
0(25) 0(8) 0(13) 0(9) 
0(23) 0(35) 0(31) 
0(11) 0(7) 
0(23) 

0.7222222222222222
precise=0.3279765968044681
recall=0.0
F1score=0.0

threshold=0.0004
0(15) 0(12) 0(39) 0(14) 0(22) 0(17) 0(12) 0(7) 
0(5) 0(49) 0(6) 0(22) 0(7) 0(31) 0(12) 
0(30) 0(9) 0(19) 0(4) 0(4) 0(6) 
0(33) 0(41) 0(37) 0(42) 0(38) 
0(26) 0(9) 0(14) 0(10) 
0(24) 0(36) 0(33) 
0(11) 0(8) 
0(23) 

0.7222222222222222
precise=0.3279765968044681
recall=0.0
F1score=0.0

threshold=0.0005
0(18) 0(14) 0(39) 0(15) 0(23) 0(17) 0(12) 0(9) 
0(6) 0(51) 0(6) 0(25) 0(10) 0(32) 0(14) 
0(30) 0(10) 0(19) 0(5) 0(4) 0(7) 
0(33) 0(42) 0(39) 0(43) 0(40) 
0(26) 0(10) 0(16) 0(10) 
0(25) 0(37) 0(36) 
0(11) 0(8) 
0(25) 

0.7222222222222222
precise=0.3279765968044681
recall=0.0
F1score=0.0

threshold=0.0006000000000000001
0(19) 0(14) 0(40) 0(16) 0(24) 0(18) 0(13) 0(10) 
0(6) 0(53) 0(6) 0(26) 0(10) 0(35) 0(15) 
0(30) 0(10) 0(19) 0(5) 0(4) 0(7) 
0(33) 0(44) 0(40) 0(44) 0(41) 
0(26) 0(14) 0(16) 0(11) 
0(26) 0(41) 0(37) 
0(13) 0(9) 
0(28) 

0.7222222222222222
precise=0.3279765968044681
recall=0.0
F1score=0.0

threshold=0.0007000000000000001
0(20) 0(16) 0(40) 0(16) 0(24) 0(22) 0(14) 0(10) 
0(6) 0(53) 0(7) 0(28) 0(10) 0(36) 0(17) 
0(30) 0(13) 0(21) 0(6) 0(5) 0(7) 
0(34) 0(46) 0(40) 0(45) 0(43) 
0(27) 0(18) 0(16) 0(13) 
0(26) 0(42) 0(38) 
0(14) 0(10) 
0(29) 

0.7222222222222222
precise=0.3279765968044681
recall=0.0
F1score=0.0

threshold=0.0008000000000000001
0(22) 0(17) 0(40) 0(17) 0(24) 0(23) 0(15) 0(10) 
0(6) 0(58) 0(7) 0(29) 0(10) 0(39) 0(18) 
0(30) 0(13) 0(21) 0(7) 0(8) 0(8) 
0(36) 0(46) 0(40) 0(47) 0(45) 
0(27) 0(18) 0(17) 0(13) 
0(28) 0(42) 0(39) 
0(14) 0(10) 
0(30) 

0.7222222222222222
precise=0.3279765968044681
recall=0.0
F1score=0.0

threshold=0.0009000000000000002
0(24) 0(19) 0(42) 0(19) 0(25) 0(24) 0(15) 0(10) 
0(7) 0(58) 0(7) 0(30) 0(11) 0(41) 0(20) 
0(30) 0(14) 0(22) 0(8) 0(9) 0(8) 
0(36) 0(47) 0(42) 0(49) 0(46) 
0(29) 0(21) 0(17) 0(14) 
0(29) 0(43) 0(41) 
0(16) 0(10) 
0(32) 

0.7222222222222222
precise=0.3279765968044681
recall=0.0
F1score=0.0

threshold=0.0010000000000000002
0(25) 0(23) 0(43) 0(20) 0(25) 0(27) 0(16) 0(11) 
0(8) 0(60) 0(8) 0(31) 0(14) 0(41) 0(21) 
0(30) 0(15) 0(22) 0(9) 0(9) 0(8) 
0(36) 0(47) 0(42) 0(49) 0(46) 
0(30) 0(23) 0(18) 0(16) 
0(29) 0(45) 0(45) 
0(16) 0(12) 
0(38) 

0.7222222222222222
precise=0.3279765968044681
recall=0.0
F1score=0.0

threshold=0.0011000000000000003
0(27) 0(25) 0(43) 0(22) 0(26) 0(28) 0(16) 0(12) 
0(10) 0(60) 0(8) 0(31) 0(14) 0(42) 0(22) 
0(30) 0(17) 0(22) 0(9) 0(10) 0(8) 
0(37) 0(48) 0(42) 0(49) 0(48) 
0(30) 0(25) 0(19) 0(16) 
0(30) 0(47) 0(46) 
0(18) 0(12) 
0(40) 

0.7222222222222222
precise=0.3279765968044681
recall=0.0
F1score=0.0

threshold=0.0012000000000000003
0(29) 0(25) 0(43) 0(23) 0(30) 0(28) 0(19) 0(12) 
0(10) 0(62) 0(10) 0(34) 0(15) 0(44) 0(22) 
0(30) 0(18) 0(23) 0(10) 0(10) 0(8) 
0(39) 0(48) 0(44) 0(50) 0(50) 
0(30) 0(27) 0(20) 0(16) 
0(32) 0(48) 0(46) 
0(21) 0(13) 
0(45) 

0.7222222222222222
precise=0.3279765968044681
recall=0.0
F1score=0.0

threshold=0.0013000000000000004
0(29) 0(26) 0(45) 0(24) 0(30) 0(28) 0(20) 0(12) 
0(11) 0(62) 0(11) 0(34) 0(15) 0(44) 0(26) 
0(31) 0(18) 0(23) 0(10) 0(11) 0(8) 
0(39) 0(48) 0(44) 0(50) 0(52) 
0(31) 0(27) 0(21) 0(16) 
0(33) 0(49) 0(46) 
0(22) 0(13) 
0(46) 

0.7222222222222222
precise=0.3279765968044681
recall=0.0
F1score=0.0

threshold=0.0014000000000000004
0(29) 0(27) 0(46) 0(24) 0(31) 0(29) 0(20) 0(12) 
0(11) 0(63) 0(12) 0(36) 0(16) 0(45) 0(27) 
0(31) 0(18) 0(23) 0(10) 0(11) 0(8) 
0(39) 0(48) 0(44) 0(52) 0(52) 
0(31) 0(29) 0(21) 0(16) 
0(34) 0(51) 0(46) 
0(24) 0(14) 
0(49) 

0.7222222222222222
precise=0.3279765968044681
recall=0.0
F1score=0.0

threshold=0.0015000000000000005
0(29) 0(28) 0(46) 0(24) 0(31) 0(29) 0(23) 0(12) 
0(12) 0(63) 0(13) 0(36) 0(17) 0(46) 0(28) 
0(31) 0(18) 0(23) 0(11) 0(12) 0(8) 
0(39) 0(50) 0(44) 0(53) 0(53) 
0(31) 0(29) 0(22) 0(17) 
0(35) 0(51) 0(46) 
0(24) 0(14) 
0(49) 

0.7222222222222222
precise=0.3279765968044681
recall=0.0
F1score=0.0

threshold=0.0016000000000000005
0(29) 0(29) 0(47) 0(24) 0(31) 0(29) 0(24) 0(12) 
0(14) 0(63) 0(14) 0(38) 0(18) 0(48) 0(28) 
0(32) 0(19) 0(23) 0(11) 0(12) 0(8) 
0(40) 0(50) 0(44) 0(53) 0(54) 
0(31) 0(31) 0(23) 0(17) 
0(36) 0(53) 0(46) 
0(25) 0(15) 
0(51) 

0.7222222222222222
precise=0.3279765968044681
recall=0.0
F1score=0.0

threshold=0.0017000000000000006
0(29) 0(31) 0(47) 0(26) 0(33) 0(30) 0(25) 0(13) 
0(14) 0(64) 0(15) 0(41) 0(19) 0(48) 0(31) 
0(33) 0(21) 0(23) 0(13) 0(12) 0(9) 
0(41) 0(50) 0(44) 0(53) 0(55) 
0(31) 0(32) 0(23) 0(19) 
0(39) 0(54) 0(47) 
0(28) 0(16) 
0(52) 

0.7222222222222222
precise=0.3279765968044681
recall=0.0
F1score=0.0

threshold=0.0018000000000000006
0(30) 0(31) 0(49) 0(28) 0(34) 0(30) 0(25) 0(14) 
0(15) 0(64) 0(16) 0(41) 0(20) 0(48) 0(32) 
0(33) 0(23) 0(23) 0(13) 0(12) 0(9) 
0(41) 0(50) 0(44) 0(54) 0(55) 
0(32) 0(32) 0(25) 0(20) 
0(41) 0(54) 0(48) 
0(28) 0(17) 
0(53) 

0.7222222222222222
precise=0.3279765968044681
recall=0.0
F1score=0.0

threshold=0.0019000000000000006
0(31) 0(31) 0(49) 0(30) 0(36) 0(31) 0(28) 0(15) 
0(15) 0(64) 0(18) 0(42) 0(21) 0(48) 0(34) 
0(33) 0(23) 0(23) 0(14) 0(13) 0(9) 
0(42) 0(50) 0(44) 0(56) 0(55) 
0(33) 0(32) 0(25) 0(20) 
0(42) 0(54) 0(49) 
0(28) 0(18) 
0(56) 

0.7222222222222222
precise=0.3279765968044681
recall=0.0
F1score=0.0

threshold=0.0020000000000000005
0(32) 0(31) 0(51) 0(30) 0(37) 0(31) 0(30) 0(15) 
0(15) 0(64) 0(18) 0(43) 0(21) 0(48) 0(34) 
0(33) 0(23) 0(23) 0(14) 0(13) 0(9) 
0(43) 0(50) 0(44) 0(58) 0(55) 
0(34) 0(33) 0(25) 0(21) 
0(42) 0(54) 0(50) 
0(28) 0(19) 
0(57) 

0.7222222222222222
precise=0.3279765968044681
recall=0.0
F1score=0.0

threshold=0.0021000000000000003
0(32) 0(32) 0(51) 0(30) 0(38) 0(32) 0(30) 0(16) 
0(15) 0(66) 0(19) 0(45) 0(22) 0(49) 0(34) 
0(34) 0(23) 0(23) 0(14) 0(13) 0(9) 
0(43) 0(51) 0(46) 0(58) 0(55) 
0(34) 0(37) 0(25) 0(22) 
0(42) 0(55) 0(50) 
0(29) 0(19) 
0(59) 

0.7222222222222222
precise=0.3279765968044681
recall=0.0
F1score=0.0

threshold=0.0022
0(33) 0(32) 0(51) 0(33) 0(38) 0(33) 0(32) 0(16) 
0(16) 0(66) 0(20) 0(45) 0(24) 0(52) 0(36) 
0(34) 0(24) 0(24) 0(14) 0(13) 0(9) 
0(43) 0(51) 0(47) 0(58) 0(55) 
0(36) 0(37) 0(25) 0(22) 
0(44) 0(55) 0(51) 
0(31) 0(19) 
0(61) 

0.7222222222222222
precise=0.3279765968044681
recall=0.0
F1score=0.0

threshold=0.0023
0(35) 0(32) 0(51) 0(33) 0(38) 0(33) 0(33) 0(16) 
0(17) 0(66) 0(20) 0(45) 0(24) 0(52) 0(36) 
0(34) 0(24) 0(24) 0(15) 0(14) 0(10) 
0(45) 0(51) 0(47) 0(58) 0(55) 
0(36) 0(37) 0(27) 0(22) 
0(45) 0(55) 0(51) 
0(33) 0(19) 
0(63) 

0.7222222222222222
precise=0.3279765968044681
recall=0.0
F1score=0.0

threshold=0.0024
0(36) 0(35) 0(51) 0(34) 0(40) 0(33) 0(33) 0(16) 
0(17) 0(66) 0(20) 0(45) 0(24) 0(53) 0(38) 
0(34) 0(24) 0(24) 0(15) 0(14) 0(10) 
0(45) 0(52) 0(48) 0(58) 0(55) 
0(37) 0(37) 0(29) 0(22) 
0(45) 0(55) 0(52) 
0(34) 0(19) 
0(63) 

0.7222222222222222
precise=0.3279765968044681
recall=0.0
F1score=0.0

threshold=0.0024999999999999996
0(38) 0(36) 0(51) 0(34) 0(40) 0(34) 0(34) 0(16) 
0(17) 0(67) 0(20) 0(47) 0(25) 0(53) 0(41) 
0(34) 0(24) 0(24) 0(15) 0(15) 0(10) 
0(46) 0(52) 0(48) 0(58) 0(55) 
0(37) 0(40) 0(29) 0(22) 
0(46) 0(56) 0(53) 
0(36) 0(19) 
0(65) 

0.7222222222222222
precise=0.3279765968044681
recall=0.0
F1score=0.0

threshold=0.0025999999999999994
0(40) 0(38) 0(51) 0(36) 0(42) 0(34) 0(35) 0(16) 
0(17) 0(69) 0(21) 0(48) 0(25) 0(53) 0(41) 
0(34) 0(24) 0(25) 0(17) 0(15) 0(10) 
0(46) 0(54) 0(48) 0(60) 0(56) 
0(38) 0(41) 0(29) 0(22) 
0(47) 0(57) 0(53) 
0(36) 0(19) 
0(66) 

0.7222222222222222
precise=0.3279765968044681
recall=0.0
F1score=0.0

threshold=0.0026999999999999993
0(40) 0(39) 0(51) 0(36) 0(42) 0(34) 0(35) 0(17) 
0(17) 0(69) 0(21) 0(48) 0(25) 0(53) 0(42) 
0(34) 0(24) 0(25) 0(17) 0(15) 0(10) 
0(46) 0(56) 0(49) 0(61) 0(56) 
0(38) 0(42) 0(30) 0(23) 
0(47) 0(60) 0(53) 
0(36) 0(20) 
0(68) 

0.7222222222222222
precise=0.3279765968044681
recall=0.0
F1score=0.0

threshold=0.002799999999999999
0(42) 0(39) 0(51) 0(37) 0(43) 0(34) 0(36) 0(18) 
0(18) 0(69) 0(23) 0(48) 0(25) 0(53) 0(43) 
0(34) 0(25) 0(25) 0(17) 0(16) 0(10) 
0(46) 0(56) 0(49) 0(61) 0(56) 
0(39) 0(42) 0(31) 0(24) 
0(51) 0(61) 0(53) 
0(37) 0(20) 
0(69) 

0.7222222222222222
precise=0.3279765968044681
recall=0.0
F1score=0.0

threshold=0.002899999999999999
0(44) 0(40) 0(51) 0(38) 0(44) 0(34) 0(37) 0(18) 
0(18) 0(69) 0(23) 0(49) 0(26) 0(55) 0(44) 
0(34) 0(25) 0(25) 0(18) 0(16) 0(10) 
0(46) 0(57) 0(49) 0(61) 0(56) 
0(40) 0(42) 0(31) 0(24) 
0(52) 0(61) 0(54) 
0(37) 0(22) 
0(70) 

0.7222222222222222
precise=0.3279765968044681
recall=0.0
F1score=0.0

threshold=0.0029999999999999988
0(44) 0(42) 0(51) 0(38) 0(47) 0(35) 0(37) 0(18) 
0(18) 0(70) 0(23) 0(50) 0(27) 0(56) 0(44) 
0(34) 0(25) 0(27) 0(18) 0(16) 0(11) 
0(46) 0(57) 0(49) 0(61) 0(57) 
0(40) 0(43) 0(31) 0(24) 
0(52) 0(61) 0(54) 
0(37) 0(22) 
0(73) 

0.7222222222222222
precise=0.3279765968044681
recall=0.0
F1score=0.0

threshold=0.0030999999999999986
0(45) 0(42) 0(51) 0(38) 0(47) 0(35) 0(38) 0(20) 
0(18) 0(70) 0(23) 0(50) 0(27) 0(56) 0(44) 
0(34) 0(25) 0(28) 0(18) 0(17) 0(11) 
0(46) 0(57) 0(50) 0(61) 0(59) 
0(40) 0(44) 0(31) 0(24) 
0(53) 0(62) 0(55) 
0(38) 0(23) 
0(74) 

0.7222222222222222
precise=0.3279765968044681
recall=0.0
F1score=0.0

threshold=0.0031999999999999984
0(45) 0(42) 0(52) 0(39) 0(47) 0(35) 0(40) 0(20) 
0(18) 0(70) 0(23) 0(51) 0(27) 0(58) 0(44) 
0(34) 0(26) 0(29) 0(18) 0(17) 0(13) 
0(47) 0(57) 0(50) 0(61) 0(59) 
0(40) 0(44) 0(31) 0(24) 
0(53) 0(62) 0(55) 
0(38) 0(25) 
0(76) 

0.7222222222222222
precise=0.3279765968044681
recall=0.0
F1score=0.0

threshold=0.0032999999999999982
0(47) 0(44) 0(52) 0(39) 0(47) 0(36) 0(41) 0(20) 
0(18) 0(70) 0(24) 0(51) 0(27) 0(58) 0(44) 
0(36) 0(26) 0(29) 0(18) 0(17) 0(13) 
0(48) 0(57) 0(50) 0(61) 0(59) 
0(40) 0(46) 0(31) 0(25) 
0(55) 0(62) 0(55) 
0(38) 0(25) 
1(79) 

0.75
precise=1.0
recall=0.0029411764705882353
F1score=0.005865102639296188

threshold=0.003399999999999998
0(47) 0(45) 0(52) 0(40) 0(47) 0(36) 0(41) 0(20) 
0(18) 0(72) 0(24) 0(51) 0(27) 0(59) 0(44) 
0(36) 0(26) 0(29) 0(18) 0(17) 0(14) 
0(48) 0(57) 0(50) 0(62) 0(59) 
0(40) 0(46) 0(32) 0(25) 
0(56) 0(63) 0(56) 
0(38) 0(25) 
1(79) 

0.75
precise=1.0
recall=0.005714285714285714
F1score=0.011363636363636364

threshold=0.003499999999999998
0(47) 0(47) 0(55) 0(40) 0(47) 0(36) 0(41) 0(20) 
0(18) 0(72) 0(24) 0(51) 0(27) 0(60) 0(45) 
0(36) 0(26) 0(30) 0(18) 0(17) 0(15) 
0(48) 0(59) 0(50) 0(62) 0(59) 
0(40) 0(46) 0(33) 0(25) 
0(56) 0(63) 0(56) 
0(41) 0(25) 
1(79) 

0.75
precise=1.0
recall=0.008333333333333333
F1score=0.01652892561983471

threshold=0.0035999999999999977
0(47) 0(47) 0(55) 0(41) 0(47) 0(37) 0(42) 0(22) 
0(20) 0(73) 0(24) 0(51) 0(28) 0(61) 0(45) 
0(36) 0(26) 0(30) 0(18) 0(17) 0(15) 
0(48) 0(59) 0(50) 0(63) 0(60) 
0(40) 0(47) 0(34) 0(25) 
0(57) 0(65) 0(56) 
0(41) 0(27) 
1(79) 

0.75
precise=1.0
recall=0.010810810810810811
F1score=0.0213903743315508

threshold=0.0036999999999999976
0(47) 0(48) 0(55) 0(42) 0(48) 0(38) 0(42) 0(22) 
0(20) 0(73) 0(24) 0(51) 0(30) 0(61) 0(45) 
0(36) 0(27) 0(30) 0(21) 0(17) 0(15) 
0(48) 0(59) 0(51) 0(63) 0(60) 
0(40) 0(49) 0(35) 0(25) 
0(57) 0(65) 0(56) 
0(41) 0(27) 
1(81) 

0.75
precise=1.0
recall=0.013157894736842105
F1score=0.025974025974025976

threshold=0.0037999999999999974
0(48) 0(48) 0(55) 0(42) 0(49) 0(38) 0(42) 0(22) 
0(20) 0(73) 0(24) 0(53) 0(31) 0(61) 0(46) 
0(37) 0(27) 0(30) 0(21) 0(17) 0(15) 
0(48) 0(60) 0(51) 0(63) 0(61) 
0(40) 0(50) 0(36) 0(25) 
0(58) 0(65) 0(57) 
0(43) 0(27) 
1(81) 

0.75
precise=1.0
recall=0.015384615384615385
F1score=0.030303030303030304

threshold=0.0038999999999999972
0(48) 0(49) 0(56) 0(42) 0(49) 0(38) 0(43) 0(22) 
0(21) 0(73) 0(24) 0(54) 0(31) 0(62) 0(47) 
0(38) 0(27) 0(31) 0(22) 0(17) 0(16) 
0(48) 0(60) 0(51) 0(63) 0(61) 
0(40) 0(50) 0(36) 0(26) 
0(58) 0(66) 0(57) 
0(43) 0(28) 
1(81) 

0.75
precise=1.0
recall=0.0175
F1score=0.0343980343980344

threshold=0.0039999999999999975
0(49) 0(50) 0(56) 0(42) 0(52) 0(38) 0(46) 0(22) 
0(21) 0(75) 0(24) 0(54) 0(31) 0(62) 0(47) 
0(38) 0(27) 0(31) 0(23) 0(17) 0(17) 
0(48) 0(60) 0(52) 0(63) 0(61) 
0(40) 0(50) 0(37) 0(26) 
0(58) 0(66) 0(57) 
0(46) 0(30) 
1(81) 

0.75
precise=1.0
recall=0.01951219512195122
F1score=0.03827751196172249

threshold=0.004099999999999998
0(50) 0(51) 0(56) 0(44) 0(52) 0(38) 0(47) 0(22) 
0(22) 0(75) 0(24) 0(55) 0(32) 0(62) 0(48) 
0(38) 0(27) 0(31) 0(23) 0(17) 0(17) 
0(49) 0(60) 0(52) 0(65) 0(61) 
0(40) 0(51) 0(39) 0(26) 
0(58) 0(66) 0(57) 
0(46) 0(32) 
1(81) 

0.75
precise=1.0
recall=0.02142857142857143
F1score=0.04195804195804196

threshold=0.004199999999999998
0(50) 0(51) 0(56) 0(44) 0(52) 0(38) 0(47) 0(22) 
0(22) 0(76) 0(24) 0(55) 0(32) 0(62) 0(48) 
0(38) 0(27) 0(31) 0(23) 0(17) 0(17) 
0(49) 0(60) 0(52) 0(65) 0(61) 
0(42) 0(51) 0(39) 0(26) 
0(60) 0(67) 0(57) 
0(47) 0(32) 
1(82) 

0.75
precise=1.0
recall=0.023255813953488372
F1score=0.045454545454545456

threshold=0.004299999999999998
0(50) 0(51) 0(59) 0(44) 0(53) 0(38) 0(48) 0(23) 
0(22) 0(76) 0(26) 0(55) 0(32) 0(63) 0(49) 
0(39) 0(27) 0(31) 0(23) 0(18) 0(17) 
0(49) 0(60) 0(52) 0(66) 0(61) 
0(43) 0(51) 0(39) 0(26) 
0(60) 0(68) 0(57) 
0(49) 0(32) 
1(82) 

0.75
precise=1.0
recall=0.025
F1score=0.04878048780487805

threshold=0.0043999999999999985
0(52) 0(52) 0(59) 0(44) 0(53) 0(39) 0(49) 0(23) 
0(24) 0(76) 0(26) 0(55) 0(33) 0(63) 0(49) 
0(40) 0(27) 0(31) 0(23) 0(18) 0(17) 
0(49) 0(60) 0(52) 0(67) 0(61) 
0(43) 0(53) 0(41) 0(26) 
0(60) 0(68) 0(57) 
0(49) 0(32) 
1(82) 

0.75
precise=1.0
recall=0.02666666666666667
F1score=0.05194805194805195

threshold=0.004499999999999999
0(52) 0(53) 0(59) 0(44) 0(55) 0(40) 0(49) 0(25) 
0(24) 0(76) 0(26) 0(55) 0(34) 0(63) 0(49) 
0(41) 0(27) 0(31) 0(23) 0(18) 0(17) 
0(49) 0(61) 0(52) 0(68) 0(61) 
0(43) 0(53) 0(42) 0(26) 
0(60) 0(68) 0(57) 
0(49) 0(32) 
1(82) 

0.75
precise=1.0
recall=0.02826086956521739
F1score=0.05496828752642706

threshold=0.004599999999999999
0(53) 0(53) 0(59) 0(45) 0(56) 0(42) 0(49) 0(26) 
0(25) 0(76) 0(27) 0(55) 0(36) 0(63) 0(50) 
0(41) 0(27) 0(32) 0(23) 0(18) 0(17) 
0(50) 0(61) 0(52) 0(68) 0(62) 
0(43) 0(54) 0(42) 0(26) 
0(60) 0(68) 0(57) 
0(49) 0(32) 
1(84) 

0.75
precise=1.0
recall=0.029787234042553193
F1score=0.05785123966942149

threshold=0.004699999999999999
0(54) 0(53) 0(59) 0(46) 0(57) 0(42) 0(49) 0(26) 
0(25) 0(76) 0(27) 0(55) 0(37) 0(63) 0(50) 
0(41) 0(27) 0(32) 0(23) 0(18) 0(17) 
0(51) 0(61) 0(53) 0(69) 0(62) 
0(44) 0(54) 0(42) 0(26) 
0(61) 0(68) 0(57) 
0(49) 0(35) 
1(84) 

0.75
precise=1.0
recall=0.03125
F1score=0.06060606060606061

threshold=0.0048
0(54) 0(54) 0(60) 0(46) 0(57) 0(42) 0(49) 0(26) 
0(25) 0(76) 0(28) 0(55) 0(37) 0(63) 0(51) 
0(41) 0(27) 0(32) 0(24) 0(18) 0(18) 
0(51) 0(62) 0(53) 0(69) 0(63) 
0(44) 0(54) 0(42) 0(26) 
0(63) 0(68) 0(57) 
0(50) 0(36) 
1(84) 

0.75
precise=1.0
recall=0.0326530612244898
F1score=0.06324110671936758

threshold=0.0049
0(57) 0(54) 0(61) 0(46) 0(57) 0(43) 0(49) 0(26) 
0(26) 0(76) 0(28) 0(55) 0(37) 0(64) 0(51) 
0(41) 0(27) 0(32) 0(26) 0(18) 0(19) 
0(52) 0(62) 0(54) 0(70) 0(63) 
0(44) 0(54) 0(42) 0(27) 
0(64) 0(68) 0(58) 
0(50) 0(37) 
1(85) 

0.75
precise=1.0
recall=0.034
F1score=0.06576402321083172

threshold=0.005
0(57) 0(54) 0(62) 0(46) 0(57) 0(43) 0(49) 0(26) 
0(26) 0(76) 0(28) 0(55) 0(39) 0(64) 0(51) 
0(41) 0(27) 0(32) 0(26) 0(18) 0(19) 
0(52) 0(62) 0(54) 0(70) 0(63) 
0(44) 0(55) 0(42) 0(28) 
0(64) 0(68) 0(58) 
0(50) 0(38) 
1(85) 

0.75
precise=1.0
recall=0.03529411764705882
F1score=0.06818181818181818

threshold=0.0051
0(58) 0(54) 0(63) 0(46) 0(57) 0(43) 0(49) 0(28) 
0(26) 0(76) 0(30) 0(55) 0(39) 0(64) 0(52) 
0(41) 0(27) 0(32) 0(27) 0(18) 0(19) 
0(53) 0(63) 0(55) 0(70) 0(64) 
0(45) 0(55) 0(42) 0(28) 
0(64) 0(68) 0(58) 
0(50) 0(38) 
1(85) 

0.75
precise=1.0
recall=0.03653846153846154
F1score=0.07050092764378478

threshold=0.005200000000000001
0(59) 0(54) 0(63) 0(47) 0(57) 0(43) 0(50) 0(28) 
0(26) 0(76) 0(30) 0(55) 0(39) 0(64) 0(52) 
0(41) 0(27) 0(33) 0(27) 0(19) 0(19) 
0(53) 0(63) 0(56) 0(70) 0(64) 
0(46) 0(55) 0(42) 0(28) 
0(64) 0(68) 0(58) 
0(50) 0(38) 
1(86) 

0.75
precise=1.0
recall=0.03773584905660377
F1score=0.07272727272727272

threshold=0.005300000000000001
0(60) 0(55) 0(63) 0(47) 0(57) 0(43) 0(51) 0(29) 
0(26) 0(76) 0(30) 0(56) 0(39) 0(64) 0(52) 
0(42) 0(28) 0(34) 0(27) 0(20) 0(19) 
0(53) 0(63) 0(56) 0(70) 0(64) 
0(47) 0(55) 0(43) 0(29) 
0(64) 0(69) 0(58) 
0(50) 0(39) 
1(86) 

0.75
precise=1.0
recall=0.03888888888888889
F1score=0.0748663101604278

threshold=0.005400000000000001
0(61) 0(56) 0(63) 0(47) 0(57) 0(43) 0(52) 0(31) 
0(26) 0(76) 0(30) 0(56) 0(39) 0(64) 0(52) 
0(42) 0(28) 0(34) 0(28) 0(20) 0(19) 
0(53) 0(63) 0(57) 0(70) 0(64) 
0(47) 0(55) 0(44) 0(29) 
0(65) 0(69) 0(58) 
0(51) 0(40) 
1(86) 

0.75
precise=1.0
recall=0.04
F1score=0.07692307692307693

threshold=0.005500000000000001
0(62) 0(57) 0(63) 0(47) 0(57) 0(43) 0(53) 0(31) 
0(26) 0(76) 0(30) 0(56) 0(39) 0(64) 0(52) 
0(42) 0(29) 0(35) 0(29) 0(20) 0(19) 
0(53) 0(64) 0(58) 0(70) 0(64) 
0(48) 0(56) 0(44) 0(29) 
0(65) 0(69) 0(58) 
0(51) 0(40) 
1(86) 

0.75
precise=1.0
recall=0.04107142857142857
F1score=0.07890222984562607

threshold=0.005600000000000002
0(63) 0(59) 0(63) 0(47) 0(57) 0(43) 0(54) 0(31) 
0(27) 0(76) 0(30) 0(56) 0(40) 0(64) 0(52) 
0(42) 0(29) 0(35) 0(29) 0(20) 0(20) 
0(53) 0(64) 0(59) 0(70) 0(64) 
0(49) 0(56) 0(45) 0(30) 
0(65) 0(69) 0(58) 
0(51) 0(42) 
1(86) 

0.75
precise=1.0
recall=0.042105263157894736
F1score=0.08080808080808081

threshold=0.005700000000000002
0(64) 0(60) 0(65) 0(47) 0(58) 0(43) 0(54) 0(31) 
0(27) 0(76) 0(30) 0(56) 0(41) 0(64) 0(53) 
0(43) 0(29) 0(36) 0(30) 0(21) 0(20) 
0(53) 0(64) 0(59) 0(70) 0(64) 
0(50) 0(58) 0(45) 0(30) 
0(65) 0(69) 0(58) 
0(51) 0(43) 
1(86) 

0.75
precise=1.0
recall=0.04310344827586207
F1score=0.08264462809917356

threshold=0.005800000000000002
0(64) 0(61) 0(65) 0(47) 0(58) 0(43) 0(54) 0(31) 
0(27) 0(76) 0(30) 0(56) 0(42) 0(64) 0(53) 
0(43) 0(29) 0(36) 0(31) 0(21) 0(20) 
0(53) 0(64) 0(59) 0(71) 0(64) 
0(50) 0(59) 0(45) 0(30) 
0(66) 0(69) 0(58) 
0(51) 0(43) 
1(87) 

0.75
precise=1.0
recall=0.04406779661016949
F1score=0.08441558441558442

threshold=0.0059000000000000025
0(64) 0(61) 0(66) 0(47) 0(59) 0(43) 0(55) 0(31) 
0(27) 0(76) 0(31) 0(56) 0(43) 0(64) 0(55) 
0(43) 0(29) 0(37) 0(31) 0(21) 0(20) 
0(53) 0(64) 0(59) 0(72) 0(64) 
0(52) 0(59) 0(45) 0(30) 
0(66) 0(69) 0(58) 
0(51) 0(44) 
1(87) 

0.75
precise=1.0
recall=0.045
F1score=0.0861244019138756

threshold=0.006000000000000003
0(64) 0(61) 0(66) 0(48) 0(60) 0(44) 0(56) 0(31) 
0(27) 0(76) 0(31) 0(56) 0(43) 0(64) 0(55) 
0(43) 0(30) 0(37) 0(31) 0(22) 0(20) 
0(53) 0(64) 0(59) 0(72) 0(64) 
0(52) 0(59) 0(45) 0(30) 
0(66) 0(69) 0(58) 
0(53) 0(44) 
1(87) 

0.75
precise=1.0
recall=0.04590163934426229
F1score=0.0877742946708464

threshold=0.006100000000000003
0(64) 0(62) 0(67) 0(48) 0(60) 0(46) 0(56) 0(31) 
0(27) 0(76) 0(33) 0(56) 0(43) 0(64) 0(55) 
0(43) 0(30) 0(37) 0(31) 0(22) 0(20) 
0(53) 0(65) 0(59) 0(72) 0(64) 
0(52) 0(59) 0(45) 0(31) 
0(66) 0(69) 0(58) 
0(53) 0(45) 
1(87) 

0.75
precise=1.0
recall=0.0467741935483871
F1score=0.08936825885978428

threshold=0.006200000000000003
0(64) 0(62) 0(68) 0(48) 0(60) 0(46) 0(56) 0(31) 
0(27) 0(77) 0(34) 0(56) 0(43) 0(64) 0(55) 
0(44) 0(30) 0(37) 0(31) 0(22) 0(20) 
0(53) 0(65) 0(59) 0(72) 0(64) 
0(52) 0(60) 0(45) 0(31) 
0(66) 0(69) 0(58) 
0(55) 0(45) 
1(87) 

0.75
precise=1.0
recall=0.047619047619047616
F1score=0.09090909090909091

threshold=0.0063000000000000035
0(64) 0(62) 0(69) 0(48) 0(60) 0(46) 0(56) 0(31) 
0(28) 1(78) 0(34) 0(56) 0(44) 0(65) 0(55) 
0(44) 0(30) 0(37) 0(31) 0(22) 0(20) 
0(53) 0(65) 0(61) 0(72) 0(64) 
0(52) 0(60) 0(45) 0(31) 
0(66) 0(69) 0(58) 
0(55) 0(45) 
1(87) 

0.7777777777777778
precise=1.0
recall=0.05
F1score=0.09523809523809523

threshold=0.006400000000000004
0(65) 0(62) 0(70) 0(48) 0(60) 0(46) 0(58) 0(31) 
0(28) 1(78) 0(34) 0(57) 0(44) 0(65) 0(55) 
0(44) 0(30) 0(37) 0(31) 0(22) 0(20) 
0(53) 0(65) 0(61) 0(72) 0(64) 
0(52) 0(60) 0(46) 0(32) 
0(67) 0(69) 0(59) 
0(55) 0(45) 
1(87) 

0.7777777777777778
precise=1.0
recall=0.052307692307692305
F1score=0.09941520467836257

threshold=0.006500000000000004
0(65) 0(62) 0(71) 0(48) 0(60) 0(46) 0(58) 0(32) 
0(28) 1(78) 0(34) 0(57) 0(44) 0(65) 0(55) 
0(44) 0(30) 0(37) 0(32) 0(22) 0(20) 
0(53) 0(65) 0(61) 0(72) 0(64) 
0(52) 0(60) 0(47) 0(32) 
0(69) 0(69) 0(59) 
0(56) 0(45) 
1(87) 

0.7777777777777778
precise=1.0
recall=0.05454545454545454
F1score=0.10344827586206896

threshold=0.006600000000000004
0(65) 0(62) 0(71) 0(48) 0(60) 0(46) 0(58) 0(32) 
0(28) 1(78) 0(34) 0(57) 0(44) 0(66) 0(55) 
0(45) 0(30) 0(37) 0(32) 0(22) 0(20) 
0(53) 0(65) 0(61) 0(72) 0(64) 
0(52) 0(60) 0(47) 0(32) 
0(70) 0(69) 0(59) 
0(56) 0(46) 
1(87) 

0.7777777777777778
precise=1.0
recall=0.056716417910447764
F1score=0.10734463276836158

threshold=0.0067000000000000046
0(66) 0(62) 0(71) 0(48) 0(60) 0(46) 0(58) 0(32) 
0(28) 1(78) 0(34) 0(57) 0(44) 0(66) 0(55) 
0(45) 0(31) 0(37) 0(32) 0(22) 0(20) 
0(53) 0(65) 0(61) 0(72) 0(64) 
0(52) 0(60) 0(47) 0(33) 
0(70) 0(69) 0(60) 
0(56) 0(47) 
1(88) 

0.7777777777777778
precise=1.0
recall=0.058823529411764705
F1score=0.1111111111111111

threshold=0.006800000000000005
0(66) 0(63) 0(71) 0(48) 0(60) 0(47) 0(59) 0(32) 
0(28) 1(78) 0(34) 0(57) 0(44) 0(66) 0(55) 
0(45) 0(31) 0(37) 0(32) 0(22) 0(20) 
0(55) 0(65) 0(62) 0(72) 0(64) 
0(52) 0(60) 0(47) 0(34) 
0(71) 0(69) 0(60) 
0(57) 0(47) 
1(88) 

0.7777777777777778
precise=1.0
recall=0.06086956521739131
F1score=0.11475409836065574

threshold=0.006900000000000005
0(66) 0(63) 0(71) 0(48) 0(60) 0(48) 0(59) 0(32) 
0(28) 1(78) 0(34) 0(57) 0(45) 0(66) 0(55) 
0(45) 0(31) 0(37) 0(33) 0(22) 0(21) 
0(55) 0(66) 0(62) 0(72) 0(64) 
0(52) 0(60) 0(48) 0(34) 
0(71) 0(69) 0(60) 
0(57) 0(47) 
1(88) 

0.7777777777777778
precise=1.0
recall=0.06285714285714286
F1score=0.11827956989247312

threshold=0.007000000000000005
0(66) 0(63) 0(71) 0(48) 0(60) 0(48) 0(59) 0(33) 
0(28) 1(78) 0(34) 0(57) 0(46) 0(66) 0(55) 
0(45) 0(31) 0(37) 0(34) 0(22) 0(21) 
0(55) 0(66) 0(62) 0(73) 0(64) 
0(53) 0(60) 0(48) 0(34) 
0(71) 0(70) 0(62) 
0(57) 0(47) 
1(88) 

0.7777777777777778
precise=1.0
recall=0.0647887323943662
F1score=0.12169312169312169

threshold=0.007100000000000006
0(66) 0(64) 0(72) 0(48) 0(61) 0(48) 0(59) 0(33) 
0(28) 1(78) 0(34) 0(57) 0(46) 0(66) 0(56) 
0(45) 0(31) 0(37) 0(34) 0(22) 0(21) 
0(55) 0(66) 0(63) 0(74) 0(64) 
0(54) 0(60) 0(48) 0(34) 
0(71) 0(70) 0(62) 
0(57) 0(49) 
1(88) 

0.7777777777777778
precise=1.0
recall=0.06666666666666667
F1score=0.125

threshold=0.007200000000000006
0(66) 0(64) 0(74) 0(48) 0(61) 0(48) 0(59) 0(33) 
0(29) 1(79) 0(35) 0(57) 0(46) 0(66) 0(56) 
0(46) 0(31) 0(37) 0(34) 0(22) 0(21) 
0(56) 0(66) 0(63) 0(75) 0(64) 
0(54) 0(60) 0(48) 0(35) 
0(71) 0(70) 0(62) 
0(57) 0(49) 
1(88) 

0.7777777777777778
precise=1.0
recall=0.0684931506849315
F1score=0.1282051282051282

threshold=0.007300000000000006
0(66) 0(65) 0(74) 0(48) 0(61) 0(48) 0(59) 0(34) 
0(29) 1(79) 0(35) 0(57) 0(46) 0(66) 0(56) 
0(46) 0(31) 0(37) 0(37) 0(22) 0(21) 
0(56) 0(66) 0(64) 0(75) 0(64) 
0(56) 0(60) 0(48) 0(35) 
0(71) 0(70) 0(62) 
0(58) 0(49) 
1(88) 

0.7777777777777778
precise=1.0
recall=0.07027027027027027
F1score=0.13131313131313133

threshold=0.007400000000000006
0(68) 0(66) 0(74) 0(48) 0(61) 0(48) 0(60) 0(34) 
0(29) 1(80) 0(35) 0(57) 0(46) 0(66) 0(56) 
0(46) 0(31) 0(38) 0(38) 0(22) 0(21) 
0(56) 0(66) 0(64) 0(75) 0(64) 
0(58) 0(60) 0(48) 0(35) 
0(72) 0(71) 0(62) 
0(58) 0(49) 
1(88) 

0.7777777777777778
precise=1.0
recall=0.072
F1score=0.13432835820895522

threshold=0.007500000000000007
0(68) 0(67) 0(75) 0(48) 0(61) 0(48) 0(60) 0(36) 
0(29) 1(80) 0(35) 0(57) 0(46) 0(68) 0(56) 
0(46) 0(31) 0(38) 0(39) 0(23) 0(21) 
0(57) 0(66) 0(64) 0(75) 0(64) 
0(58) 0(61) 0(48) 0(35) 
0(72) 0(71) 0(62) 
0(58) 0(49) 
1(88) 

0.7777777777777778
precise=1.0
recall=0.07368421052631578
F1score=0.13725490196078433

threshold=0.007600000000000007
0(68) 0(67) 0(75) 0(48) 0(61) 0(48) 0(60) 0(38) 
0(30) 1(80) 0(35) 0(57) 0(46) 0(68) 0(56) 
0(46) 0(32) 0(39) 0(39) 0(23) 0(22) 
0(57) 0(66) 0(64) 0(75) 0(64) 
0(58) 0(61) 0(49) 0(36) 
0(73) 0(71) 0(63) 
0(58) 0(49) 
1(88) 

0.7777777777777778
precise=1.0
recall=0.07532467532467532
F1score=0.14009661835748793

threshold=0.007700000000000007
0(68) 0(67) 0(75) 0(48) 0(62) 0(48) 0(60) 0(38) 
0(30) 1(80) 0(35) 0(57) 0(46) 0(68) 0(58) 
0(46) 0(32) 0(39) 0(39) 0(25) 0(23) 
0(57) 0(66) 0(64) 0(76) 0(65) 
0(58) 0(62) 0(49) 0(37) 
0(74) 0(71) 0(63) 
0(58) 0(49) 
1(88) 

0.7777777777777778
precise=1.0
recall=0.07692307692307693
F1score=0.14285714285714285

threshold=0.0078000000000000074
0(69) 0(67) 0(75) 0(48) 0(62) 0(48) 0(60) 0(38) 
0(31) 1(80) 0(35) 0(57) 0(46) 0(68) 0(58) 
0(46) 0(32) 0(39) 0(39) 0(25) 0(23) 
0(57) 0(66) 0(65) 0(76) 0(65) 
0(58) 0(62) 0(50) 0(37) 
0(74) 0(71) 0(63) 
0(60) 0(49) 
1(88) 

0.7777777777777778
precise=1.0
recall=0.07848101265822785
F1score=0.14553990610328638

threshold=0.007900000000000008
0(69) 0(68) 0(75) 0(48) 0(63) 0(48) 0(61) 0(38) 
0(31) 1(80) 0(35) 0(58) 0(46) 0(68) 0(58) 
0(46) 0(32) 0(39) 0(39) 0(26) 0(23) 
0(57) 0(66) 0(65) 0(76) 0(65) 
0(58) 0(62) 0(50) 0(37) 
0(74) 0(71) 0(63) 
0(60) 0(49) 
1(88) 

0.7777777777777778
precise=1.0
recall=0.08
F1score=0.14814814814814814

threshold=0.008000000000000007
0(69) 0(68) 0(76) 0(49) 0(63) 0(48) 0(62) 0(38) 
0(31) 1(80) 0(35) 0(58) 0(46) 0(69) 0(58) 
0(46) 0(32) 0(40) 0(39) 0(26) 0(23) 
0(57) 0(66) 0(65) 0(76) 0(65) 
0(58) 0(62) 0(50) 0(38) 
0(74) 0(71) 0(63) 
0(60) 0(49) 
1(88) 

0.7777777777777778
precise=1.0
recall=0.08148148148148149
F1score=0.1506849315068493

threshold=0.008100000000000007
0(69) 0(68) 0(76) 0(49) 0(63) 0(48) 0(62) 0(38) 
0(32) 1(80) 0(35) 0(58) 0(46) 0(69) 0(58) 
0(46) 0(32) 0(40) 0(40) 0(27) 0(23) 
0(57) 0(66) 0(67) 0(76) 0(66) 
0(59) 0(62) 0(50) 0(38) 
0(74) 0(71) 0(63) 
0(60) 0(50) 
1(88) 

0.7777777777777778
precise=1.0
recall=0.08292682926829269
F1score=0.15315315315315314

threshold=0.008200000000000006
0(69) 0(69) 0(76) 0(49) 0(63) 0(48) 0(62) 0(38) 
0(32) 1(80) 0(35) 0(58) 0(46) 0(69) 0(58) 
0(46) 0(32) 0(40) 0(40) 0(28) 0(23) 
0(57) 0(66) 0(67) 0(76) 0(66) 
0(59) 0(62) 0(50) 0(38) 
0(74) 0(71) 0(63) 
0(60) 0(50) 
1(88) 

0.7777777777777778
precise=1.0
recall=0.08433734939759036
F1score=0.15555555555555556

threshold=0.008300000000000005
0(69) 0(69) 0(77) 0(49) 0(63) 0(48) 0(62) 0(39) 
0(32) 1(80) 0(35) 0(59) 0(46) 0(69) 0(58) 
0(46) 0(32) 0(40) 0(40) 0(29) 0(23) 
0(57) 0(66) 0(67) 0(76) 0(66) 
0(60) 0(62) 0(50) 0(39) 
0(75) 0(71) 0(63) 
0(60) 0(50) 
1(89) 

0.7777777777777778
precise=1.0
recall=0.08571428571428572
F1score=0.15789473684210525

threshold=0.008400000000000005
0(69) 0(71) 0(77) 0(49) 0(63) 0(48) 0(62) 0(39) 
0(33) 1(80) 0(36) 0(59) 0(47) 0(69) 0(58) 
0(47) 0(32) 0(40) 0(40) 0(29) 0(23) 
0(57) 0(66) 0(67) 0(76) 0(66) 
0(61) 0(62) 0(50) 0(39) 
0(75) 0(71) 0(63) 
0(60) 0(51) 
1(89) 

0.7777777777777778
precise=1.0
recall=0.08705882352941176
F1score=0.16017316017316016

threshold=0.008500000000000004
0(69) 0(71) 0(77) 0(49) 0(63) 0(48) 0(62) 0(39) 
0(33) 1(80) 0(38) 0(59) 0(48) 0(69) 0(58) 
0(47) 0(32) 0(40) 0(40) 0(30) 0(23) 
0(57) 0(66) 0(67) 0(76) 0(66) 
0(62) 0(62) 0(50) 0(39) 
0(75) 0(71) 0(63) 
0(60) 0(51) 
1(89) 

0.7777777777777778
precise=1.0
recall=0.08837209302325581
F1score=0.1623931623931624

threshold=0.008600000000000003
0(70) 0(71) 1(78) 0(50) 0(63) 0(49) 0(62) 0(39) 
0(33) 1(80) 0(38) 0(59) 0(48) 0(69) 0(58) 
0(47) 0(32) 0(40) 0(40) 0(30) 0(24) 
0(58) 0(66) 0(67) 0(77) 0(66) 
0(62) 0(62) 0(50) 0(40) 
0(75) 0(71) 0(63) 
0(61) 0(52) 
1(91) 

0.8055555555555556
precise=1.0
recall=0.09080459770114943
F1score=0.16649104320337196

threshold=0.008700000000000003
0(70) 0(71) 1(79) 0(50) 0(63) 0(49) 0(62) 0(39) 
0(33) 1(80) 0(38) 0(59) 0(48) 0(69) 0(58) 
0(48) 0(32) 0(40) 0(40) 0(30) 0(24) 
0(59) 0(67) 0(67) 0(77) 0(66) 
0(63) 0(62) 0(50) 0(40) 
0(75) 0(71) 0(63) 
0(61) 0(53) 
1(91) 

0.8055555555555556
precise=1.0
recall=0.09318181818181819
F1score=0.1704781704781705

threshold=0.008800000000000002
0(70) 0(72) 1(79) 0(50) 0(63) 0(49) 0(62) 0(39) 
0(33) 1(81) 0(38) 0(59) 0(49) 0(69) 0(58) 
0(48) 0(33) 0(41) 0(40) 0(30) 0(24) 
0(60) 0(69) 0(67) 0(77) 0(66) 
0(63) 0(62) 0(50) 0(40) 
0(75) 0(71) 0(63) 
0(61) 0(53) 
1(91) 

0.8055555555555556
precise=1.0
recall=0.09550561797752809
F1score=0.17435897435897435

threshold=0.008900000000000002
0(70) 0(72) 1(79) 0(51) 0(63) 0(49) 0(63) 0(40) 
0(34) 1(81) 0(38) 0(59) 0(49) 0(69) 0(58) 
0(48) 0(33) 0(41) 0(40) 0(30) 0(24) 
0(60) 0(69) 0(67) 0(77) 0(66) 
0(64) 0(62) 0(50) 0(40) 
0(75) 0(71) 0(63) 
0(61) 0(54) 
1(92) 

0.8055555555555556
precise=1.0
recall=0.09777777777777778
F1score=0.17813765182186234

threshold=0.009000000000000001
0(70) 0(72) 1(79) 0(51) 0(63) 0(49) 0(64) 0(40) 
0(36) 1(81) 0(38) 0(59) 0(49) 0(69) 0(58) 
0(48) 0(33) 0(42) 0(40) 0(30) 0(24) 
0(60) 0(70) 0(67) 0(77) 0(66) 
0(64) 0(63) 0(50) 0(40) 
0(77) 0(72) 0(63) 
0(61) 0(54) 
1(93) 

0.8055555555555556
precise=1.0
recall=0.1
F1score=0.18181818181818182

threshold=0.0091
0(70) 0(72) 1(79) 0(51) 0(63) 0(49) 0(64) 0(41) 
0(37) 1(81) 0(38) 0(59) 0(49) 0(69) 0(58) 
0(49) 0(33) 0(42) 0(41) 0(31) 0(24) 
0(60) 0(70) 0(67) 0(77) 0(66) 
0(64) 0(63) 0(50) 0(40) 
0(77) 0(72) 0(63) 
0(62) 0(54) 
1(93) 

0.8055555555555556
precise=1.0
recall=0.10217391304347827
F1score=0.1854043392504931

threshold=0.0092
0(70) 0(72) 1(79) 0(51) 0(63) 0(49) 0(64) 0(41) 
0(37) 1(82) 0(38) 0(59) 0(49) 0(70) 0(58) 
0(49) 0(33) 0(42) 0(42) 0(31) 0(24) 
0(60) 0(70) 0(67) 0(77) 0(66) 
0(64) 0(63) 0(51) 0(40) 
0(77) 0(72) 0(63) 
0(62) 0(54) 
1(93) 

0.8055555555555556
precise=1.0
recall=0.1043010752688172
F1score=0.18889970788704966

threshold=0.0093
0(70) 0(72) 1(79) 0(52) 0(63) 0(49) 0(64) 0(42) 
0(37) 1(82) 0(38) 0(59) 0(49) 0(70) 0(58) 
0(49) 0(33) 0(42) 0(42) 0(31) 0(25) 
0(60) 0(70) 0(67) 0(77) 0(66) 
0(65) 0(63) 0(52) 0(40) 
0(77) 0(72) 0(63) 
0(62) 0(54) 
1(93) 

0.8055555555555556
precise=1.0
recall=0.10638297872340426
F1score=0.19230769230769232

threshold=0.009399999999999999
0(71) 0(73) 1(79) 0(53) 0(63) 0(50) 0(64) 0(42) 
0(37) 1(82) 0(38) 0(59) 0(49) 0(70) 0(59) 
0(50) 0(34) 0(43) 0(42) 0(31) 0(25) 
0(61) 0(72) 0(67) 0(77) 0(66) 
0(66) 0(64) 0(52) 0(40) 
1(78) 0(72) 0(63) 
0(62) 0(54) 
1(94) 

0.8333333333333334
precise=1.0
recall=0.10947368421052632
F1score=0.19734345351043645

threshold=0.009499999999999998
0(71) 0(73) 1(79) 0(54) 0(63) 0(51) 0(64) 0(44) 
0(37) 1(82) 0(39) 0(59) 0(49) 0(71) 0(59) 
0(50) 0(34) 0(43) 0(42) 0(31) 0(25) 
0(61) 0(72) 0(67) 0(77) 0(66) 
0(66) 0(64) 0(52) 0(40) 
1(78) 0(72) 0(63) 
0(63) 0(54) 
1(94) 

0.8333333333333334
precise=1.0
recall=0.1125
F1score=0.20224719101123595

threshold=0.009599999999999997
0(72) 0(73) 1(79) 0(54) 0(65) 0(51) 0(64) 0(44) 
0(37) 1(82) 0(39) 0(59) 0(49) 0(71) 0(59) 
0(50) 0(34) 0(43) 0(42) 0(31) 0(25) 
0(61) 0(72) 0(67) 0(77) 0(67) 
0(66) 0(64) 0(53) 0(40) 
1(78) 0(73) 0(63) 
0(63) 0(54) 
1(94) 

0.8333333333333334
precise=1.0
recall=0.1154639175257732
F1score=0.20702402957486138

threshold=0.009699999999999997
0(72) 0(73) 1(79) 0(54) 0(66) 0(51) 0(64) 0(44) 
0(37) 1(83) 0(39) 0(59) 0(49) 0(71) 0(59) 
0(50) 0(34) 0(43) 0(42) 0(32) 0(26) 
0(61) 0(72) 0(67) 1(78) 0(67) 
0(66) 0(64) 0(53) 0(40) 
1(78) 0(73) 0(63) 
0(63) 0(54) 
1(94) 

0.8055555555555556
precise=0.9914529914529915
recall=0.11836734693877551
F1score=0.211485870556062

threshold=0.009799999999999996
0(72) 0(73) 1(80) 0(54) 0(66) 0(51) 0(64) 0(45) 
0(37) 1(83) 0(39) 0(59) 0(49) 0(71) 0(60) 
0(50) 0(34) 0(43) 0(43) 0(32) 0(26) 
0(61) 0(72) 0(67) 1(78) 0(67) 
0(66) 0(64) 0(54) 0(40) 
1(78) 0(73) 0(63) 
0(63) 0(54) 
1(94) 

0.8055555555555556
precise=0.9836065573770492
recall=0.12121212121212122
F1score=0.2158273381294964

threshold=0.009899999999999996
0(72) 0(73) 1(80) 0(54) 0(66) 0(51) 0(64) 0(45) 
0(37) 1(83) 0(39) 0(59) 0(49) 0(71) 0(60) 
0(50) 0(34) 0(43) 0(43) 0(32) 0(26) 
0(62) 0(72) 0(67) 1(78) 0(67) 
0(66) 0(64) 0(54) 0(41) 
1(78) 0(73) 0(63) 
0(64) 0(54) 
1(94) 

0.8055555555555556
precise=0.9763779527559056
recall=0.124
F1score=0.22005323868677906

threshold=0.009999999999999995
0(72) 0(73) 1(81) 0(55) 0(66) 0(51) 0(64) 0(45) 
0(37) 1(83) 0(40) 0(60) 0(49) 0(71) 0(60) 
0(50) 0(36) 0(43) 0(43) 0(32) 0(26) 
0(62) 0(72) 0(68) 1(78) 0(67) 
0(66) 0(64) 0(55) 0(41) 
1(78) 0(73) 0(65) 
0(64) 0(54) 
1(94) 

0.8055555555555556
precise=0.9696969696969697
recall=0.12673267326732673
F1score=0.22416812609457093

threshold=0.010099999999999994
0(73) 0(73) 1(82) 0(55) 0(66) 0(51) 0(64) 0(45) 
0(38) 1(84) 0(40) 0(60) 0(49) 0(71) 0(60) 
0(50) 0(36) 0(43) 0(43) 0(32) 0(26) 
0(62) 0(72) 0(68) 1(78) 0(67) 
0(66) 0(64) 0(55) 0(41) 
1(78) 0(73) 0(65) 
0(64) 0(55) 
1(94) 

0.8055555555555556
precise=0.9635036496350365
recall=0.12941176470588237
F1score=0.22817631806395852

threshold=0.010199999999999994
0(73) 0(73) 1(82) 0(55) 0(66) 0(51) 0(64) 0(45) 
0(39) 1(84) 0(41) 0(61) 0(49) 0(71) 0(60) 
0(51) 0(36) 0(43) 0(43) 0(32) 0(26) 
0(62) 0(72) 0(68) 1(78) 0(67) 
0(66) 0(64) 0(56) 0(41) 
1(78) 0(73) 0(65) 
0(64) 0(55) 
1(94) 

0.8055555555555556
precise=0.9577464788732394
recall=0.13203883495145632
F1score=0.23208191126279865

threshold=0.010299999999999993
0(74) 0(73) 1(82) 0(55) 0(66) 0(51) 0(64) 0(48) 
0(39) 1(85) 0(41) 0(61) 0(49) 0(71) 0(60) 
0(51) 0(36) 0(43) 0(43) 0(33) 0(26) 
0(62) 0(72) 0(68) 1(78) 0(67) 
0(66) 0(65) 0(56) 0(42) 
1(78) 0(74) 0(65) 
0(64) 0(55) 
1(94) 

0.8055555555555556
precise=0.9523809523809523
recall=0.1346153846153846
F1score=0.2358887952822241

threshold=0.010399999999999993
0(74) 0(73) 1(82) 0(55) 0(66) 0(51) 0(64) 0(48) 
0(39) 1(85) 0(41) 0(61) 0(49) 0(71) 0(60) 
0(51) 0(36) 0(43) 0(43) 0(33) 0(26) 
0(62) 0(72) 0(69) 1(79) 0(67) 
0(66) 0(65) 0(57) 0(42) 
1(78) 0(74) 0(65) 
0(64) 0(55) 
1(94) 

0.8055555555555556
precise=0.9473684210526315
recall=0.13714285714285715
F1score=0.23960066555740434

threshold=0.010499999999999992
0(75) 0(73) 1(82) 0(55) 0(66) 0(51) 0(64) 0(48) 
0(39) 1(85) 0(41) 0(61) 0(50) 0(71) 0(60) 
0(51) 0(36) 0(44) 0(43) 0(33) 0(26) 
0(63) 0(72) 0(69) 1(79) 0(67) 
0(66) 0(66) 0(57) 0(42) 
1(78) 0(74) 0(65) 
0(64) 0(55) 
1(95) 

0.8055555555555556
precise=0.9426751592356688
recall=0.13962264150943396
F1score=0.24322103533278555

threshold=0.010599999999999991
0(75) 0(73) 1(82) 0(55) 0(66) 0(51) 0(64) 0(48) 
0(39) 1(85) 0(41) 0(61) 0(50) 0(71) 0(60) 
0(51) 0(36) 0(44) 0(43) 0(33) 0(26) 
0(63) 0(72) 0(69) 1(81) 0(67) 
0(66) 0(66) 0(57) 0(43) 
1(78) 0(74) 0(65) 
0(64) 0(55) 
1(96) 

0.8055555555555556
precise=0.9382716049382716
recall=0.14205607476635515
F1score=0.24675324675324675

threshold=0.01069999999999999
0(75) 0(73) 1(82) 0(55) 0(66) 0(51) 0(64) 0(49) 
0(39) 1(85) 0(41) 0(61) 0(51) 0(71) 0(60) 
0(51) 0(36) 0(45) 0(43) 0(33) 0(26) 
0(63) 0(73) 0(70) 1(81) 0(67) 
0(66) 0(67) 0(57) 0(43) 
1(78) 0(74) 0(65) 
0(64) 0(55) 
1(96) 

0.8055555555555556
precise=0.9341317365269461
recall=0.14444444444444443
F1score=0.25020048115477145

threshold=0.01079999999999999
0(75) 0(73) 1(82) 0(55) 0(66) 0(51) 0(64) 0(50) 
0(39) 1(85) 0(41) 0(61) 0(51) 0(71) 0(60) 
0(52) 0(36) 0(45) 0(43) 0(34) 0(26) 
0(63) 0(73) 0(70) 1(81) 0(67) 
0(66) 0(67) 0(57) 0(43) 
1(78) 0(74) 0(65) 
0(64) 0(55) 
1(96) 

0.8055555555555556
precise=0.9302325581395349
recall=0.14678899082568808
F1score=0.25356576862123614

threshold=0.01089999999999999
0(75) 0(73) 1(83) 0(55) 0(66) 0(51) 0(64) 0(50) 
0(39) 1(85) 0(41) 0(61) 0(51) 0(71) 0(60) 
0(52) 0(36) 0(45) 0(43) 0(34) 0(26) 
0(63) 0(74) 0(70) 1(81) 0(68) 
0(67) 0(67) 0(57) 0(43) 
1(78) 0(74) 0(66) 
0(64) 0(55) 
1(96) 

0.8055555555555556
precise=0.9265536723163842
recall=0.14909090909090908
F1score=0.2568519968676586

threshold=0.010999999999999989
0(75) 0(73) 1(83) 0(55) 0(66) 0(51) 0(65) 0(50) 
0(40) 1(85) 0(41) 0(61) 0(51) 0(71) 0(60) 
0(52) 0(36) 0(45) 0(45) 0(34) 0(26) 
0(64) 0(74) 0(70) 1(81) 0(68) 
0(68) 0(67) 0(57) 0(44) 
1(78) 0(74) 0(66) 
0(64) 0(55) 
1(96) 

0.8055555555555556
precise=0.9230769230769231
recall=0.15135135135135136
F1score=0.26006191950464397

threshold=0.011099999999999988
0(75) 0(73) 1(83) 0(55) 0(66) 0(51) 0(65) 0(52) 
0(40) 1(85) 0(41) 0(62) 0(51) 0(71) 0(60) 
0(53) 0(37) 0(45) 0(46) 0(35) 0(26) 
0(64) 0(75) 0(70) 1(81) 0(68) 
0(68) 0(67) 0(57) 0(44) 
1(78) 0(74) 0(67) 
0(65) 0(55) 
1(97) 

0.8055555555555556
precise=0.9197860962566845
recall=0.15357142857142858
F1score=0.2631981637337414

threshold=0.011199999999999988
0(77) 0(73) 1(83) 0(55) 0(66) 0(52) 0(65) 0(52) 
0(40) 1(86) 0(42) 0(62) 0(52) 0(71) 0(60) 
0(53) 0(37) 0(45) 0(46) 0(36) 0(26) 
0(64) 0(75) 0(70) 1(81) 0(68) 
0(68) 0(67) 0(58) 0(44) 
1(78) 0(74) 0(67) 
0(66) 0(55) 
1(97) 

0.8055555555555556
precise=0.9166666666666666
recall=0.15575221238938053
F1score=0.26626323751891073

threshold=0.011299999999999987
1(78) 0(73) 1(84) 0(55) 0(66) 0(52) 0(65) 0(52) 
0(40) 1(86) 0(43) 0(62) 0(52) 0(72) 0(60) 
0(53) 0(37) 0(45) 0(46) 0(37) 0(26) 
0(64) 0(75) 0(70) 1(81) 0(68) 
0(68) 0(67) 0(58) 0(44) 
1(78) 0(74) 0(67) 
0(66) 0(55) 
1(97) 

0.8333333333333334
precise=0.9141414141414141
recall=0.1587719298245614
F1score=0.2705530642750374

threshold=0.011399999999999987
1(78) 0(73) 1(84) 0(55) 0(66) 0(52) 0(65) 0(53) 
0(41) 1(86) 0(43) 0(62) 0(52) 0(72) 0(60) 
0(54) 0(37) 0(45) 0(46) 0(37) 0(26) 
0(64) 0(75) 0(70) 1(81) 0(68) 
0(69) 0(67) 0(58) 0(44) 
1(78) 0(74) 0(68) 
0(66) 0(55) 
1(98) 

0.8333333333333334
precise=0.9117647058823529
recall=0.1617391304347826
F1score=0.27474150664697194

threshold=0.011499999999999986
1(79) 0(73) 1(84) 0(55) 0(66) 0(52) 0(66) 0(54) 
0(41) 1(86) 0(43) 0(62) 0(52) 0(72) 0(60) 
0(54) 0(37) 0(46) 0(46) 0(37) 0(26) 
0(64) 0(75) 0(70) 1(81) 0(68) 
0(69) 0(67) 0(58) 0(44) 
1(78) 0(74) 0(68) 
0(66) 0(55) 
1(98) 

0.8333333333333334
precise=0.9095238095238095
recall=0.1646551724137931
F1score=0.27883211678832115

threshold=0.011599999999999985
1(79) 0(73) 1(84) 0(55) 0(66) 0(52) 0(66) 0(54) 
0(43) 1(86) 0(43) 0(62) 0(53) 0(72) 0(60) 
0(54) 0(37) 0(47) 0(46) 0(37) 0(26) 
0(64) 0(75) 0(70) 1(81) 0(68) 
0(69) 0(67) 0(58) 0(44) 
1(78) 0(74) 0(68) 
0(66) 0(55) 
1(98) 

0.8333333333333334
precise=0.9074074074074074
recall=0.1675213675213675
F1score=0.2828282828282828

threshold=0.011699999999999985
1(79) 0(73) 1(85) 0(55) 0(66) 0(52) 0(66) 0(54) 
0(44) 1(86) 0(43) 0(62) 0(53) 0(72) 0(60) 
0(54) 0(37) 0(47) 0(46) 0(38) 0(26) 
0(64) 0(75) 0(70) 1(81) 0(68) 
0(69) 0(67) 0(58) 0(44) 
1(78) 0(74) 0(68) 
0(66) 0(55) 
1(98) 

0.8333333333333334
precise=0.9054054054054054
recall=0.17033898305084746
F1score=0.2867332382310984

threshold=0.011799999999999984
1(79) 0(73) 1(85) 0(55) 0(66) 0(53) 0(66) 0(54) 
0(44) 1(86) 0(43) 0(62) 0(53) 0(72) 0(60) 
0(54) 0(37) 0(47) 0(46) 0(38) 0(26) 
0(64) 0(75) 0(70) 1(82) 0(68) 
0(69) 0(67) 0(58) 0(44) 
1(78) 0(74) 0(68) 
0(66) 0(56) 
1(98) 

0.8333333333333334
precise=0.9035087719298246
recall=0.173109243697479
F1score=0.29055007052186177

threshold=0.011899999999999984
1(79) 0(73) 1(85) 0(55) 0(66) 0(53) 0(66) 0(54) 
0(44) 1(86) 0(44) 0(62) 0(53) 0(72) 0(60) 
0(56) 0(38) 0(47) 0(46) 0(38) 0(26) 
0(64) 0(75) 0(70) 1(82) 0(68) 
0(70) 0(67) 0(59) 0(45) 
1(78) 0(74) 0(68) 
0(66) 0(56) 
1(98) 

0.8333333333333334
precise=0.9017094017094017
recall=0.17583333333333334
F1score=0.29428172942817293

threshold=0.011999999999999983
1(79) 0(73) 1(85) 0(55) 0(66) 0(53) 0(66) 0(54) 
0(44) 1(86) 0(45) 0(62) 0(53) 0(72) 0(60) 
0(57) 0(38) 0(47) 0(47) 0(38) 0(26) 
0(64) 0(75) 0(70) 1(82) 0(68) 
0(70) 0(67) 0(59) 0(45) 
1(78) 0(74) 0(68) 
0(66) 0(56) 
1(98) 

0.8333333333333334
precise=0.9
recall=0.17851239669421487
F1score=0.2979310344827586

threshold=0.012099999999999982
1(79) 0(73) 1(85) 0(55) 0(66) 0(54) 0(66) 0(54) 
0(45) 1(86) 0(45) 0(62) 0(53) 0(72) 0(60) 
0(57) 0(38) 0(47) 0(47) 0(39) 0(26) 
0(64) 0(75) 0(70) 1(82) 0(68) 
0(70) 0(67) 0(59) 0(45) 
1(78) 0(74) 0(68) 
0(66) 0(56) 
1(98) 

0.8333333333333334
precise=0.8983739837398373
recall=0.18114754098360655
F1score=0.3015006821282401

threshold=0.012199999999999982
1(79) 0(73) 1(85) 0(55) 0(66) 0(54) 0(66) 0(54) 
0(45) 1(86) 0(45) 0(62) 0(53) 0(72) 0(60) 
0(57) 0(38) 0(47) 0(47) 0(39) 0(26) 
0(64) 0(75) 0(70) 1(82) 0(68) 
0(70) 0(67) 0(59) 0(45) 
1(78) 0(74) 0(68) 
0(66) 0(57) 
1(98) 

0.8333333333333334
precise=0.8968253968253969
recall=0.183739837398374
F1score=0.3049932523616734

threshold=0.012299999999999981
1(79) 0(73) 1(85) 0(55) 0(66) 0(54) 0(66) 0(54) 
0(45) 1(86) 0(45) 0(64) 0(53) 0(72) 0(60) 
0(57) 0(39) 0(47) 0(47) 0(39) 0(27) 
0(64) 0(75) 0(70) 1(82) 0(68) 
0(70) 0(67) 0(61) 0(45) 
1(78) 0(75) 0(68) 
0(67) 0(57) 
1(98) 

0.8333333333333334
precise=0.8953488372093024
recall=0.18629032258064515
F1score=0.308411214953271

threshold=0.01239999999999998
1(79) 0(74) 1(85) 0(55) 0(66) 0(54) 0(66) 0(55) 
0(46) 1(86) 0(45) 0(64) 0(53) 0(72) 0(60) 
0(58) 0(39) 0(48) 0(47) 0(39) 0(27) 
0(64) 0(75) 0(70) 1(82) 0(68) 
0(71) 0(67) 0(61) 0(46) 
1(79) 0(75) 0(69) 
0(67) 0(57) 
1(98) 

0.8333333333333334
precise=0.8939393939393939
recall=0.1888
F1score=0.31175693527080584

threshold=0.01249999999999998
1(79) 0(74) 1(85) 0(57) 0(66) 0(54) 0(66) 0(55) 
0(46) 1(86) 0(45) 0(64) 0(53) 0(72) 0(60) 
0(58) 0(40) 0(48) 0(47) 0(39) 0(27) 
0(64) 0(75) 0(70) 1(82) 0(68) 
0(71) 0(67) 0(61) 0(46) 
1(79) 0(76) 0(69) 
0(67) 0(57) 
1(99) 

0.8333333333333334
precise=0.8925925925925926
recall=0.19126984126984126
F1score=0.3150326797385621

threshold=0.01259999999999998
1(79) 0(74) 1(85) 0(57) 0(66) 0(54) 0(67) 0(56) 
0(46) 1(86) 0(45) 0(64) 0(53) 0(72) 0(60) 
0(58) 0(40) 0(48) 0(47) 0(39) 0(28) 
0(65) 0(76) 0(70) 1(82) 0(68) 
0(71) 0(67) 0(61) 0(46) 
1(79) 0(77) 0(69) 
0(67) 0(57) 
1(99) 

0.8333333333333334
precise=0.8913043478260869
recall=0.19370078740157481
F1score=0.3182406209573092

threshold=0.012699999999999979
1(79) 0(75) 1(85) 0(57) 0(66) 0(55) 0(67) 0(56) 
0(46) 1(86) 0(46) 0(64) 0(53) 0(72) 0(60) 
0(58) 0(40) 0(48) 0(47) 0(40) 0(28) 
0(65) 0(77) 0(70) 1(82) 0(68) 
0(71) 0(67) 0(61) 0(46) 
1(79) 1(78) 0(69) 
0(67) 0(57) 
1(99) 

0.8055555555555556
precise=0.8869257950530035
recall=0.19609375
F1score=0.32117722328854764

threshold=0.012799999999999978
1(79) 0(75) 1(85) 0(58) 0(66) 0(55) 0(67) 0(56) 
0(46) 1(86) 0(46) 0(64) 0(53) 0(72) 0(60) 
0(58) 0(40) 0(48) 0(47) 0(42) 0(28) 
0(65) 0(77) 0(70) 1(82) 0(69) 
0(71) 0(68) 0(62) 0(46) 
1(79) 1(78) 0(69) 
0(67) 0(57) 
1(99) 

0.8055555555555556
precise=0.8827586206896552
recall=0.19844961240310077
F1score=0.3240506329113924

threshold=0.012899999999999977
1(79) 0(75) 1(85) 0(58) 0(66) 0(55) 0(67) 0(56) 
0(46) 1(86) 0(46) 0(64) 0(53) 0(72) 0(60) 
0(58) 0(40) 0(48) 0(47) 0(43) 0(28) 
0(66) 0(77) 0(70) 1(82) 0(69) 
0(72) 0(68) 0(62) 0(47) 
1(79) 1(78) 0(69) 
0(67) 0(57) 
1(99) 

0.8055555555555556
precise=0.8787878787878788
recall=0.20076923076923076
F1score=0.32686286787726987

threshold=0.012999999999999977
1(79) 0(75) 1(85) 0(58) 0(66) 0(55) 0(67) 0(56) 
0(46) 1(86) 0(46) 0(64) 0(53) 0(72) 0(60) 
0(60) 0(40) 0(48) 0(47) 0(45) 0(28) 
0(66) 0(77) 0(70) 1(82) 0(69) 
0(73) 0(68) 0(62) 0(47) 
1(79) 1(78) 0(70) 
0(67) 0(57) 
1(99) 

0.8055555555555556
precise=0.875
recall=0.20305343511450383
F1score=0.32961586121437425

threshold=0.013099999999999976
1(79) 0(75) 1(85) 0(58) 0(66) 0(55) 0(67) 0(56) 
0(47) 1(86) 0(46) 0(64) 0(54) 0(73) 0(60) 
0(62) 0(41) 0(48) 0(47) 0(45) 0(28) 
0(66) 0(77) 0(70) 1(82) 0(69) 
0(73) 0(68) 0(63) 0(48) 
1(79) 1(78) 0(70) 
0(67) 0(57) 
1(100) 

0.8055555555555556
precise=0.8713826366559485
recall=0.2053030303030303
F1score=0.3323114653586757

threshold=0.013199999999999976
1(79) 0(75) 1(85) 0(58) 0(66) 0(55) 0(67) 0(56) 
0(47) 1(86) 0(46) 0(64) 0(54) 0(73) 0(61) 
0(62) 0(41) 0(48) 0(47) 0(45) 0(28) 
0(66) 0(77) 0(70) 1(82) 0(70) 
0(73) 0(68) 0(64) 0(48) 
1(79) 1(78) 0(70) 
0(67) 0(57) 
1(100) 

0.8055555555555556
precise=0.8679245283018868
recall=0.2075187969924812
F1score=0.33495145631067963

threshold=0.013299999999999975
1(79) 0(75) 1(86) 0(58) 0(66) 0(55) 0(67) 0(56) 
0(47) 1(86) 0(46) 0(64) 0(54) 0(73) 0(61) 
0(63) 0(41) 0(49) 0(47) 0(45) 0(28) 
0(67) 0(77) 0(70) 1(82) 0(70) 
0(73) 0(68) 0(64) 0(49) 
1(79) 1(78) 0(70) 
0(67) 0(57) 
1(100) 

0.8055555555555556
precise=0.8646153846153846
recall=0.20970149253731343
F1score=0.3375375375375375

threshold=0.013399999999999974
1(79) 0(75) 1(86) 0(58) 0(66) 0(55) 0(67) 0(56) 
0(48) 1(86) 0(46) 0(64) 0(54) 0(74) 0(61) 
0(63) 0(41) 0(49) 0(47) 0(45) 0(29) 
0(67) 0(77) 0(70) 1(82) 0(70) 
0(73) 0(68) 0(64) 0(49) 
1(79) 1(78) 0(70) 
0(67) 0(57) 
1(100) 

0.8055555555555556
precise=0.8614457831325302
recall=0.21185185185185185
F1score=0.3400713436385256

threshold=0.013499999999999974
1(79) 0(75) 1(86) 0(58) 0(66) 0(55) 0(68) 0(56) 
0(48) 1(86) 0(46) 0(64) 0(54) 0(74) 0(62) 
0(63) 0(41) 0(49) 0(47) 0(47) 0(29) 
0(67) 0(77) 0(70) 1(82) 0(70) 
0(73) 0(68) 0(65) 0(50) 
1(79) 1(78) 0(70) 
0(67) 0(57) 
1(100) 

0.8055555555555556
precise=0.8584070796460177
recall=0.2139705882352941
F1score=0.34255444379046496

threshold=0.013599999999999973
1(79) 0(75) 1(86) 0(58) 0(66) 0(55) 0(68) 0(56) 
0(48) 1(86) 0(46) 0(64) 0(54) 0(74) 0(62) 
0(63) 0(41) 0(49) 0(47) 0(47) 0(29) 
0(67) 0(77) 0(70) 1(82) 0(70) 
0(73) 0(68) 0(65) 0(50) 
1(79) 1(78) 0(70) 
0(67) 0(57) 
1(100) 

0.8055555555555556
precise=0.8554913294797688
recall=0.21605839416058395
F1score=0.34498834498834496

threshold=0.013699999999999973
1(79) 0(75) 1(86) 0(58) 0(66) 0(55) 0(68) 0(57) 
0(48) 1(86) 0(47) 0(64) 0(54) 0(74) 0(62) 
0(63) 0(43) 0(50) 0(47) 0(47) 0(29) 
0(67) 0(77) 0(70) 1(82) 0(70) 
0(74) 0(68) 0(65) 0(50) 
1(79) 1(78) 0(70) 
0(67) 0(57) 
1(100) 

0.8055555555555556
precise=0.8526912181303116
recall=0.21811594202898552
F1score=0.3473744950952106

threshold=0.013799999999999972
1(79) 0(75) 1(86) 0(58) 0(66) 0(55) 0(68) 0(57) 
0(48) 1(86) 0(47) 0(64) 0(54) 0(74) 0(63) 
0(63) 0(44) 0(50) 0(47) 0(47) 0(29) 
0(68) 0(77) 0(70) 1(82) 0(70) 
0(74) 0(68) 0(65) 0(50) 
1(79) 1(78) 0(70) 
0(67) 0(57) 
1(100) 

0.8055555555555556
precise=0.85
recall=0.22014388489208633
F1score=0.3497142857142857

threshold=0.013899999999999971
1(79) 0(75) 1(87) 0(58) 0(66) 0(55) 0(68) 0(57) 
0(48) 1(86) 0(47) 0(65) 0(54) 0(74) 0(63) 
0(63) 0(44) 0(50) 0(47) 0(47) 0(29) 
0(68) 0(77) 0(70) 1(82) 0(71) 
0(74) 0(68) 0(65) 0(50) 
1(79) 1(78) 0(70) 
0(67) 0(57) 
1(100) 

0.8055555555555556
precise=0.8474114441416893
recall=0.22214285714285714
F1score=0.35200905489530276

threshold=0.01399999999999997
1(79) 0(75) 1(87) 0(58) 0(67) 0(56) 0(68) 0(57) 
0(48) 1(87) 0(48) 0(65) 0(54) 0(74) 0(63) 
0(64) 0(44) 0(50) 0(47) 0(47) 0(29) 
0(68) 0(77) 0(70) 1(82) 0(71) 
0(74) 0(68) 0(65) 0(50) 
1(79) 1(78) 0(70) 
0(67) 0(57) 
1(100) 

0.8055555555555556
precise=0.8449197860962567
recall=0.22411347517730495
F1score=0.3542600896860987

threshold=0.01409999999999997
1(79) 0(75) 1(87) 0(58) 0(67) 0(56) 0(68) 0(57) 
0(48) 1(87) 0(48) 0(65) 0(54) 0(74) 0(63) 
0(64) 0(44) 0(50) 0(47) 0(47) 0(30) 
0(68) 0(77) 0(70) 1(82) 0(72) 
0(74) 0(68) 0(65) 0(50) 
1(80) 1(78) 0(70) 
0(67) 0(57) 
1(100) 

0.8055555555555556
precise=0.84251968503937
recall=0.22605633802816902
F1score=0.3564686285397002

threshold=0.01419999999999997
1(79) 0(75) 1(87) 0(58) 0(68) 0(56) 0(68) 0(57) 
0(49) 1(87) 0(48) 0(65) 0(54) 0(74) 0(63) 
0(64) 0(44) 0(50) 0(47) 0(47) 0(30) 
0(68) 1(78) 0(70) 1(82) 0(72) 
0(74) 0(68) 0(65) 0(51) 
1(80) 1(78) 0(71) 
0(67) 0(57) 
1(100) 

0.7777777777777778
precise=0.8380462724935732
recall=0.22797202797202798
F1score=0.35843870258383725

threshold=0.014299999999999969
1(79) 0(75) 1(87) 0(58) 0(68) 0(56) 0(68) 0(57) 
0(49) 1(87) 0(48) 0(65) 0(54) 0(74) 0(63) 
0(64) 0(44) 0(50) 0(47) 0(47) 0(30) 
0(68) 1(78) 0(70) 1(82) 0(72) 
0(74) 0(68) 0(65) 0(51) 
1(80) 1(78) 0(71) 
0(67) 0(57) 
1(100) 

0.7777777777777778
precise=0.8337531486146096
recall=0.2298611111111111
F1score=0.3603701687534023

threshold=0.014399999999999968
1(79) 0(75) 1(87) 0(58) 0(68) 0(56) 0(69) 0(57) 
0(50) 1(87) 0(48) 0(66) 0(54) 0(74) 0(63) 
0(64) 0(44) 0(50) 0(48) 0(48) 0(30) 
0(68) 1(78) 0(70) 1(82) 0(72) 
0(74) 0(68) 0(65) 0(52) 
1(80) 1(78) 0(71) 
0(67) 0(57) 
1(100) 

0.7777777777777778
precise=0.8296296296296296
recall=0.2317241379310345
F1score=0.3622641509433962

threshold=0.014499999999999968
1(79) 0(75) 1(87) 0(58) 0(68) 0(56) 0(69) 0(58) 
0(50) 1(87) 0(49) 0(66) 0(54) 0(74) 0(63) 
0(65) 0(44) 0(52) 0(48) 0(49) 0(30) 
0(68) 1(78) 0(70) 1(82) 0(74) 
0(74) 0(68) 0(65) 0(52) 
1(80) 1(78) 0(71) 
0(67) 0(57) 
1(100) 

0.7777777777777778
precise=0.8256658595641646
recall=0.23356164383561645
F1score=0.36412172984516816

threshold=0.014599999999999967
1(79) 0(75) 1(88) 0(58) 0(68) 0(57) 0(69) 0(61) 
0(50) 1(87) 0(49) 0(66) 0(54) 0(74) 0(63) 
0(65) 0(44) 0(52) 0(49) 0(50) 0(30) 
0(68) 1(78) 0(70) 1(82) 0(74) 
0(74) 0(68) 0(65) 0(52) 
1(80) 1(79) 0(72) 
0(67) 0(57) 
1(100) 

0.7777777777777778
precise=0.8218527315914489
recall=0.23537414965986395
F1score=0.3659439450026441

threshold=0.014699999999999967
1(79) 0(75) 1(88) 0(58) 0(68) 0(57) 0(69) 0(62) 
0(50) 1(87) 0(49) 0(66) 0(54) 0(74) 0(63) 
0(66) 0(45) 0(52) 0(49) 0(51) 0(30) 
0(68) 1(78) 0(70) 1(82) 0(74) 
0(74) 0(68) 0(65) 0(52) 
1(80) 1(79) 0(72) 
0(67) 0(57) 
1(100) 

0.7777777777777778
precise=0.8181818181818182
recall=0.23716216216216215
F1score=0.3677317967522263

threshold=0.014799999999999966
1(80) 0(75) 1(88) 0(58) 0(69) 0(57) 0(69) 0(62) 
0(51) 1(87) 0(49) 0(66) 0(54) 0(74) 0(64) 
0(66) 0(45) 0(52) 0(49) 0(51) 0(30) 
0(68) 1(79) 0(70) 1(82) 0(75) 
0(74) 0(68) 0(66) 0(53) 
1(81) 1(79) 0(72) 
0(67) 0(57) 
1(100) 

0.7777777777777778
precise=0.8146453089244852
recall=0.2389261744966443
F1score=0.3694862480539699

threshold=0.014899999999999965
1(81) 0(75) 1(88) 0(58) 0(69) 0(57) 0(70) 0(62) 
0(51) 1(87) 0(49) 0(66) 0(54) 0(74) 0(64) 
0(66) 0(45) 0(52) 0(49) 0(51) 0(30) 
0(68) 1(79) 0(70) 1(82) 0(75) 
0(74) 0(68) 0(66) 0(53) 
1(81) 1(79) 0(72) 
0(67) 0(57) 
1(100) 

0.7777777777777778
precise=0.8112359550561797
recall=0.24066666666666667
F1score=0.3712082262210797

threshold=0.014999999999999965
1(81) 0(75) 1(88) 0(58) 0(70) 0(57) 0(70) 0(62) 
0(52) 1(87) 0(49) 0(66) 0(54) 0(74) 0(65) 
0(66) 0(45) 0(52) 0(49) 0(51) 0(30) 
0(68) 1(79) 0(70) 1(83) 0(75) 
0(74) 0(68) 0(67) 0(53) 
1(82) 1(79) 0(72) 
0(67) 0(57) 
1(100) 

0.7777777777777778
precise=0.8079470198675497
recall=0.2423841059602649
F1score=0.3728986245542537

threshold=0.015099999999999964
1(81) 0(76) 1(88) 0(58) 0(70) 0(57) 0(70) 0(62) 
0(54) 1(87) 0(49) 0(66) 0(54) 0(74) 0(66) 
0(66) 0(45) 0(52) 0(49) 0(51) 0(30) 
0(68) 1(79) 0(70) 1(83) 0(75) 
0(74) 0(68) 0(67) 0(53) 
1(82) 1(79) 0(72) 
0(67) 0(57) 
1(100) 

0.7777777777777778
precise=0.8047722342733189
recall=0.24407894736842106
F1score=0.3745583038869258

threshold=0.015199999999999964
1(82) 0(76) 1(88) 0(58) 0(70) 0(57) 0(70) 0(62) 
0(54) 1(87) 0(49) 0(67) 0(54) 0(74) 0(66) 
0(66) 0(45) 0(52) 0(49) 0(51) 0(31) 
0(68) 1(79) 0(71) 1(83) 0(76) 
0(74) 0(68) 0(67) 0(53) 
1(82) 1(79) 0(72) 
0(67) 0(57) 
1(100) 

0.7777777777777778
precise=0.8017057569296375
recall=0.2457516339869281
F1score=0.3761880940470235

threshold=0.015299999999999963
1(82) 0(76) 1(88) 0(58) 0(70) 0(57) 0(70) 0(62) 
0(54) 1(87) 0(49) 0(67) 0(54) 0(74) 0(66) 
0(66) 0(45) 0(52) 0(49) 0(51) 0(31) 
0(68) 1(79) 0(71) 1(83) 0(76) 
0(74) 0(68) 0(67) 0(53) 
1(82) 1(79) 0(72) 
0(67) 0(57) 
1(100) 

0.7777777777777778
precise=0.7987421383647799
recall=0.2474025974025974
F1score=0.3777887952404561

threshold=0.015399999999999962
1(83) 0(76) 1(89) 0(58) 0(70) 0(57) 0(70) 0(62) 
0(54) 1(87) 0(49) 0(67) 0(54) 0(74) 0(66) 
0(66) 0(45) 0(52) 0(49) 0(51) 0(31) 
0(68) 1(80) 0(71) 1(83) 0(76) 
0(74) 0(68) 0(67) 0(53) 
1(83) 1(79) 0(72) 
0(67) 0(57) 
1(100) 

0.7777777777777778
precise=0.7958762886597938
recall=0.24903225806451612
F1score=0.37936117936117936

threshold=0.015499999999999962
1(83) 0(76) 1(89) 0(58) 0(70) 0(57) 0(70) 0(62) 
0(55) 1(87) 0(49) 0(67) 0(54) 0(74) 0(66) 
0(66) 0(45) 0(52) 0(49) 0(51) 0(31) 
0(68) 1(80) 0(71) 1(83) 0(76) 
0(74) 0(68) 0(67) 0(53) 
1(83) 1(79) 0(72) 
0(67) 0(57) 
1(100) 

0.7777777777777778
precise=0.7931034482758621
recall=0.25064102564102564
F1score=0.3809059912323429

threshold=0.015599999999999961
1(83) 0(76) 1(89) 0(58) 0(70) 0(58) 0(70) 0(62) 
0(56) 1(87) 0(49) 0(67) 0(54) 0(74) 0(66) 
0(66) 0(46) 0(52) 0(49) 0(51) 0(31) 
0(68) 1(80) 0(71) 1(83) 0(76) 
0(74) 0(69) 0(67) 0(54) 
1(83) 1(79) 0(72) 
0(67) 0(57) 
1(100) 

0.7777777777777778
precise=0.7904191616766467
recall=0.2522292993630573
F1score=0.38242394978271366

threshold=0.01569999999999996
1(84) 0(76) 1(89) 0(58) 0(70) 0(58) 0(70) 0(62) 
0(57) 1(87) 0(50) 0(67) 0(54) 0(74) 0(66) 
0(66) 0(46) 0(52) 0(49) 0(51) 0(31) 
0(68) 1(80) 0(71) 1(83) 0(76) 
0(75) 0(69) 0(67) 0(54) 
1(83) 1(79) 0(72) 
0(67) 0(57) 
1(100) 

0.7777777777777778
precise=0.787819253438114
recall=0.2537974683544304
F1score=0.3839157491622786

threshold=0.01579999999999996
1(84) 0(77) 1(89) 0(58) 0(71) 0(58) 0(71) 0(62) 
0(57) 1(87) 0(50) 0(67) 0(54) 0(74) 0(66) 
0(66) 0(46) 0(52) 0(49) 0(52) 0(31) 
0(68) 1(80) 0(71) 1(83) 0(76) 
0(75) 0(69) 0(67) 0(54) 
1(83) 1(79) 0(72) 
0(67) 0(57) 
1(100) 

0.7777777777777778
precise=0.7852998065764023
recall=0.25534591194968553
F1score=0.3853820598006645

threshold=0.01589999999999996
1(84) 0(77) 1(89) 0(58) 0(72) 0(58) 0(71) 0(62) 
0(57) 1(87) 0(50) 0(67) 0(54) 0(74) 0(66) 
0(66) 0(46) 0(52) 0(49) 0(53) 0(31) 
0(68) 1(80) 0(71) 1(83) 0(76) 
0(75) 0(69) 0(67) 0(54) 
1(83) 1(79) 0(72) 
0(67) 0(58) 
1(100) 

0.7777777777777778
precise=0.7828571428571428
recall=0.256875
F1score=0.38682352941176473

threshold=0.01599999999999996
1(84) 0(77) 1(89) 0(58) 0(72) 0(58) 0(71) 0(62) 
0(58) 1(87) 0(51) 0(67) 0(54) 0(74) 0(66) 
0(66) 0(46) 0(52) 0(49) 0(53) 0(31) 
0(68) 1(80) 0(71) 1(83) 0(76) 
0(75) 0(69) 0(67) 0(54) 
1(83) 1(79) 0(72) 
0(67) 0(58) 
1(100) 

0.7777777777777778
precise=0.7804878048780488
recall=0.25838509316770186
F1score=0.3882407839477368

threshold=0.016099999999999958
1(84) 0(77) 1(89) 0(58) 0(72) 0(58) 0(71) 0(62) 
0(58) 1(87) 0(51) 0(67) 0(54) 0(74) 0(66) 
0(66) 0(47) 0(52) 0(49) 0(53) 0(31) 
0(68) 1(80) 0(71) 1(83) 0(76) 
0(75) 0(69) 0(67) 0(54) 
1(83) 1(79) 0(73) 
0(67) 0(58) 
1(100) 

0.7777777777777778
precise=0.7781885397412199
recall=0.2598765432098765
F1score=0.3896344285053216

threshold=0.016199999999999957
1(84) 0(77) 1(89) 0(58) 0(72) 0(58) 0(71) 0(62) 
0(58) 1(87) 0(51) 0(67) 0(54) 0(75) 0(66) 
0(66) 0(47) 0(52) 0(49) 0(54) 0(31) 
0(68) 1(80) 0(71) 1(83) 0(76) 
0(75) 0(69) 0(67) 0(54) 
1(83) 1(79) 0(73) 
0(67) 0(58) 
1(100) 

0.7777777777777778
precise=0.7759562841530054
recall=0.26134969325153373
F1score=0.39100504818724185

threshold=0.016299999999999957
1(84) 0(77) 1(90) 0(58) 0(72) 0(58) 0(71) 0(62) 
0(58) 1(87) 0(51) 0(67) 0(54) 0(75) 0(66) 
0(66) 0(47) 0(52) 0(49) 0(54) 0(31) 
0(68) 1(80) 0(71) 1(83) 0(76) 
0(75) 0(69) 0(67) 0(55) 
1(83) 1(79) 0(73) 
0(67) 0(58) 
1(100) 

0.7777777777777778
precise=0.7737881508078994
recall=0.2628048780487805
F1score=0.39235320892125625

threshold=0.016399999999999956
1(84) 0(77) 1(90) 0(58) 0(73) 0(58) 0(71) 0(62) 
0(58) 1(87) 0(51) 0(67) 0(54) 0(75) 0(67) 
0(66) 0(47) 0(52) 0(49) 0(54) 0(32) 
0(68) 1(80) 0(71) 1(83) 0(77) 
0(75) 0(69) 0(67) 0(55) 
1(83) 1(79) 0(73) 
0(67) 0(58) 
1(100) 

0.7777777777777778
precise=0.7716814159292036
recall=0.2642424242424242
F1score=0.39367945823927764

threshold=0.016499999999999956
1(84) 0(77) 1(90) 0(58) 0(73) 0(58) 0(71) 0(62) 
0(58) 1(87) 0(51) 0(68) 0(54) 0(75) 0(67) 
0(67) 0(47) 0(53) 0(49) 0(54) 0(32) 
0(68) 1(80) 0(71) 1(83) 0(77) 
0(75) 0(69) 0(67) 0(55) 
1(83) 1(81) 0(73) 
0(67) 0(58) 
1(100) 

0.7777777777777778
precise=0.7696335078534031
recall=0.2656626506024096
F1score=0.3949843260188088

threshold=0.016599999999999955
1(84) 0(77) 1(90) 0(58) 0(73) 0(58) 0(71) 0(62) 
0(58) 1(87) 0(51) 0(68) 0(54) 0(75) 0(67) 
0(67) 0(48) 0(53) 0(49) 0(54) 0(32) 
0(68) 1(80) 0(71) 1(83) 0(77) 
0(75) 0(69) 0(67) 0(57) 
1(83) 1(81) 0(73) 
0(67) 0(58) 
1(100) 

0.7777777777777778
precise=0.7676419965576592
recall=0.26706586826347306
F1score=0.39626832518880495

threshold=0.016699999999999954
1(84) 0(77) 1(90) 0(58) 0(74) 0(58) 0(71) 0(62) 
0(58) 1(87) 0(51) 0(68) 0(54) 0(75) 0(67) 
0(67) 0(48) 0(53) 0(49) 0(55) 0(32) 
0(68) 1(80) 0(71) 1(83) 0(77) 
0(75) 0(69) 0(67) 0(57) 
1(83) 1(81) 0(73) 
0(67) 0(58) 
1(100) 

0.7777777777777778
precise=0.765704584040747
recall=0.26845238095238094
F1score=0.39753195240193917

threshold=0.016799999999999954
1(84) 0(77) 1(90) 0(58) 0(74) 0(58) 0(71) 0(62) 
0(60) 1(87) 0(51) 0(68) 0(54) 0(75) 0(67) 
0(67) 0(48) 0(53) 0(49) 0(56) 0(33) 
0(68) 1(80) 0(71) 1(83) 0(77) 
0(75) 0(69) 0(67) 0(57) 
1(83) 1(81) 0(73) 
0(67) 0(58) 
1(100) 

0.7777777777777778
precise=0.7638190954773869
recall=0.2698224852071006
F1score=0.39877568867512025

threshold=0.016899999999999953
1(84) 0(77) 1(90) 0(58) 0(74) 0(58) 0(71) 0(62) 
0(60) 1(89) 0(51) 0(68) 0(54) 0(75) 0(67) 
0(67) 0(48) 0(53) 0(49) 0(56) 0(33) 
0(68) 1(80) 0(71) 1(83) 0(77) 
0(75) 0(69) 0(67) 0(57) 
1(83) 1(81) 0(73) 
0(67) 0(58) 
1(100) 

0.7777777777777778
precise=0.7619834710743801
recall=0.2711764705882353
F1score=0.4

threshold=0.016999999999999953
1(84) 0(77) 1(90) 0(58) 0(74) 0(58) 0(71) 0(62) 
0(61) 1(89) 0(51) 0(68) 0(54) 0(75) 0(67) 
0(68) 0(48) 0(54) 0(49) 0(56) 0(33) 
0(69) 1(80) 0(71) 1(83) 0(77) 
0(75) 0(69) 0(67) 0(57) 
1(83) 1(81) 0(73) 
0(67) 0(58) 
1(100) 

0.7777777777777778
precise=0.7601957585644372
recall=0.27251461988304093
F1score=0.4012053379250969

threshold=0.017099999999999952
1(84) 0(77) 1(90) 0(58) 0(74) 0(58) 0(71) 0(62) 
0(61) 1(89) 0(52) 0(70) 0(54) 0(75) 0(68) 
0(68) 0(48) 0(54) 0(50) 0(56) 0(33) 
0(69) 1(80) 0(71) 1(83) 0(77) 
0(75) 0(69) 0(67) 0(57) 
1(83) 1(81) 0(74) 
0(67) 0(58) 
1(100) 

0.7777777777777778
precise=0.7584541062801933
recall=0.2738372093023256
F1score=0.40239214011106367

threshold=0.01719999999999995
1(84) 0(77) 1(90) 0(58) 0(74) 0(58) 0(71) 0(63) 
0(61) 1(89) 0(52) 0(70) 0(54) 0(75) 0(68) 
0(68) 0(48) 0(55) 0(50) 0(57) 0(34) 
0(69) 1(80) 0(71) 1(83) 1(78) 
0(76) 0(69) 0(67) 0(57) 
1(83) 1(81) 0(74) 
0(67) 0(59) 
1(100) 

0.75
precise=0.7555555555555555
recall=0.2751445086705202
F1score=0.4033898305084746

threshold=0.01729999999999995
1(84) 0(77) 1(90) 0(58) 0(74) 0(58) 0(72) 0(63) 
0(62) 1(89) 0(52) 0(70) 0(54) 0(75) 0(68) 
0(68) 0(48) 0(55) 0(50) 0(57) 0(35) 
0(69) 1(80) 0(71) 1(83) 1(78) 
0(76) 0(69) 0(67) 0(57) 
1(83) 1(81) 0(74) 
0(67) 0(59) 
1(100) 

0.75
precise=0.7527386541471048
recall=0.2764367816091954
F1score=0.40437158469945356

threshold=0.01739999999999995
1(84) 0(77) 1(90) 0(58) 0(74) 0(58) 0(73) 0(63) 
0(62) 1(89) 0(52) 0(70) 0(54) 0(75) 0(68) 
0(68) 0(48) 0(56) 0(50) 0(57) 0(35) 
0(69) 1(80) 0(71) 1(83) 1(78) 
0(76) 0(69) 0(67) 0(57) 
1(83) 1(81) 0(74) 
0(67) 0(59) 
1(100) 

0.75
precise=0.75
recall=0.2777142857142857
F1score=0.4053377814845705

threshold=0.01749999999999995
1(84) 0(77) 1(90) 0(58) 0(74) 0(58) 0(73) 0(63) 
0(62) 1(89) 0(52) 0(70) 0(54) 0(75) 0(68) 
0(68) 0(48) 0(56) 0(50) 0(57) 0(35) 
0(69) 1(80) 0(71) 1(83) 1(78) 
0(76) 0(69) 0(67) 0(57) 
1(83) 1(81) 0(74) 
0(67) 0(59) 
1(100) 

0.75
precise=0.7473363774733638
recall=0.27897727272727274
F1score=0.4062887877534133

threshold=0.01759999999999995
1(84) 0(77) 1(90) 0(58) 0(74) 0(58) 0(73) 0(63) 
0(62) 1(89) 0(53) 0(70) 0(54) 0(75) 0(68) 
0(68) 0(48) 0(56) 0(50) 0(57) 0(35) 
0(69) 1(80) 0(71) 1(83) 1(78) 
0(76) 0(69) 0(67) 0(57) 
1(83) 1(81) 0(74) 
0(67) 0(59) 
1(100) 

0.75
precise=0.7447447447447447
recall=0.280225988700565
F1score=0.4072249589490969

threshold=0.01769999999999995
1(84) 0(77) 1(90) 0(58) 0(74) 0(58) 0(73) 0(63) 
0(62) 1(89) 0(53) 0(70) 0(54) 0(75) 0(68) 
0(68) 0(50) 0(56) 0(50) 0(57) 0(35) 
0(69) 1(80) 0(71) 1(83) 1(78) 
0(76) 0(69) 0(67) 0(57) 
1(83) 1(81) 0(74) 
0(67) 0(59) 
1(100) 

0.75
precise=0.7422222222222222
recall=0.28146067415730336
F1score=0.4081466395112016

threshold=0.017799999999999948
1(84) 0(77) 1(90) 0(58) 0(74) 0(58) 0(73) 0(63) 
0(62) 1(89) 0(53) 0(70) 0(54) 0(75) 0(68) 
0(68) 0(50) 0(56) 0(50) 0(57) 0(35) 
0(69) 1(80) 0(71) 1(83) 1(78) 
0(76) 0(69) 0(67) 0(57) 
1(83) 1(81) 0(74) 
0(67) 0(59) 
1(100) 

0.75
precise=0.7397660818713451
recall=0.28268156424581004
F1score=0.40905416329830235

threshold=0.017899999999999947
1(84) 0(77) 1(90) 0(58) 0(74) 0(58) 0(73) 0(63) 
0(62) 1(89) 0(53) 0(70) 0(54) 0(75) 0(68) 
0(68) 0(50) 0(56) 0(50) 0(57) 0(36) 
0(69) 1(80) 0(71) 1(83) 1(78) 
0(76) 0(70) 0(67) 0(57) 
1(84) 1(82) 0(74) 
0(67) 0(59) 
1(100) 

0.75
precise=0.7373737373737373
recall=0.2838888888888889
F1score=0.4099478539911753

threshold=0.017999999999999947
1(84) 0(77) 1(90) 0(59) 0(74) 0(58) 0(73) 0(64) 
0(62) 1(89) 0(53) 0(70) 0(54) 0(76) 0(68) 
0(68) 0(50) 0(56) 0(50) 0(58) 0(36) 
0(69) 1(80) 0(71) 1(83) 1(78) 
0(77) 0(70) 0(67) 0(57) 
1(84) 1(82) 0(74) 
0(67) 0(59) 
1(100) 

0.75
precise=0.7350427350427351
recall=0.2850828729281768
F1score=0.410828025477707

threshold=0.018099999999999946
1(84) 0(77) 1(90) 0(59) 0(74) 0(58) 0(73) 0(65) 
0(62) 1(89) 0(53) 0(70) 0(54) 0(76) 0(68) 
0(68) 0(50) 0(56) 0(50) 0(58) 0(37) 
0(69) 1(80) 0(71) 1(83) 1(78) 
0(77) 0(70) 0(67) 0(57) 
1(84) 1(82) 0(74) 
0(67) 0(59) 
1(100) 

0.75
precise=0.7327707454289732
recall=0.28626373626373625
F1score=0.41169498222046624

threshold=0.018199999999999945
1(84) 0(77) 1(90) 0(59) 0(74) 0(58) 0(73) 0(65) 
0(63) 1(89) 0(53) 0(70) 0(54) 0(76) 0(68) 
0(68) 0(50) 0(56) 0(50) 0(58) 0(37) 
0(69) 1(80) 0(71) 1(83) 1(78) 
0(77) 0(70) 0(67) 0(57) 
1(84) 1(82) 0(74) 
0(68) 0(59) 
1(100) 

0.75
precise=0.7305555555555555
recall=0.28743169398907104
F1score=0.4125490196078431

threshold=0.018299999999999945
1(84) 0(77) 1(91) 0(59) 0(74) 0(58) 0(73) 0(65) 
0(64) 1(89) 0(53) 0(70) 0(54) 0(76) 0(68) 
0(69) 0(50) 0(56) 0(50) 0(58) 0(37) 
0(69) 1(80) 0(71) 1(83) 1(78) 
0(77) 0(71) 0(67) 0(57) 
1(84) 1(82) 0(74) 
0(68) 0(59) 
1(100) 

0.75
precise=0.7283950617283951
recall=0.28858695652173916
F1score=0.4133904242896069

threshold=0.018399999999999944
1(85) 0(77) 1(91) 0(59) 0(75) 0(58) 0(73) 0(65) 
0(64) 1(89) 0(53) 0(70) 0(55) 0(76) 0(68) 
0(69) 0(50) 0(56) 0(50) 0(59) 0(37) 
0(69) 1(80) 0(71) 1(83) 1(78) 
0(77) 0(72) 0(67) 0(57) 
1(84) 1(82) 0(74) 
0(68) 0(59) 
1(100) 

0.75
precise=0.7262872628726287
recall=0.2897297297297297
F1score=0.4142194744976816

threshold=0.018499999999999944
1(85) 0(77) 1(91) 0(59) 0(75) 0(58) 0(73) 0(65) 
0(64) 1(89) 0(53) 0(70) 0(55) 0(76) 0(68) 
0(69) 0(50) 0(57) 0(50) 0(59) 0(37) 
0(69) 1(80) 0(71) 1(83) 1(78) 
0(77) 0(72) 0(68) 0(57) 
1(84) 1(82) 0(74) 
0(68) 0(59) 
1(100) 

0.75
precise=0.7242302543507363
recall=0.2908602150537634
F1score=0.41503644035289605

threshold=0.018599999999999943
1(85) 0(77) 1(91) 0(59) 0(75) 0(58) 0(73) 0(65) 
0(64) 1(89) 0(53) 0(70) 0(55) 0(76) 0(68) 
0(69) 0(50) 0(57) 0(50) 0(60) 0(37) 
0(69) 1(80) 0(71) 1(83) 1(78) 
0(77) 0(72) 0(68) 0(57) 
1(84) 1(82) 0(74) 
0(68) 0(59) 
1(100) 

0.75
precise=0.7222222222222222
recall=0.29197860962566846
F1score=0.4158415841584158

threshold=0.018699999999999942
1(85) 0(77) 1(91) 0(59) 0(75) 0(58) 0(73) 0(65) 
0(64) 1(89) 0(53) 0(70) 0(55) 0(76) 0(68) 
0(69) 0(51) 0(58) 0(50) 0(60) 0(40) 
0(69) 1(80) 0(71) 1(83) 1(78) 
0(77) 0(72) 0(68) 0(57) 
1(84) 1(82) 0(75) 
0(68) 0(60) 
1(100) 

0.75
precise=0.7202614379084967
recall=0.29308510638297874
F1score=0.4166351606805293

threshold=0.018799999999999942
1(85) 1(78) 1(91) 0(59) 0(75) 0(58) 0(73) 0(65) 
0(64) 1(89) 0(53) 0(70) 0(55) 0(76) 0(68) 
0(69) 0(51) 0(59) 0(50) 0(60) 0(40) 
0(70) 1(80) 0(71) 1(83) 1(78) 
0(77) 0(72) 0(68) 0(57) 
1(84) 1(82) 0(75) 
0(68) 0(60) 
1(100) 

0.7777777777777778
precise=0.7187096774193549
recall=0.2947089947089947
F1score=0.4180112570356473

threshold=0.01889999999999994
1(85) 1(78) 1(91) 0(59) 0(75) 0(58) 0(73) 0(65) 
0(64) 1(89) 0(53) 0(70) 0(55) 0(76) 0(68) 
0(69) 0(51) 0(59) 0(50) 0(60) 0(40) 
0(70) 1(80) 0(71) 1(83) 1(78) 
0(77) 0(72) 0(68) 0(57) 
1(84) 1(82) 0(75) 
0(68) 0(60) 
1(100) 

0.7777777777777778
precise=0.7171974522292993
recall=0.2963157894736842
F1score=0.41936685288640596

threshold=0.01899999999999994
1(85) 1(78) 1(91) 0(59) 0(75) 0(58) 0(73) 0(65) 
0(64) 1(89) 0(53) 0(70) 0(55) 0(76) 0(68) 
0(69) 0(51) 0(60) 0(50) 0(60) 0(40) 
0(70) 1(80) 0(71) 1(83) 1(78) 
0(77) 0(72) 0(68) 0(57) 
1(84) 1(82) 0(75) 
0(68) 0(60) 
1(100) 

0.7777777777777778
precise=0.7157232704402515
recall=0.29790575916230366
F1score=0.4207024029574861

threshold=0.01909999999999994
1(85) 1(78) 1(91) 0(59) 0(75) 0(58) 0(73) 0(66) 
0(64) 1(89) 0(53) 0(70) 0(55) 0(76) 0(68) 
0(69) 0(51) 0(60) 0(50) 0(60) 0(40) 
0(70) 1(80) 0(71) 1(83) 1(78) 
0(77) 0(72) 0(68) 0(58) 
1(84) 1(82) 0(75) 
0(68) 0(61) 
1(100) 

0.7777777777777778
precise=0.7142857142857143
recall=0.2994791666666667
F1score=0.42201834862385323

threshold=0.01919999999999994
1(85) 1(78) 1(92) 0(59) 0(75) 0(58) 0(73) 0(66) 
0(64) 1(89) 0(53) 0(70) 0(55) 0(76) 0(69) 
0(69) 0(51) 0(60) 0(51) 0(61) 0(40) 
0(70) 1(80) 0(71) 1(83) 1(78) 
0(77) 0(72) 0(68) 0(58) 
1(84) 1(82) 0(75) 
0(68) 0(61) 
1(100) 

0.7777777777777778
precise=0.7128834355828221
recall=0.3010362694300518
F1score=0.42331511839708563

threshold=0.01929999999999994
1(85) 1(78) 1(92) 0(59) 0(75) 0(58) 0(73) 0(66) 
0(64) 1(89) 0(53) 0(70) 0(55) 0(76) 0(69) 
0(69) 0(51) 0(60) 0(51) 0(61) 0(40) 
0(70) 1(80) 0(71) 1(83) 1(78) 
0(77) 0(72) 0(68) 0(58) 
1(84) 1(82) 0(75) 
0(68) 0(61) 
1(100) 

0.7777777777777778
precise=0.7115151515151515
recall=0.30257731958762885
F1score=0.42459312839059676

threshold=0.019399999999999938
1(85) 1(78) 1(92) 0(59) 0(75) 0(58) 0(73) 0(66) 
0(64) 1(89) 0(53) 0(70) 0(55) 0(77) 0(69) 
0(70) 0(51) 0(60) 0(51) 0(61) 0(40) 
0(70) 1(80) 0(71) 1(83) 1(78) 
0(77) 0(72) 0(68) 0(59) 
1(84) 1(82) 0(75) 
0(68) 0(61) 
1(100) 

0.7777777777777778
precise=0.7101796407185629
recall=0.3041025641025641
F1score=0.4258527827648115

threshold=0.019499999999999938
1(85) 1(79) 1(92) 0(59) 0(75) 0(58) 0(73) 0(66) 
0(64) 1(89) 0(53) 0(70) 0(55) 0(77) 0(69) 
0(70) 0(51) 0(60) 0(51) 0(61) 0(40) 
0(71) 1(80) 0(71) 1(83) 1(78) 
0(77) 0(72) 0(68) 0(59) 
1(84) 1(82) 0(75) 
0(68) 0(61) 
1(100) 

0.7777777777777778
precise=0.7088757396449704
recall=0.3056122448979592
F1score=0.4270944741532977

threshold=0.019599999999999937
1(85) 1(79) 1(92) 0(59) 0(75) 0(58) 0(73) 0(66) 
0(64) 1(89) 0(53) 0(70) 0(55) 0(77) 0(69) 
0(70) 0(51) 0(61) 0(51) 0(62) 0(40) 
0(71) 1(80) 0(72) 1(83) 1(78) 
0(77) 0(72) 0(68) 0(59) 
1(84) 1(82) 0(75) 
0(68) 0(61) 
1(100) 

0.7777777777777778
precise=0.7076023391812866
recall=0.30710659898477155
F1score=0.4283185840707965

threshold=0.019699999999999936
1(85) 1(79) 1(92) 0(59) 0(75) 0(58) 0(74) 0(66) 
0(65) 1(89) 0(53) 0(70) 0(55) 0(77) 0(70) 
0(71) 0(53) 0(61) 0(51) 0(62) 0(40) 
0(71) 1(80) 0(72) 1(83) 1(78) 
0(77) 0(72) 0(68) 0(59) 
1(84) 1(82) 0(75) 
0(68) 0(61) 
1(100) 

0.7777777777777778
precise=0.7063583815028902
recall=0.3085858585858586
F1score=0.42952548330404217

threshold=0.019799999999999936
1(85) 1(79) 1(92) 0(59) 0(75) 0(58) 0(74) 0(66) 
0(65) 1(89) 0(54) 0(70) 0(55) 0(77) 0(70) 
0(71) 0(53) 0(61) 0(51) 0(63) 0(40) 
0(71) 1(80) 0(72) 1(83) 1(78) 
0(77) 0(72) 0(68) 0(59) 
1(84) 1(82) 0(75) 
0(68) 0(61) 
1(100) 

0.7777777777777778
precise=0.7051428571428572
recall=0.3100502512562814
F1score=0.4307155322862129

threshold=0.019899999999999935
1(85) 1(79) 1(92) 0(59) 0(75) 0(58) 0(74) 0(66) 
0(65) 1(89) 0(54) 0(70) 0(55) 0(77) 0(70) 
0(71) 0(54) 0(62) 0(52) 0(64) 0(40) 
0(71) 1(81) 0(72) 1(83) 1(78) 
0(77) 0(72) 0(68) 0(59) 
1(84) 1(82) 0(75) 
0(68) 0(61) 
1(100) 

0.7777777777777778
precise=0.703954802259887
recall=0.3115
F1score=0.4318890814558059

threshold=0.019999999999999934
1(85) 1(79) 1(92) 0(59) 0(75) 0(58) 0(74) 0(66) 
0(66) 1(89) 0(54) 0(70) 0(55) 0(77) 0(70) 
0(71) 0(54) 0(62) 0(52) 0(64) 0(40) 
0(71) 1(81) 0(72) 1(83) 1(78) 
0(77) 0(73) 0(68) 0(59) 
1(84) 1(82) 0(75) 
0(68) 0(62) 
1(100) 

0.7777777777777778
precise=0.7027932960893855
recall=0.31293532338308455
F1score=0.4330464716006885

Max accuracy is 0.8333333333333334 at threshold 0.01259999999999998
Max precise is 1.0 at threshold 0.0032999999999999982
Max recall is 0.31293532338308455 at threshold 0.019999999999999934
Max F1score is 0.4330464716006885 at threshold 0.019999999999999934
