threshold=0.0
0(0) 0(0) 0(23) 0(0) 0(0) 0(0) 
0(0) 0(23) 0(0) 0(0) 0(0) 
0(23) 0(0) 0(0) 0(0) 
0(23) 0(23) 0(23) 
0(0) 0(0) 
0(0) 

0.47619047619047616
precise=0.6003531034718981
recall=0.0
F1score=0.0

threshold=0.02
0(3) 0(1) 0(33) 0(0) 0(1) 0(1) 
0(3) 0(24) 0(13) 0(2) 0(0) 
0(23) 0(0) 0(0) 0(0) 
0(23) 0(23) 0(23) 
0(2) 0(1) 
0(2) 

0.47619047619047616
precise=0.6003531034718981
recall=0.0
F1score=0.0

threshold=0.04
0(8) 0(3) 1(35) 0(1) 0(1) 0(1) 
0(10) 0(24) 0(25) 0(2) 0(0) 
0(23) 0(1) 0(0) 0(0) 
0(23) 0(23) 0(23) 
0(2) 0(1) 
0(6) 

0.5238095238095238
precise=1.0
recall=0.030303030303030304
F1score=0.058823529411764705

threshold=0.06
0(11) 0(10) 1(40) 0(1) 0(1) 0(1) 
0(22) 0(25) 0(29) 0(2) 0(0) 
0(26) 0(4) 0(0) 0(0) 
0(23) 0(23) 0(23) 
0(3) 0(1) 
0(7) 

0.5238095238095238
precise=1.0
recall=0.045454545454545456
F1score=0.08695652173913043

threshold=0.08
0(16) 0(19) 1(41) 0(3) 0(1) 0(1) 
0(27) 0(28) 1(35) 0(3) 0(1) 
0(29) 0(7) 0(0) 0(0) 
0(23) 0(23) 0(24) 
0(3) 0(1) 
0(12) 

0.5714285714285714
precise=1.0
recall=0.07272727272727272
F1score=0.13559322033898305

threshold=0.1
0(20) 0(28) 1(43) 0(5) 0(1) 0(1) 
1(34) 0(30) 1(40) 0(3) 0(1) 
0(31) 0(12) 0(0) 0(0) 
0(23) 0(23) 0(24) 
0(4) 0(1) 
0(13) 

0.6190476190476191
precise=1.0
recall=0.10606060606060606
F1score=0.1917808219178082

threshold=0.12000000000000001
0(24) 1(34) 1(43) 0(6) 0(1) 0(1) 
1(35) 0(32) 1(42) 0(3) 0(1) 
0(33) 0(17) 0(0) 0(0) 
0(23) 0(23) 0(24) 
0(5) 0(1) 
0(18) 

0.6666666666666666
precise=1.0
recall=0.14285714285714285
F1score=0.25

threshold=0.14
0(25) 1(37) 1(43) 0(8) 0(1) 0(1) 
1(40) 0(33) 1(45) 0(3) 0(1) 
1(35) 0(20) 0(0) 0(0) 
0(24) 0(23) 0(24) 
0(5) 0(1) 
0(20) 

0.7142857142857143
precise=1.0
recall=0.18181818181818182
F1score=0.3076923076923077

threshold=0.16
0(29) 1(42) 1(43) 0(10) 0(1) 0(1) 
1(42) 1(34) 1(47) 0(3) 0(1) 
1(37) 0(24) 0(0) 0(0) 
0(25) 0(23) 0(24) 
0(7) 0(2) 
0(23) 

0.7619047619047619
precise=1.0
recall=0.2222222222222222
F1score=0.36363636363636365

threshold=0.18
1(34) 1(46) 1(43) 0(12) 0(1) 0(1) 
1(44) 1(35) 1(47) 0(5) 0(1) 
1(39) 0(28) 0(0) 0(0) 
0(25) 0(23) 0(24) 
0(9) 0(2) 
0(27) 

0.8095238095238095
precise=1.0
recall=0.2636363636363636
F1score=0.4172661870503597

threshold=0.19999999999999998
1(38) 1(46) 1(44) 0(14) 0(1) 0(1) 
1(44) 1(35) 1(47) 0(6) 0(1) 
1(40) 1(34) 0(0) 0(0) 
0(27) 0(23) 0(24) 
0(11) 0(2) 
0(29) 

0.8571428571428571
precise=1.0
recall=0.30578512396694213
F1score=0.46835443037974683

threshold=0.21999999999999997
1(38) 1(46) 1(45) 0(16) 0(1) 0(1) 
1(45) 1(37) 1(47) 0(7) 0(1) 
1(40) 1(35) 0(1) 0(0) 
0(28) 0(23) 0(24) 
0(14) 0(2) 
0(32) 

0.8571428571428571
precise=1.0
recall=0.3409090909090909
F1score=0.5084745762711864

threshold=0.23999999999999996
1(40) 1(47) 1(45) 0(20) 0(1) 0(1) 
1(46) 1(38) 1(47) 0(7) 0(1) 
1(40) 1(37) 0(1) 0(0) 
0(29) 0(23) 0(24) 
0(16) 0(2) 
0(32) 

0.8571428571428571
precise=1.0
recall=0.3706293706293706
F1score=0.5408163265306123

threshold=0.25999999999999995
1(42) 1(47) 1(45) 0(22) 0(1) 0(1) 
1(46) 1(39) 1(47) 0(7) 0(1) 
1(41) 1(39) 0(1) 0(0) 
0(30) 0(23) 0(24) 
0(18) 0(3) 
1(34) 

0.9047619047619048
precise=1.0
recall=0.4025974025974026
F1score=0.5740740740740741

threshold=0.27999999999999997
1(42) 1(47) 1(45) 0(24) 0(1) 0(1) 
1(46) 1(39) 1(47) 0(8) 0(1) 
1(42) 1(40) 0(2) 0(0) 
0(33) 0(23) 0(24) 
0(18) 0(3) 
1(34) 

0.9047619047619048
precise=1.0
recall=0.4303030303030303
F1score=0.6016949152542372

threshold=0.3
1(44) 1(47) 1(45) 0(27) 0(1) 0(1) 
1(46) 1(39) 1(48) 0(10) 0(1) 
1(43) 1(41) 0(2) 0(0) 
1(34) 0(23) 0(24) 
0(18) 0(3) 
1(34) 

0.9523809523809523
precise=1.0
recall=0.4602272727272727
F1score=0.6303501945525292

threshold=0.32
1(45) 1(47) 1(45) 0(31) 0(1) 0(1) 
1(46) 1(41) 1(48) 0(10) 0(1) 
1(43) 1(43) 0(2) 0(0) 
1(37) 0(24) 0(24) 
0(20) 0(3) 
1(34) 

0.9523809523809523
precise=1.0
recall=0.48663101604278075
F1score=0.6546762589928058

threshold=0.34
1(46) 1(47) 1(45) 0(33) 0(1) 0(1) 
1(47) 1(42) 1(48) 0(11) 0(2) 
1(43) 1(43) 0(2) 0(0) 
1(38) 0(24) 0(24) 
0(20) 0(4) 
1(36) 

0.9523809523809523
precise=1.0
recall=0.51010101010101
F1score=0.6755852842809364

threshold=0.36000000000000004
1(46) 1(47) 1(45) 1(36) 0(2) 0(1) 
1(47) 1(43) 1(48) 0(11) 0(2) 
1(43) 1(45) 0(4) 0(0) 
1(38) 0(24) 0(24) 
0(20) 0(5) 
1(36) 

1.0
precise=1.0
recall=0.5358851674641149
F1score=0.6978193146417445

threshold=0.38000000000000006
1(47) 1(47) 1(45) 1(37) 0(2) 0(1) 
1(47) 1(43) 1(48) 0(12) 0(2) 
1(45) 1(45) 0(4) 0(0) 
1(39) 0(24) 0(24) 
0(22) 0(6) 
1(36) 

1.0
precise=1.0
recall=0.5590909090909091
F1score=0.717201166180758

threshold=0.4000000000000001
1(47) 1(47) 1(45) 1(37) 0(2) 0(1) 
1(47) 1(43) 1(48) 0(12) 0(2) 
1(45) 1(46) 0(5) 0(0) 
1(40) 0(24) 0(24) 
0(23) 0(6) 
1(36) 

1.0
precise=1.0
recall=0.5800865800865801
F1score=0.7342465753424657

threshold=0.4200000000000001
1(47) 1(48) 1(45) 1(38) 0(3) 0(1) 
1(47) 1(44) 1(48) 0(14) 0(2) 
1(45) 1(46) 0(5) 0(0) 
1(40) 0(25) 0(24) 
0(24) 0(6) 
1(37) 

1.0
precise=1.0
recall=0.5991735537190083
F1score=0.7493540051679587

threshold=0.4400000000000001
1(47) 1(48) 1(45) 1(38) 0(3) 0(1) 
1(47) 1(44) 1(48) 0(15) 0(2) 
1(45) 1(46) 0(5) 0(0) 
1(40) 0(25) 0(24) 
0(24) 0(6) 
1(37) 

1.0
precise=1.0
recall=0.616600790513834
F1score=0.7628361858190709

threshold=0.46000000000000013
1(47) 1(48) 1(45) 1(38) 0(3) 0(1) 
1(47) 1(45) 1(48) 0(16) 0(2) 
1(45) 1(46) 0(5) 0(0) 
1(40) 0(25) 0(24) 
0(25) 0(7) 
1(38) 

1.0
precise=1.0
recall=0.6325757575757576
F1score=0.7749419953596288

threshold=0.48000000000000015
1(47) 1(48) 1(45) 1(39) 0(3) 0(1) 
1(47) 1(46) 1(48) 0(16) 0(3) 
1(45) 1(46) 0(5) 0(0) 
1(42) 0(25) 0(24) 
0(26) 0(8) 
1(39) 

1.0
precise=1.0
recall=0.6472727272727272
F1score=0.7858719646799117

threshold=0.5000000000000001
1(48) 1(48) 1(45) 1(40) 0(4) 0(1) 
1(47) 1(46) 1(48) 0(19) 0(3) 
1(45) 1(47) 0(5) 0(0) 
1(42) 0(25) 0(24) 
0(27) 0(9) 
1(41) 

1.0
precise=1.0
recall=0.6608391608391608
F1score=0.7957894736842105

threshold=0.5200000000000001
1(48) 1(48) 1(45) 1(41) 0(4) 0(1) 
1(47) 1(46) 1(48) 0(19) 0(3) 
1(45) 1(47) 0(7) 0(0) 
1(43) 0(25) 0(24) 
0(28) 0(10) 
1(42) 

1.0
precise=1.0
recall=0.6734006734006734
F1score=0.8048289738430584

threshold=0.5400000000000001
1(48) 1(48) 1(45) 1(41) 0(4) 0(1) 
1(47) 1(46) 1(48) 0(20) 0(5) 
1(45) 1(47) 0(8) 0(0) 
1(43) 0(25) 0(24) 
0(28) 0(11) 
1(44) 

1.0
precise=1.0
recall=0.685064935064935
F1score=0.8131021194605009

threshold=0.5600000000000002
1(48) 1(48) 1(45) 1(42) 0(4) 0(1) 
1(47) 1(46) 1(48) 0(20) 0(6) 
1(45) 1(47) 0(9) 0(0) 
1(44) 0(25) 0(24) 
0(29) 0(11) 
1(45) 

1.0
precise=1.0
recall=0.6959247648902821
F1score=0.8207024029574861

threshold=0.5800000000000002
1(48) 1(48) 1(45) 1(43) 0(4) 0(1) 
1(47) 1(46) 1(48) 0(20) 0(8) 
1(45) 1(47) 0(10) 0(0) 
1(44) 0(25) 0(24) 
0(31) 0(11) 
1(45) 

1.0
precise=1.0
recall=0.706060606060606
F1score=0.827708703374778

threshold=0.6000000000000002
1(48) 1(48) 1(45) 1(44) 0(4) 0(1) 
1(47) 1(46) 1(48) 0(21) 0(9) 
1(45) 1(47) 0(10) 0(0) 
1(44) 0(25) 0(24) 
0(31) 0(11) 
1(45) 

1.0
precise=1.0
recall=0.7155425219941349
F1score=0.8341880341880342

threshold=0.6200000000000002
1(48) 1(48) 1(45) 1(44) 0(4) 0(1) 
1(47) 1(46) 1(48) 0(21) 0(9) 
1(45) 1(47) 0(10) 0(1) 
1(45) 0(25) 0(24) 
0(32) 0(14) 
1(45) 

1.0
precise=1.0
recall=0.7244318181818182
F1score=0.8401976935749588

threshold=0.6400000000000002
1(48) 1(48) 1(45) 1(44) 0(6) 0(1) 
1(47) 1(46) 1(48) 0(21) 0(9) 
1(45) 1(47) 0(11) 0(1) 
1(45) 0(25) 0(24) 
0(33) 0(14) 
1(45) 

1.0
precise=1.0
recall=0.7327823691460055
F1score=0.8457869634340223

threshold=0.6600000000000003
1(48) 1(48) 1(45) 1(44) 0(6) 0(1) 
1(47) 1(46) 1(48) 0(21) 0(10) 
1(45) 1(47) 0(12) 0(1) 
1(45) 0(25) 0(24) 
1(35) 0(15) 
1(45) 

0.9523809523809523
precise=0.9964028776978417
recall=0.7406417112299465
F1score=0.8496932515337423

threshold=0.6800000000000003
1(48) 1(48) 1(45) 1(44) 0(6) 0(1) 
1(47) 1(46) 1(48) 0(21) 0(10) 
1(45) 1(47) 0(12) 0(2) 
1(46) 0(25) 0(24) 
1(35) 0(15) 
1(45) 

0.9523809523809523
precise=0.993103448275862
recall=0.7480519480519481
F1score=0.8533333333333334

threshold=0.7000000000000003
1(48) 1(48) 1(45) 1(44) 0(6) 0(1) 
1(47) 1(46) 1(48) 0(23) 0(10) 
1(45) 1(47) 0(14) 0(2) 
1(46) 0(25) 0(24) 
1(36) 0(16) 
1(45) 

0.9523809523809523
precise=0.9900662251655629
recall=0.7550505050505051
F1score=0.8567335243553008

threshold=0.7200000000000003
1(48) 1(48) 1(45) 1(44) 0(6) 0(1) 
1(47) 1(46) 1(48) 0(24) 0(10) 
1(45) 1(47) 0(16) 0(2) 
1(46) 0(25) 0(24) 
1(36) 0(16) 
1(45) 

0.9523809523809523
precise=0.9872611464968153
recall=0.7616707616707616
F1score=0.8599167822468793

threshold=0.7400000000000003
1(48) 1(48) 1(45) 1(44) 0(6) 0(1) 
1(47) 1(46) 1(48) 0(26) 0(10) 
1(45) 1(47) 0(16) 0(2) 
1(46) 0(25) 0(24) 
1(36) 0(17) 
1(46) 

0.9523809523809523
precise=0.9846625766871165
recall=0.7679425837320574
F1score=0.8629032258064516

threshold=0.7600000000000003
1(48) 1(48) 1(45) 1(47) 0(8) 0(1) 
1(47) 1(46) 1(48) 0(27) 0(10) 
1(45) 1(47) 0(16) 0(2) 
1(46) 0(25) 0(24) 
1(36) 0(19) 
1(46) 

0.9523809523809523
precise=0.9822485207100592
recall=0.7738927738927739
F1score=0.8657105606258149

threshold=0.7800000000000004
1(48) 1(48) 1(45) 1(48) 0(8) 0(1) 
1(47) 1(46) 1(48) 0(27) 0(10) 
1(45) 1(47) 0(17) 0(2) 
1(46) 0(25) 0(24) 
1(36) 0(21) 
1(46) 

0.9523809523809523
precise=0.98
recall=0.7795454545454545
F1score=0.8683544303797468

threshold=0.8000000000000004
1(48) 1(48) 1(45) 1(48) 0(8) 0(1) 
1(47) 1(46) 1(48) 0(28) 0(10) 
1(45) 1(47) 0(17) 0(2) 
1(46) 0(25) 0(24) 
1(36) 0(21) 
1(46) 

0.9523809523809523
precise=0.9779005524861878
recall=0.7849223946784922
F1score=0.8708487084870848

threshold=0.8200000000000004
1(48) 1(48) 1(45) 1(48) 0(8) 0(1) 
1(47) 1(46) 1(48) 0(28) 0(10) 
1(45) 1(47) 0(17) 0(3) 
1(46) 0(25) 0(24) 
1(36) 0(21) 
1(46) 

0.9523809523809523
precise=0.9759358288770054
recall=0.79004329004329
F1score=0.8732057416267942

threshold=0.8400000000000004
1(48) 1(48) 1(45) 1(48) 0(9) 0(1) 
1(47) 1(46) 1(48) 0(29) 0(10) 
1(46) 1(47) 0(20) 0(3) 
1(46) 0(25) 0(24) 
1(37) 0(23) 
1(46) 

0.9523809523809523
precise=0.9740932642487047
recall=0.7949260042283298
F1score=0.8754365541327125

threshold=0.8600000000000004
1(48) 1(48) 1(45) 1(48) 0(9) 0(1) 
1(47) 1(46) 1(48) 0(29) 0(11) 
1(46) 1(47) 0(20) 0(4) 
1(46) 0(25) 0(24) 
1(37) 0(23) 
1(46) 

0.9523809523809523
precise=0.9723618090452262
recall=0.7995867768595041
F1score=0.8775510204081632

threshold=0.8800000000000004
1(48) 1(48) 1(45) 1(48) 0(9) 0(2) 
1(47) 1(46) 1(48) 0(30) 0(11) 
1(46) 1(47) 0(23) 0(5) 
1(46) 0(26) 0(24) 
1(38) 0(23) 
1(46) 

0.9523809523809523
precise=0.9707317073170731
recall=0.804040404040404
F1score=0.8795580110497238

threshold=0.9000000000000005
1(48) 1(48) 1(45) 1(48) 0(9) 0(2) 
1(48) 1(46) 1(48) 0(31) 0(11) 
1(46) 1(47) 0(24) 0(5) 
1(46) 0(27) 0(24) 
1(38) 0(23) 
1(46) 

0.9523809523809523
precise=0.9691943127962085
recall=0.808300395256917
F1score=0.8814655172413793

threshold=0.9200000000000005
1(48) 1(48) 1(45) 1(48) 0(11) 0(2) 
1(48) 1(46) 1(48) 0(31) 0(12) 
1(46) 1(47) 0(24) 0(5) 
1(46) 0(27) 0(24) 
1(39) 0(23) 
1(46) 

0.9523809523809523
precise=0.967741935483871
recall=0.8123791102514507
F1score=0.8832807570977917

threshold=0.9400000000000005
1(48) 1(48) 1(45) 1(48) 0(14) 0(2) 
1(48) 1(46) 1(48) 0(31) 0(12) 
1(46) 1(47) 0(25) 0(5) 
1(46) 0(27) 0(24) 
1(39) 0(24) 
1(46) 

0.9523809523809523
precise=0.9663677130044843
recall=0.8162878787878788
F1score=0.8850102669404517

threshold=0.9600000000000005
1(48) 1(48) 1(45) 1(48) 0(15) 0(2) 
1(48) 1(46) 1(48) 0(32) 0(13) 
1(46) 1(47) 0(26) 0(6) 
1(46) 0(27) 0(24) 
1(39) 0(25) 
1(46) 

0.9523809523809523
precise=0.9650655021834061
recall=0.8200371057513914
F1score=0.8866599799398195

threshold=0.9800000000000005
1(48) 1(48) 1(45) 1(48) 0(16) 0(2) 
1(48) 1(46) 1(48) 0(32) 0(14) 
1(46) 1(47) 0(27) 0(6) 
1(46) 0(27) 0(24) 
1(39) 0(25) 
1(46) 

0.9523809523809523
precise=0.9638297872340426
recall=0.8236363636363636
F1score=0.888235294117647

threshold=1.0000000000000004
1(48) 1(48) 1(45) 1(48) 0(16) 0(3) 
1(48) 1(46) 1(48) 0(32) 0(14) 
1(46) 1(47) 0(27) 0(6) 
1(46) 0(27) 0(24) 
1(40) 0(25) 
1(46) 

0.9523809523809523
precise=0.9626556016597511
recall=0.8270944741532977
F1score=0.8897411313518696

threshold=1.0200000000000005
1(48) 1(48) 1(45) 1(48) 0(16) 0(3) 
1(48) 1(46) 1(48) 0(32) 0(14) 
1(46) 1(47) 0(27) 0(7) 
1(46) 0(28) 0(25) 
1(40) 0(25) 
1(46) 

0.9523809523809523
precise=0.9615384615384616
recall=0.8304195804195804
F1score=0.8911819887429644

threshold=1.0400000000000005
1(48) 1(48) 1(45) 1(48) 0(16) 0(4) 
1(48) 1(46) 1(48) 0(32) 0(15) 
1(46) 1(47) 0(27) 0(8) 
1(46) 0(28) 0(25) 
1(40) 0(25) 
1(46) 

0.9523809523809523
precise=0.9604743083003953
recall=0.8336192109777015
F1score=0.8925619834710744

threshold=1.0600000000000005
1(48) 1(48) 1(45) 1(48) 0(17) 0(4) 
1(48) 1(46) 1(48) 0(32) 0(15) 
1(46) 1(47) 0(28) 0(9) 
1(46) 0(28) 0(25) 
1(40) 0(26) 
1(46) 

0.9523809523809523
precise=0.9594594594594594
recall=0.8367003367003367
F1score=0.8938848920863309

threshold=1.0800000000000005
1(48) 1(48) 1(45) 1(48) 0(17) 0(4) 
1(48) 1(46) 1(48) 0(32) 0(16) 
1(46) 1(47) 0(30) 0(9) 
1(46) 0(28) 0(25) 
1(40) 0(27) 
1(47) 

0.9523809523809523
precise=0.9584905660377359
recall=0.8396694214876033
F1score=0.8951541850220265

threshold=1.1000000000000005
1(48) 1(48) 1(45) 1(48) 0(17) 0(4) 
1(48) 1(46) 1(48) 0(32) 0(18) 
1(46) 1(47) 0(30) 0(9) 
1(46) 0(28) 0(25) 
1(40) 0(27) 
1(47) 

0.9523809523809523
precise=0.9575645756457565
recall=0.8425324675324676
F1score=0.8963730569948186

threshold=1.1200000000000006
1(48) 1(48) 1(46) 1(48) 0(17) 0(4) 
1(48) 1(46) 1(48) 0(32) 0(18) 
1(46) 1(47) 0(31) 0(9) 
1(46) 0(28) 0(25) 
1(41) 0(27) 
1(47) 

0.9523809523809523
precise=0.9566787003610109
recall=0.8452950558213717
F1score=0.8975444538526672

threshold=1.1400000000000006
1(48) 1(48) 1(46) 1(48) 0(17) 0(4) 
1(48) 1(46) 1(48) 0(33) 0(18) 
1(46) 1(47) 0(31) 0(9) 
1(46) 0(29) 0(25) 
1(41) 0(28) 
1(47) 

0.9523809523809523
precise=0.9558303886925795
recall=0.8479623824451411
F1score=0.8986710963455149

threshold=1.1600000000000006
1(48) 1(48) 1(46) 1(48) 0(19) 0(5) 
1(48) 1(46) 1(48) 0(33) 0(20) 
1(46) 1(47) 0(31) 0(9) 
1(46) 0(30) 0(25) 
1(41) 0(28) 
1(47) 

0.9523809523809523
precise=0.9550173010380623
recall=0.8505392912172574
F1score=0.8997555012224939

threshold=1.1800000000000006
1(48) 1(48) 1(46) 1(48) 0(20) 0(5) 
1(48) 1(46) 1(48) 1(34) 0(20) 
1(46) 1(47) 0(33) 0(9) 
1(46) 0(30) 0(25) 
1(41) 0(28) 
1(47) 

0.9047619047619048
precise=0.9526226734348562
recall=0.853030303030303
F1score=0.9000799360511591

threshold=1.2000000000000006
1(48) 1(48) 1(46) 1(48) 0(22) 0(5) 
1(48) 1(46) 1(48) 1(34) 0(20) 
1(46) 1(47) 1(34) 0(9) 
1(46) 0(30) 0(25) 
1(41) 0(28) 
1(47) 

0.8571428571428571
precise=0.9487603305785124
recall=0.8554396423248882
F1score=0.8996865203761756

threshold=1.2200000000000006
1(48) 1(48) 1(46) 1(48) 0(23) 0(5) 
1(48) 1(46) 1(48) 1(34) 0(20) 
1(46) 1(47) 1(35) 0(9) 
1(46) 0(30) 0(25) 
1(41) 0(29) 
1(47) 

0.8571428571428571
precise=0.9450726978998385
recall=0.8577712609970675
F1score=0.8993082244427364

threshold=1.2400000000000007
1(48) 1(48) 1(46) 1(48) 0(23) 0(5) 
1(48) 1(46) 1(48) 1(34) 0(20) 
1(46) 1(47) 1(35) 0(9) 
1(46) 0(31) 0(25) 
1(41) 0(31) 
1(47) 

0.8571428571428571
precise=0.9415481832543444
recall=0.86002886002886
F1score=0.8989441930618401

threshold=1.2600000000000007
1(48) 1(48) 1(46) 1(48) 0(23) 0(6) 
1(48) 1(46) 1(48) 1(36) 0(20) 
1(46) 1(47) 1(35) 0(9) 
1(46) 0(32) 0(25) 
1(41) 0(31) 
1(47) 

0.8571428571428571
precise=0.9381761978361669
recall=0.8622159090909091
F1score=0.8985936343449297

threshold=1.2800000000000007
1(48) 1(48) 1(46) 1(48) 0(23) 0(6) 
1(48) 1(46) 1(48) 1(36) 0(21) 
1(46) 1(47) 1(36) 0(9) 
1(46) 0(32) 0(26) 
1(41) 0(31) 
1(47) 

0.8571428571428571
precise=0.9349470499243571
recall=0.8643356643356643
F1score=0.8982558139534884

threshold=1.3000000000000007
1(48) 1(48) 1(46) 1(48) 0(24) 0(6) 
1(48) 1(46) 1(48) 1(36) 0(21) 
1(46) 1(47) 1(36) 0(9) 
1(46) 0(32) 0(26) 
1(41) 0(31) 
1(48) 

0.8571428571428571
precise=0.9318518518518518
recall=0.8663911845730028
F1score=0.8979300499643112

threshold=1.3200000000000007
1(48) 1(48) 1(46) 1(48) 0(25) 0(6) 
1(48) 1(46) 1(48) 1(37) 0(21) 
1(46) 1(47) 1(36) 0(9) 
1(46) 0(32) 0(26) 
1(41) 0(31) 
1(48) 

0.8571428571428571
precise=0.9288824383164006
recall=0.8683853459972863
F1score=0.8976157082748948

threshold=1.3400000000000007
1(48) 1(48) 1(46) 1(48) 0(28) 0(6) 
1(48) 1(47) 1(48) 1(37) 0(21) 
1(46) 1(47) 1(36) 0(10) 
1(46) 1(34) 0(27) 
1(41) 0(32) 
1(48) 

0.8095238095238095
precise=0.9247159090909091
recall=0.8703208556149733
F1score=0.8966942148760331

threshold=1.3600000000000008
1(48) 1(48) 1(46) 1(48) 0(28) 0(6) 
1(48) 1(47) 1(48) 1(37) 0(22) 
1(46) 1(48) 1(36) 0(11) 
1(46) 1(34) 0(27) 
1(41) 0(32) 
1(48) 

0.8095238095238095
precise=0.9207232267037552
recall=0.8722002635046113
F1score=0.8958051420838972

threshold=1.3800000000000008
1(48) 1(48) 1(46) 1(48) 0(30) 0(7) 
1(48) 1(47) 1(48) 1(38) 0(22) 
1(46) 1(48) 1(36) 0(12) 
1(46) 1(34) 0(28) 
1(41) 0(32) 
1(48) 

0.8095238095238095
precise=0.9168937329700273
recall=0.874025974025974
F1score=0.8949468085106383

threshold=1.4000000000000008
1(48) 1(48) 1(46) 1(48) 0(30) 0(7) 
1(48) 1(47) 1(48) 1(38) 0(22) 
1(46) 1(48) 1(36) 0(12) 
1(46) 1(34) 0(28) 
1(41) 0(32) 
1(48) 

0.8095238095238095
precise=0.9132176234979973
recall=0.8758002560819462
F1score=0.8941176470588236

threshold=1.4200000000000008
1(48) 1(48) 1(47) 1(48) 0(30) 0(8) 
1(48) 1(47) 1(48) 1(38) 0(22) 
1(46) 1(48) 1(36) 0(12) 
1(46) 1(34) 0(28) 
1(42) 0(33) 
1(48) 

0.8095238095238095
precise=0.9096858638743456
recall=0.8775252525252525
F1score=0.8933161953727506

threshold=1.4400000000000008
1(48) 1(48) 1(47) 1(48) 0(30) 0(8) 
1(48) 1(47) 1(48) 1(38) 0(23) 
1(46) 1(48) 1(36) 0(12) 
1(46) 1(34) 0(28) 
1(42) 0(33) 
1(48) 

0.8095238095238095
precise=0.9062901155327343
recall=0.8792029887920298
F1score=0.8925410872313527

threshold=1.4600000000000009
1(48) 1(48) 1(47) 1(48) 0(30) 0(8) 
1(48) 1(47) 1(48) 1(38) 0(23) 
1(46) 1(48) 1(36) 0(12) 
1(46) 1(34) 0(28) 
1(43) 1(34) 
1(48) 

0.7619047619047619
precise=0.9018867924528302
recall=0.8808353808353808
F1score=0.8912367930391547

threshold=1.4800000000000009
1(48) 1(48) 1(47) 1(48) 0(30) 0(9) 
1(48) 1(47) 1(48) 1(38) 0(23) 
1(46) 1(48) 1(36) 0(12) 
1(46) 1(35) 0(28) 
1(43) 1(34) 
1(48) 

0.7619047619047619
precise=0.8976572133168927
recall=0.8824242424242424
F1score=0.8899755501222494

threshold=1.5000000000000009
1(48) 1(48) 1(47) 1(48) 0(31) 0(9) 
1(48) 1(47) 1(48) 1(39) 0(23) 
1(46) 1(48) 1(37) 0(13) 
1(46) 1(35) 0(29) 
1(43) 1(35) 
1(48) 

0.7619047619047619
precise=0.8935912938331319
recall=0.8839712918660287
F1score=0.888755261575466

threshold=1.520000000000001
1(48) 1(48) 1(47) 1(48) 0(32) 0(10) 
1(48) 1(47) 1(48) 1(39) 0(23) 
1(46) 1(48) 1(37) 0(14) 
1(46) 1(35) 0(30) 
1(43) 1(36) 
1(48) 

0.7619047619047619
precise=0.8896797153024911
recall=0.885478158205431
F1score=0.8875739644970414

threshold=1.540000000000001
1(48) 1(48) 1(47) 1(48) 1(34) 0(10) 
1(48) 1(47) 1(48) 1(39) 0(24) 
1(46) 1(48) 1(37) 0(14) 
1(46) 1(36) 0(30) 
1(43) 1(36) 
1(48) 

0.7142857142857143
precise=0.8848837209302326
recall=0.8869463869463869
F1score=0.8859138533178114

threshold=1.560000000000001
1(48) 1(48) 1(47) 1(48) 1(35) 0(12) 
1(48) 1(47) 1(48) 1(39) 0(24) 
1(46) 1(48) 1(38) 0(14) 
1(46) 1(36) 0(30) 
1(43) 1(37) 
1(48) 

0.7142857142857143
precise=0.8802736602052451
recall=0.8883774453394706
F1score=0.8843069873997709

threshold=1.580000000000001
1(48) 1(48) 1(47) 1(48) 1(35) 0(12) 
1(48) 1(47) 1(48) 1(39) 0(24) 
1(46) 1(48) 1(39) 0(15) 
1(46) 1(37) 0(30) 
1(43) 1(37) 
1(48) 

0.7142857142857143
precise=0.8758389261744967
recall=0.8897727272727273
F1score=0.882750845546787

threshold=1.600000000000001
1(48) 1(48) 1(47) 1(48) 1(35) 0(13) 
1(48) 1(47) 1(48) 1(39) 0(25) 
1(46) 1(48) 1(39) 0(15) 
1(46) 1(37) 0(30) 
1(43) 1(37) 
1(48) 

0.7142857142857143
precise=0.8715697036223929
recall=0.8911335578002245
F1score=0.881243063263041

threshold=1.620000000000001
1(48) 1(48) 1(47) 1(48) 1(35) 0(14) 
1(48) 1(47) 1(48) 1(39) 0(26) 
1(46) 1(48) 1(39) 0(16) 
1(46) 1(38) 0(30) 
1(43) 1(38) 
1(48) 

0.7142857142857143
precise=0.8674568965517241
recall=0.8924611973392461
F1score=0.8797814207650273

threshold=1.640000000000001
1(48) 1(48) 1(47) 1(48) 1(35) 0(14) 
1(48) 1(47) 1(48) 1(39) 0(26) 
1(46) 1(48) 1(39) 0(17) 
1(46) 1(38) 0(30) 
1(43) 1(38) 
1(48) 

0.7142857142857143
precise=0.8634920634920635
recall=0.8937568455640745
F1score=0.8783638320775027

threshold=1.660000000000001
1(48) 1(48) 1(47) 1(48) 1(35) 0(14) 
1(48) 1(47) 1(48) 1(39) 0(27) 
1(46) 1(48) 1(39) 0(17) 
1(46) 1(39) 0(31) 
1(43) 1(38) 
1(48) 

0.7142857142857143
precise=0.8596673596673596
recall=0.895021645021645
F1score=0.8769883351007424

threshold=1.680000000000001
1(48) 1(48) 1(47) 1(48) 1(35) 0(14) 
1(48) 1(47) 1(48) 1(39) 0(28) 
1(46) 1(48) 1(39) 0(17) 
1(46) 1(39) 0(31) 
1(43) 1(38) 
1(48) 

0.7142857142857143
precise=0.8559754851889684
recall=0.8962566844919786
F1score=0.8756530825496343

threshold=1.700000000000001
1(48) 1(48) 1(47) 1(48) 1(35) 0(14) 
1(48) 1(47) 1(48) 1(40) 0(29) 
1(46) 1(48) 1(39) 0(17) 
1(46) 1(39) 0(31) 
1(43) 1(38) 
1(48) 

0.7142857142857143
precise=0.8524096385542169
recall=0.8974630021141649
F1score=0.874356333676622

threshold=1.720000000000001
1(48) 1(48) 1(47) 1(48) 1(35) 0(14) 
1(48) 1(47) 1(48) 1(40) 0(29) 
1(46) 1(48) 1(39) 0(17) 
1(46) 1(40) 0(31) 
1(44) 1(39) 
1(48) 

0.7142857142857143
precise=0.8489634748272458
recall=0.8986415882967607
F1score=0.8730964467005076

threshold=1.740000000000001
1(48) 1(48) 1(47) 1(48) 1(36) 0(15) 
1(48) 1(47) 1(48) 1(40) 0(29) 
1(46) 1(48) 1(39) 0(18) 
1(46) 1(40) 0(31) 
1(44) 1(39) 
1(48) 

0.7142857142857143
precise=0.845631067961165
recall=0.8997933884297521
F1score=0.8718718718718719

threshold=1.7600000000000011
1(48) 1(48) 1(47) 1(48) 1(37) 0(15) 
1(48) 1(47) 1(48) 1(40) 0(30) 
1(46) 1(48) 1(39) 0(18) 
1(46) 1(40) 0(31) 
1(44) 1(39) 
1(48) 

0.7142857142857143
precise=0.8424068767908309
recall=0.9009193054136875
F1score=0.8706811451135242

threshold=1.7800000000000011
1(48) 1(48) 1(47) 1(48) 1(37) 0(15) 
1(48) 1(47) 1(48) 1(41) 0(30) 
1(46) 1(48) 1(39) 0(19) 
1(46) 1(40) 0(31) 
1(44) 1(40) 
1(48) 

0.7142857142857143
precise=0.8392857142857143
recall=0.902020202020202
F1score=0.8695228821811101

threshold=1.8000000000000012
1(48) 1(48) 1(47) 1(48) 1(37) 0(15) 
1(48) 1(47) 1(48) 1(41) 0(31) 
1(46) 1(48) 1(39) 0(20) 
1(46) 1(40) 0(31) 
1(45) 1(41) 
1(48) 

0.7142857142857143
precise=0.8362627197039778
recall=0.903096903096903
F1score=0.8683957732949087

threshold=1.8200000000000012
1(48) 1(48) 1(47) 1(48) 1(37) 0(16) 
1(48) 1(47) 1(48) 1(41) 0(31) 
1(46) 1(48) 1(40) 0(20) 
1(46) 1(40) 0(31) 
1(45) 1(41) 
1(48) 

0.7142857142857143
precise=0.8333333333333334
recall=0.9041501976284585
F1score=0.8672985781990521

threshold=1.8400000000000012
1(48) 1(48) 1(47) 1(48) 1(37) 0(16) 
1(48) 1(47) 1(48) 1(41) 0(31) 
1(46) 1(48) 1(40) 0(20) 
1(46) 1(40) 0(31) 
1(45) 1(41) 
1(48) 

0.7142857142857143
precise=0.8304932735426009
recall=0.9051808406647116
F1score=0.8662301216089804

threshold=1.8600000000000012
1(48) 1(48) 1(47) 1(48) 1(37) 0(16) 
1(48) 1(47) 1(48) 1(42) 0(31) 
1(46) 1(48) 1(40) 0(20) 
1(46) 1(40) 0(31) 
1(46) 1(41) 
1(48) 

0.7142857142857143
precise=0.8277385159010601
recall=0.9061895551257253
F1score=0.8651892890120036

threshold=1.8800000000000012
1(48) 1(48) 1(47) 1(48) 1(37) 0(16) 
1(48) 1(47) 1(48) 1(42) 0(31) 
1(46) 1(48) 1(40) 0(21) 
1(46) 1(40) 0(31) 
1(46) 1(41) 
1(48) 

0.7142857142857143
precise=0.825065274151436
recall=0.907177033492823
F1score=0.8641750227894257

threshold=1.9000000000000012
1(48) 1(48) 1(47) 1(48) 1(37) 0(17) 
1(48) 1(47) 1(48) 1(42) 0(31) 
1(46) 1(48) 1(40) 0(21) 
1(46) 1(40) 0(31) 
1(46) 1(41) 
1(48) 

0.7142857142857143
precise=0.8224699828473413
recall=0.9081439393939394
F1score=0.8631863186318632

threshold=1.9200000000000013
1(48) 1(48) 1(47) 1(48) 1(37) 0(17) 
1(48) 1(47) 1(48) 1(42) 0(31) 
1(46) 1(48) 1(40) 0(21) 
1(46) 1(40) 0(31) 
1(46) 1(41) 
1(48) 

0.7142857142857143
precise=0.819949281487743
recall=0.9090909090909091
F1score=0.8622222222222222

threshold=1.9400000000000013
1(48) 1(48) 1(47) 1(48) 1(37) 0(17) 
1(48) 1(47) 1(48) 1(42) 0(31) 
1(46) 1(48) 1(40) 0(22) 
1(46) 1(40) 0(31) 
1(46) 1(41) 
1(48) 

0.7142857142857143
precise=0.8175
recall=0.9100185528756958
F1score=0.8612818261633012

threshold=1.9600000000000013
1(48) 1(48) 1(47) 1(48) 1(38) 0(17) 
1(48) 1(47) 1(48) 1(43) 0(31) 
1(46) 1(48) 1(40) 0(22) 
1(46) 1(40) 0(31) 
1(46) 1(41) 
1(48) 

0.7142857142857143
precise=0.8151191454396056
recall=0.9109274563820018
F1score=0.8603642671292281

threshold=1.9800000000000013
1(48) 1(48) 1(47) 1(48) 1(38) 0(17) 
1(48) 1(47) 1(48) 1(43) 0(32) 
1(46) 1(48) 1(40) 0(22) 
1(46) 1(40) 0(31) 
1(46) 1(41) 
1(48) 

0.7142857142857143
precise=0.8128038897893031
recall=0.9118181818181819
F1score=0.8594687232219366

threshold=2.0000000000000013
1(48) 1(48) 1(47) 1(48) 1(38) 0(17) 
1(48) 1(47) 1(48) 1(43) 1(34) 
1(46) 1(48) 1(40) 0(22) 
1(46) 1(40) 0(31) 
1(46) 1(41) 
1(48) 

0.6666666666666666
precise=0.8099041533546326
recall=0.9126912691269127
F1score=0.8582310622090563

threshold=2.0200000000000014
1(48) 1(48) 1(47) 1(48) 1(38) 0(17) 
1(48) 1(47) 1(48) 1(44) 1(34) 
1(46) 1(48) 1(40) 0(23) 
1(46) 1(41) 0(31) 
1(46) 1(41) 
1(48) 

0.6666666666666666
precise=0.8070866141732284
recall=0.9135472370766489
F1score=0.8570234113712375

threshold=2.0400000000000014
1(48) 1(48) 1(47) 1(48) 1(38) 0(18) 
1(48) 1(47) 1(48) 1(44) 1(34) 
1(46) 1(48) 1(40) 0(23) 
1(46) 1(42) 0(31) 
1(46) 1(41) 
1(48) 

0.6666666666666666
precise=0.8043478260869565
recall=0.9143865842894969
F1score=0.8558446922759191

threshold=2.0600000000000014
1(48) 1(48) 1(47) 1(48) 1(38) 0(18) 
1(48) 1(47) 1(48) 1(44) 1(34) 
1(46) 1(48) 1(40) 0(23) 
1(46) 1(42) 0(31) 
1(46) 1(41) 
1(48) 

0.6666666666666666
precise=0.8016845329249617
recall=0.9152097902097902
F1score=0.8546938775510204

threshold=2.0800000000000014
1(48) 1(48) 1(47) 1(48) 1(38) 0(18) 
1(48) 1(47) 1(48) 1(44) 1(34) 
1(46) 1(48) 1(40) 0(24) 
1(46) 1(42) 0(32) 
1(46) 1(41) 
1(48) 

0.6666666666666666
precise=0.7990936555891238
recall=0.9160173160173161
F1score=0.8535699878983461

threshold=2.1000000000000014
1(48) 1(48) 1(47) 1(48) 1(38) 0(18) 
1(48) 1(47) 1(48) 1(44) 1(36) 
1(46) 1(48) 1(40) 0(24) 
1(46) 1(42) 0(32) 
1(46) 1(41) 
1(48) 

0.6666666666666666
precise=0.7965722801788375
recall=0.9168096054888508
F1score=0.8524720893141946

threshold=2.1200000000000014
1(48) 1(48) 1(47) 1(48) 1(38) 0(18) 
1(48) 1(47) 1(48) 1(44) 1(36) 
1(46) 1(48) 1(40) 0(24) 
1(46) 1(42) 0(32) 
1(46) 1(43) 
1(48) 

0.6666666666666666
precise=0.7941176470588235
recall=0.9175870858113849
F1score=0.8513992905005913

threshold=2.1400000000000015
1(48) 1(48) 1(47) 1(48) 1(38) 0(18) 
1(48) 1(47) 1(48) 1(44) 1(36) 
1(46) 1(48) 1(41) 0(26) 
1(46) 1(42) 0(32) 
1(46) 1(43) 
1(48) 

0.6666666666666666
precise=0.7917271407837445
recall=0.9183501683501684
F1score=0.8503507404520655

threshold=2.1600000000000015
1(48) 1(48) 1(47) 1(48) 1(38) 0(19) 
1(48) 1(47) 1(48) 1(44) 1(36) 
1(46) 1(48) 1(41) 0(26) 
1(47) 1(42) 0(32) 
1(46) 1(43) 
1(48) 

0.6666666666666666
precise=0.7893982808022922
recall=0.9190992493744787
F1score=0.8493256262042389

threshold=2.1800000000000015
1(48) 1(48) 1(47) 1(48) 1(38) 0(19) 
1(48) 1(47) 1(48) 1(44) 1(39) 
1(46) 1(48) 1(42) 0(26) 
1(47) 1(42) 0(32) 
1(46) 1(43) 
1(48) 

0.6666666666666666
precise=0.7871287128712872
recall=0.9198347107438016
F1score=0.8483231707317073

threshold=2.2000000000000015
1(48) 1(48) 1(47) 1(48) 1(38) 0(19) 
1(48) 1(47) 1(48) 1(44) 1(40) 
1(46) 1(48) 1(42) 0(26) 
1(47) 1(42) 0(32) 
1(46) 1(43) 
1(48) 

0.6666666666666666
precise=0.7849162011173184
recall=0.9205569205569205
F1score=0.8473426309837919

threshold=2.2200000000000015
1(48) 1(48) 1(47) 1(48) 1(38) 0(19) 
1(48) 1(47) 1(48) 1(44) 1(40) 
1(46) 1(48) 1(42) 0(27) 
1(47) 1(42) 0(32) 
1(46) 1(43) 
1(48) 

0.6666666666666666
precise=0.7827586206896552
recall=0.9212662337662337
F1score=0.8463832960477256

threshold=2.2400000000000015
1(48) 1(48) 1(47) 1(48) 1(38) 0(20) 
1(48) 1(47) 1(48) 1(44) 1(40) 
1(46) 1(48) 1(42) 0(28) 
1(47) 1(42) 0(32) 
1(46) 1(43) 
1(48) 

0.6666666666666666
precise=0.7806539509536785
recall=0.9219629927594529
F1score=0.8454444854297307

threshold=2.2600000000000016
1(48) 1(48) 1(47) 1(48) 1(38) 0(20) 
1(48) 1(47) 1(48) 1(44) 1(40) 
1(46) 1(48) 1(42) 0(28) 
1(47) 1(42) 0(32) 
1(46) 1(43) 
1(48) 

0.6666666666666666
precise=0.778600269179004
recall=0.9226475279106858
F1score=0.8445255474452554

threshold=2.2800000000000016
1(48) 1(48) 1(47) 1(48) 1(38) 0(20) 
1(48) 1(47) 1(48) 1(44) 1(40) 
1(46) 1(48) 1(43) 0(28) 
1(47) 1(42) 0(32) 
1(46) 1(43) 
1(48) 

0.6666666666666666
precise=0.776595744680851
recall=0.9233201581027668
F1score=0.8436258577103648

threshold=2.3000000000000016
1(48) 1(48) 1(47) 1(48) 1(39) 0(20) 
1(48) 1(47) 1(48) 1(44) 1(40) 
1(46) 1(48) 1(43) 0(28) 
1(47) 1(42) 0(32) 
1(46) 1(43) 
1(48) 

0.6666666666666666
precise=0.7746386333771353
recall=0.9239811912225705
F1score=0.8427448177269479

threshold=2.3200000000000016
1(48) 1(48) 1(47) 1(48) 1(39) 0(20) 
1(48) 1(47) 1(48) 1(44) 1(40) 
1(46) 1(48) 1(43) 0(29) 
1(47) 1(42) 0(32) 
1(46) 1(43) 
1(48) 

0.6666666666666666
precise=0.7727272727272727
recall=0.9246309246309247
F1score=0.8418818535550053

threshold=2.3400000000000016
1(48) 1(48) 1(47) 1(48) 1(39) 0(20) 
1(48) 1(47) 1(48) 1(44) 1(40) 
1(46) 1(48) 1(43) 0(29) 
1(47) 1(42) 0(33) 
1(46) 1(43) 
1(48) 

0.6666666666666666
precise=0.7708600770218228
recall=0.9252696456086287
F1score=0.8410364145658263

threshold=2.3600000000000017
1(48) 1(48) 1(47) 1(48) 1(39) 0(20) 
1(48) 1(47) 1(48) 1(44) 1(40) 
1(46) 1(48) 1(43) 0(29) 
1(47) 1(42) 0(33) 
1(46) 1(43) 
1(48) 

0.6666666666666666
precise=0.7690355329949239
recall=0.9258976317799847
F1score=0.8402079722703639

threshold=2.3800000000000017
1(48) 1(48) 1(47) 1(48) 1(39) 0(21) 
1(48) 1(47) 1(48) 1(44) 1(40) 
1(46) 1(48) 1(43) 0(29) 
1(47) 1(42) 1(34) 
1(46) 1(43) 
1(48) 

0.6190476190476191
precise=0.7667711598746082
recall=0.9265151515151515
F1score=0.8391080617495712

threshold=2.4000000000000017
1(48) 1(48) 1(47) 1(48) 1(39) 0(21) 
1(48) 1(47) 1(48) 1(44) 1(40) 
1(46) 1(48) 1(43) 0(29) 
1(47) 1(42) 1(34) 
1(46) 1(43) 
1(48) 

0.6190476190476191
precise=0.7645600991325898
recall=0.927122464312547
F1score=0.8380305602716469

threshold=2.4200000000000017
1(48) 1(48) 1(47) 1(48) 1(39) 0(21) 
1(48) 1(47) 1(48) 1(44) 1(40) 
1(46) 1(48) 1(43) 0(29) 
1(47) 1(42) 1(34) 
1(46) 1(43) 
1(48) 

0.6190476190476191
precise=0.7624004898958971
recall=0.9277198211624441
F1score=0.8369747899159664

threshold=2.4400000000000017
1(48) 1(48) 1(47) 1(48) 1(39) 0(21) 
1(48) 1(47) 1(48) 1(44) 1(40) 
1(46) 1(48) 1(43) 0(30) 
1(47) 1(43) 1(34) 
1(46) 1(43) 
1(48) 

0.6190476190476191
precise=0.7602905569007264
recall=0.9283074648928308
F1score=0.8359400998336106

threshold=2.4600000000000017
1(48) 1(48) 1(47) 1(48) 1(39) 0(22) 
1(48) 1(47) 1(48) 1(44) 1(40) 
1(46) 1(48) 1(43) 0(30) 
1(47) 1(43) 1(34) 
1(46) 1(43) 
1(48) 

0.6190476190476191
precise=0.758228605625374
recall=0.9288856304985337
F1score=0.8349258649093905

threshold=2.4800000000000018
1(48) 1(48) 1(47) 1(48) 1(40) 0(25) 
1(48) 1(47) 1(48) 1(44) 1(40) 
1(46) 1(48) 1(43) 0(31) 
1(47) 1(43) 1(34) 
1(46) 1(43) 
1(48) 

0.6190476190476191
precise=0.7562130177514793
recall=0.9294545454545454
F1score=0.833931484502447

threshold=2.5000000000000018
1(48) 1(48) 1(47) 1(48) 1(40) 0(25) 
1(48) 1(47) 1(48) 1(44) 1(40) 
1(47) 1(48) 1(43) 0(31) 
1(47) 1(43) 1(34) 
1(46) 1(43) 
1(48) 

0.6190476190476191
precise=0.7542422469280281
recall=0.93001443001443
F1score=0.832956381260097

threshold=2.520000000000002
1(48) 1(48) 1(47) 1(48) 1(40) 0(25) 
1(48) 1(47) 1(48) 1(45) 1(40) 
1(47) 1(48) 1(43) 0(32) 
1(47) 1(43) 1(34) 
1(46) 1(43) 
1(48) 

0.6190476190476191
precise=0.7523148148148148
recall=0.9305654974946314
F1score=0.832

threshold=2.540000000000002
1(48) 1(48) 1(47) 1(48) 1(40) 0(25) 
1(48) 1(47) 1(48) 1(45) 1(40) 
1(47) 1(48) 1(43) 0(32) 
1(47) 1(43) 1(35) 
1(46) 1(43) 
1(48) 

0.6190476190476191
precise=0.750429307384087
recall=0.9311079545454546
F1score=0.8310618066561014

threshold=2.560000000000002
1(48) 1(48) 1(47) 1(48) 1(41) 0(26) 
1(48) 1(47) 1(48) 1(46) 1(40) 
1(47) 1(48) 1(43) 0(32) 
1(47) 1(43) 1(35) 
1(46) 1(43) 
1(48) 

0.6190476190476191
precise=0.7485843714609286
recall=0.9316420014094433
F1score=0.8301412872841444

threshold=2.580000000000002
1(48) 1(48) 1(47) 1(48) 1(41) 0(26) 
1(48) 1(47) 1(48) 1(46) 1(40) 
1(47) 1(48) 1(43) 0(32) 
1(47) 1(43) 1(35) 
1(46) 1(43) 
1(48) 

0.6190476190476191
precise=0.7467787114845938
recall=0.9321678321678322
F1score=0.8292379471228616

threshold=2.600000000000002
1(48) 1(48) 1(47) 1(48) 1(41) 0(26) 
1(48) 1(47) 1(48) 1(46) 1(40) 
1(47) 1(48) 1(43) 0(33) 
1(47) 1(43) 1(35) 
1(46) 1(44) 
1(48) 

0.6190476190476191
precise=0.7450110864745011
recall=0.9326856349757113
F1score=0.8283513097072419

threshold=2.620000000000002
1(48) 1(48) 1(47) 1(48) 1(41) 0(28) 
1(48) 1(47) 1(48) 1(46) 1(40) 
1(47) 1(48) 1(43) 1(34) 
1(47) 1(43) 1(35) 
1(46) 1(44) 
1(48) 

0.5714285714285714
precise=0.7428728070175439
recall=0.9331955922865014
F1score=0.8272283272283272

threshold=2.640000000000002
1(48) 1(48) 1(47) 1(48) 1(41) 0(29) 
1(48) 1(47) 1(48) 1(46) 1(41) 
1(47) 1(48) 1(43) 1(34) 
1(47) 1(43) 1(35) 
1(46) 1(44) 
1(48) 

0.5714285714285714
precise=0.7407809110629068
recall=0.9336978810663021
F1score=0.8261263985485334

threshold=2.660000000000002
1(48) 1(48) 1(47) 1(48) 1(41) 0(30) 
1(48) 1(47) 1(48) 1(46) 1(41) 
1(47) 1(48) 1(44) 1(35) 
1(47) 1(43) 1(35) 
1(46) 1(44) 
1(48) 

0.5714285714285714
precise=0.7387339055793991
recall=0.9341926729986432
F1score=0.8250449370880767

threshold=2.680000000000002
1(48) 1(48) 1(47) 1(48) 1(42) 0(30) 
1(48) 1(47) 1(48) 1(46) 1(41) 
1(47) 1(48) 1(44) 1(35) 
1(47) 1(43) 1(35) 
1(46) 1(44) 
1(48) 

0.5714285714285714
precise=0.7367303609341825
recall=0.9346801346801347
F1score=0.8239833778569309

threshold=2.700000000000002
1(48) 1(48) 1(47) 1(48) 1(42) 0(30) 
1(48) 1(47) 1(48) 1(46) 1(41) 
1(47) 1(48) 1(44) 1(35) 
1(47) 1(43) 1(35) 
1(46) 1(44) 
1(48) 

0.5714285714285714
precise=0.7347689075630253
recall=0.9351604278074866
F1score=0.8229411764705883

threshold=2.720000000000002
1(48) 1(48) 1(47) 1(48) 1(42) 0(30) 
1(48) 1(47) 1(48) 1(46) 1(41) 
1(47) 1(48) 1(44) 1(35) 
1(47) 1(43) 1(35) 
1(46) 1(44) 
1(48) 

0.5714285714285714
precise=0.7328482328482329
recall=0.935633709356337
F1score=0.821917808219178

threshold=2.740000000000002
1(48) 1(48) 1(47) 1(48) 1(42) 0(30) 
1(48) 1(47) 1(48) 1(46) 1(41) 
1(47) 1(48) 1(44) 1(36) 
1(47) 1(43) 1(35) 
1(46) 1(44) 
1(48) 

0.5714285714285714
precise=0.7309670781893004
recall=0.9361001317523057
F1score=0.8209127671865973

threshold=2.760000000000002
1(48) 1(48) 1(47) 1(48) 1(42) 0(30) 
1(48) 1(47) 1(48) 1(46) 1(41) 
1(47) 1(48) 1(44) 1(36) 
1(47) 1(43) 1(35) 
1(46) 1(44) 
1(48) 

0.5714285714285714
precise=0.7291242362525459
recall=0.9365598430346632
F1score=0.8199255654165474

threshold=2.780000000000002
1(48) 1(48) 1(47) 1(48) 1(42) 0(30) 
1(48) 1(47) 1(48) 1(46) 1(41) 
1(47) 1(48) 1(44) 1(36) 
1(47) 1(43) 1(35) 
1(46) 1(44) 
1(48) 

0.5714285714285714
precise=0.7273185483870968
recall=0.937012987012987
F1score=0.818955732122588

threshold=2.800000000000002
1(48) 1(48) 1(47) 1(48) 1(42) 0(30) 
1(48) 1(47) 1(48) 1(46) 1(41) 
1(47) 1(48) 1(44) 1(36) 
1(47) 1(43) 1(35) 
1(46) 1(44) 
1(48) 

0.5714285714285714
precise=0.7255489021956087
recall=0.9374597034171502
F1score=0.8180028129395218

threshold=2.820000000000002
1(48) 1(48) 1(47) 1(48) 1(42) 0(30) 
1(48) 1(47) 1(48) 1(46) 1(41) 
1(47) 1(48) 1(44) 1(36) 
1(47) 1(43) 1(35) 
1(46) 1(44) 
1(48) 

0.5714285714285714
precise=0.7238142292490118
recall=0.9379001280409731
F1score=0.8170663692136084

threshold=2.840000000000002
1(48) 1(48) 1(47) 1(48) 1(42) 0(30) 
1(48) 1(47) 1(48) 1(46) 1(41) 
1(47) 1(48) 1(44) 1(36) 
1(47) 1(43) 1(35) 
1(46) 1(44) 
1(48) 

0.5714285714285714
precise=0.7221135029354208
recall=0.9383343928798474
F1score=0.8161459773292784

threshold=2.860000000000002
1(48) 1(48) 1(47) 1(48) 1(42) 0(30) 
1(48) 1(47) 1(48) 1(46) 1(41) 
1(47) 1(48) 1(44) 1(36) 
1(47) 1(43) 1(35) 
1(46) 1(44) 
1(48) 

0.5714285714285714
precise=0.7204457364341085
recall=0.9387626262626263
F1score=0.8152412280701754

threshold=2.880000000000002
1(48) 1(48) 1(47) 1(48) 1(42) 0(30) 
1(48) 1(47) 1(48) 1(46) 1(41) 
1(47) 1(48) 1(44) 1(36) 
1(47) 1(43) 1(35) 
1(46) 1(44) 
1(48) 

0.5714285714285714
precise=0.718809980806142
recall=0.9391849529780564
F1score=0.8143517260125034

threshold=2.900000000000002
1(48) 1(48) 1(47) 1(48) 1(42) 0(30) 
1(48) 1(47) 1(48) 1(46) 1(41) 
1(47) 1(48) 1(44) 1(36) 
1(47) 1(43) 1(35) 
1(46) 1(44) 
1(48) 

0.5714285714285714
precise=0.7172053231939164
recall=0.9396014943960149
F1score=0.813477088948787

threshold=2.920000000000002
1(48) 1(48) 1(47) 1(48) 1(42) 0(30) 
1(48) 1(47) 1(48) 1(46) 1(42) 
1(47) 1(48) 1(44) 1(36) 
1(47) 1(44) 1(35) 
1(46) 1(44) 
1(48) 

0.5714285714285714
precise=0.7156308851224106
recall=0.9400123685837971
F1score=0.8126169473402833

threshold=2.940000000000002
1(48) 1(48) 1(47) 1(48) 1(42) 0(30) 
1(48) 1(47) 1(48) 1(46) 1(42) 
1(47) 1(48) 1(44) 1(37) 
1(47) 1(44) 1(35) 
1(46) 1(44) 
1(48) 

0.5714285714285714
precise=0.7140858208955224
recall=0.9404176904176904
F1score=0.8117709437963945

threshold=2.960000000000002
1(48) 1(48) 1(47) 1(48) 1(42) 0(30) 
1(48) 1(47) 1(48) 1(46) 1(42) 
1(47) 1(48) 1(44) 1(37) 
1(47) 1(44) 1(35) 
1(46) 1(44) 
1(48) 

0.5714285714285714
precise=0.7125693160813309
recall=0.9408175716900549
F1score=0.8109387325795425

threshold=2.980000000000002
1(48) 1(48) 1(47) 1(48) 1(42) 0(31) 
1(48) 1(47) 1(48) 1(46) 1(42) 
1(47) 1(48) 1(44) 1(37) 
1(47) 1(44) 1(35) 
1(46) 1(44) 
1(48) 

0.5714285714285714
precise=0.7110805860805861
recall=0.9412121212121212
F1score=0.8101199791340636

threshold=3.000000000000002
1(48) 1(48) 1(47) 1(48) 1(42) 0(31) 
1(48) 1(47) 1(48) 1(46) 1(42) 
1(47) 1(48) 1(44) 1(37) 
1(47) 1(44) 1(36) 
1(46) 1(44) 
1(48) 

0.5714285714285714
precise=0.7096188747731398
recall=0.9416014449127031
F1score=0.8093143596377749

threshold=3.0200000000000022
1(48) 1(48) 1(47) 1(48) 1(42) 1(34) 
1(48) 1(47) 1(48) 1(46) 1(42) 
1(47) 1(48) 1(44) 1(38) 
1(47) 1(44) 1(36) 
1(46) 1(44) 
1(48) 

0.5238095238095238
precise=0.7078651685393258
recall=0.9419856459330144
F1score=0.8083140877598153

threshold=3.0400000000000023
1(48) 1(48) 1(47) 1(48) 1(42) 1(34) 
1(48) 1(47) 1(48) 1(46) 1(42) 
1(47) 1(48) 1(44) 1(38) 
1(47) 1(44) 1(36) 
1(47) 1(44) 
1(48) 

0.5238095238095238
precise=0.7061442564559216
recall=0.942364824717766
F1score=0.8073301094426063

threshold=3.0600000000000023
1(48) 1(48) 1(47) 1(48) 1(42) 1(34) 
1(48) 1(47) 1(48) 1(46) 1(42) 
1(47) 1(48) 1(44) 1(39) 
1(47) 1(44) 1(36) 
1(47) 1(44) 
1(48) 

0.5238095238095238
precise=0.7044552271724747
recall=0.9427390791027155
F1score=0.8063620297904569

threshold=3.0800000000000023
1(48) 1(48) 1(47) 1(48) 1(42) 1(35) 
1(48) 1(47) 1(48) 1(46) 1(42) 
1(47) 1(48) 1(44) 1(39) 
1(47) 1(44) 1(36) 
1(47) 1(44) 
1(48) 

0.5238095238095238
precise=0.7027972027972028
recall=0.943108504398827
F1score=0.8054094665664914

threshold=3.1000000000000023
1(48) 1(48) 1(47) 1(48) 1(42) 1(35) 
1(48) 1(47) 1(48) 1(46) 1(42) 
1(47) 1(48) 1(44) 1(39) 
1(47) 1(44) 1(36) 
1(47) 1(44) 
1(48) 

0.5238095238095238
precise=0.7011693373754873
recall=0.9434731934731935
F1score=0.804472049689441

threshold=3.1200000000000023
1(48) 1(48) 1(47) 1(48) 1(42) 1(35) 
1(48) 1(47) 1(48) 1(46) 1(43) 
1(47) 1(48) 1(44) 1(39) 
1(47) 1(44) 1(36) 
1(47) 1(44) 
1(48) 

0.5238095238095238
precise=0.6995708154506438
recall=0.9438332368268674
F1score=0.803549420754252

threshold=3.1400000000000023
1(48) 1(48) 1(47) 1(48) 1(42) 1(36) 
1(48) 1(47) 1(48) 1(46) 1(43) 
1(47) 1(48) 1(44) 1(39) 
1(47) 1(44) 1(36) 
1(47) 1(44) 
1(48) 

0.5238095238095238
precise=0.698000850701829
recall=0.9441887226697353
F1score=0.8026412325752018

threshold=3.1600000000000024
1(48) 1(48) 1(47) 1(48) 1(42) 1(37) 
1(48) 1(47) 1(48) 1(46) 1(43) 
1(47) 1(48) 1(44) 1(39) 
1(47) 1(44) 1(36) 
1(47) 1(44) 
1(48) 

0.5238095238095238
precise=0.6964586846543002
recall=0.9445397369925672
F1score=0.8017471487503033

threshold=3.1800000000000024
1(48) 1(48) 1(47) 1(48) 1(42) 1(38) 
1(48) 1(47) 1(48) 1(46) 1(43) 
1(47) 1(48) 1(44) 1(39) 
1(47) 1(44) 1(36) 
1(47) 1(44) 
1(48) 

0.5238095238095238
precise=0.6949435854575846
recall=0.9448863636363637
F1score=0.8008668432458463

threshold=3.2000000000000024
1(48) 1(48) 1(47) 1(48) 1(42) 1(38) 
1(48) 1(47) 1(48) 1(46) 1(43) 
1(47) 1(48) 1(44) 1(39) 
1(47) 1(44) 1(36) 
1(47) 1(45) 
1(48) 

0.5238095238095238
precise=0.6934548467274234
recall=0.9452286843591191
F1score=0.8

threshold=3.2200000000000024
1(48) 1(48) 1(47) 1(48) 1(42) 1(38) 
1(48) 1(47) 1(48) 1(46) 1(43) 
1(47) 1(48) 1(44) 1(39) 
1(47) 1(44) 1(37) 
1(47) 1(45) 
1(48) 

0.5238095238095238
precise=0.6919917864476386
recall=0.9455667789001122
F1score=0.7991463125444629

threshold=3.2400000000000024
1(48) 1(48) 1(47) 1(48) 1(42) 1(38) 
1(48) 1(47) 1(48) 1(46) 1(44) 
1(47) 1(48) 1(44) 1(40) 
1(47) 1(44) 1(38) 
1(47) 1(45) 
1(48) 

0.5238095238095238
precise=0.6905537459283387
recall=0.9459007250418293
F1score=0.7983054836432102

threshold=3.2600000000000025
1(48) 1(48) 1(47) 1(48) 1(42) 1(38) 
1(48) 1(47) 1(48) 1(46) 1(44) 
1(47) 1(48) 1(44) 1(40) 
1(47) 1(44) 1(39) 
1(47) 1(45) 
1(48) 

0.5238095238095238
precise=0.6891400888171175
recall=0.9462305986696231
F1score=0.7974772249474422

threshold=3.2800000000000025
1(48) 1(48) 1(47) 1(48) 1(42) 1(38) 
1(48) 1(47) 1(48) 1(46) 1(44) 
1(47) 1(48) 1(44) 1(40) 
1(47) 1(44) 1(39) 
1(47) 1(45) 
1(48) 

0.5238095238095238
precise=0.6877502001601281
recall=0.946556473829201
F1score=0.7966612566658938

threshold=3.3000000000000025
1(48) 1(48) 1(47) 1(48) 1(42) 1(38) 
1(48) 1(47) 1(48) 1(46) 1(44) 
1(47) 1(48) 1(44) 1(40) 
1(47) 1(44) 1(39) 
1(47) 1(45) 
1(48) 

0.5238095238095238
precise=0.6863834855101231
recall=0.9468784227820373
F1score=0.7958573072497123

threshold=3.3200000000000025
1(48) 1(48) 1(47) 1(48) 1(42) 1(38) 
1(48) 1(47) 1(48) 1(46) 1(44) 
1(47) 1(48) 1(44) 1(40) 
1(47) 1(44) 1(39) 
1(47) 1(45) 
1(48) 

0.5238095238095238
precise=0.6850393700787402
recall=0.9471965160587915
F1score=0.7950651130911583

threshold=3.3400000000000025
1(48) 1(48) 1(47) 1(48) 1(42) 1(38) 
1(48) 1(47) 1(48) 1(46) 1(44) 
1(47) 1(48) 1(44) 1(40) 
1(47) 1(44) 1(39) 
1(47) 1(45) 
1(48) 

0.5238095238095238
precise=0.6837172979304958
recall=0.9475108225108225
F1score=0.7942844182354275

threshold=3.3600000000000025
1(48) 1(48) 1(47) 1(48) 1(42) 1(38) 
1(48) 1(47) 1(48) 1(46) 1(44) 
1(47) 1(48) 1(44) 1(41) 
1(47) 1(44) 1(39) 
1(47) 1(45) 
1(48) 

0.5238095238095238
precise=0.6824167312161116
recall=0.9478214093598709
F1score=0.7935149741049313

threshold=3.3800000000000026
1(48) 1(48) 1(47) 1(48) 1(43) 1(38) 
1(48) 1(47) 1(48) 1(46) 1(44) 
1(47) 1(48) 1(44) 1(41) 
1(47) 1(44) 1(39) 
1(47) 1(45) 
1(48) 

0.5238095238095238
precise=0.6811371494429505
recall=0.9481283422459893
F1score=0.7927565392354124

threshold=3.4000000000000026
1(48) 1(48) 1(47) 1(48) 1(43) 1(40) 
1(48) 1(47) 1(48) 1(46) 1(44) 
1(47) 1(48) 1(44) 1(41) 
1(47) 1(44) 1(39) 
1(47) 1(45) 
1(48) 

0.5238095238095238
precise=0.6798780487804879
recall=0.9484316852737905
F1score=0.7920088790233074

threshold=3.4200000000000026
1(48) 1(48) 1(47) 1(48) 1(43) 1(40) 
1(48) 1(47) 1(48) 1(46) 1(44) 
1(47) 1(48) 1(44) 1(41) 
1(47) 1(44) 1(39) 
1(47) 1(45) 
1(48) 

0.5238095238095238
precise=0.6786389413988658
recall=0.9487315010570825
F1score=0.7912717654837998

threshold=3.4400000000000026
1(48) 1(48) 1(47) 1(48) 1(43) 1(40) 
1(48) 1(47) 1(48) 1(46) 1(44) 
1(47) 1(48) 1(44) 1(41) 
1(47) 1(44) 1(39) 
1(47) 1(46) 
1(48) 

0.5238095238095238
precise=0.6774193548387096
recall=0.9490278507619548
F1score=0.7905449770190414

threshold=3.4600000000000026
1(48) 1(48) 1(47) 1(48) 1(43) 1(40) 
1(48) 1(47) 1(48) 1(46) 1(44) 
1(47) 1(48) 1(44) 1(41) 
1(47) 1(44) 1(39) 
1(47) 1(46) 
1(48) 

0.5238095238095238
precise=0.676218831410495
recall=0.9493207941483803
F1score=0.7898282981960444

threshold=3.4800000000000026
1(48) 1(48) 1(47) 1(48) 1(43) 1(40) 
1(48) 1(47) 1(48) 1(46) 1(44) 
1(47) 1(48) 1(44) 1(41) 
1(47) 1(44) 1(39) 
1(47) 1(46) 
1(48) 

0.5238095238095238
precise=0.6750369276218612
recall=0.9496103896103896
F1score=0.7891215195337794

threshold=3.5000000000000027
1(48) 1(48) 1(47) 1(48) 1(43) 1(40) 
1(48) 1(47) 1(48) 1(46) 1(44) 
1(47) 1(48) 1(44) 1(41) 
1(47) 1(44) 1(39) 
1(47) 1(46) 
1(48) 

0.5238095238095238
precise=0.6738732136313668
recall=0.949896694214876
F1score=0.7884244372990353

threshold=3.5200000000000027
1(48) 1(48) 1(47) 1(48) 1(44) 1(40) 
1(48) 1(47) 1(48) 1(46) 1(44) 
1(47) 1(48) 1(44) 1(41) 
1(47) 1(44) 1(39) 
1(47) 1(46) 
1(48) 

0.5238095238095238
precise=0.6727272727272727
recall=0.9501797637390857
F1score=0.7877368533106238

threshold=3.5400000000000027
1(48) 1(48) 1(47) 1(48) 1(44) 1(40) 
1(48) 1(47) 1(48) 1(46) 1(44) 
1(47) 1(48) 1(44) 1(41) 
1(47) 1(44) 1(39) 
1(47) 1(46) 
1(48) 

0.5238095238095238
precise=0.6715987008300253
recall=0.9504596527068437
F1score=0.7870585747515331

threshold=3.5600000000000027
1(48) 1(48) 1(47) 1(48) 1(44) 1(40) 
1(48) 1(47) 1(48) 1(46) 1(44) 
1(47) 1(48) 1(45) 1(42) 
1(47) 1(44) 1(39) 
1(47) 1(46) 
1(48) 

0.5238095238095238
precise=0.670487106017192
recall=0.9507364144235653
F1score=0.7863894139886578

threshold=3.5800000000000027
1(48) 1(48) 1(47) 1(48) 1(44) 1(40) 
1(48) 1(47) 1(48) 1(46) 1(44) 
1(47) 1(48) 1(45) 1(42) 
1(47) 1(44) 1(39) 
1(47) 1(46) 
1(48) 

0.5238095238095238
precise=0.6693921080696765
recall=0.951010101010101
F1score=0.7857291883997496

threshold=3.6000000000000028
1(48) 1(48) 1(47) 1(48) 1(44) 1(40) 
1(48) 1(47) 1(48) 1(46) 1(44) 
1(47) 1(48) 1(45) 1(42) 
1(47) 1(44) 1(39) 
1(47) 1(46) 
1(48) 

0.5238095238095238
precise=0.6683133380381087
recall=0.9512807634354595
F1score=0.7850777202072539

threshold=3.6200000000000028
1(48) 1(48) 1(47) 1(48) 1(44) 1(40) 
1(48) 1(47) 1(48) 1(47) 1(44) 
1(47) 1(48) 1(45) 1(42) 
1(47) 1(44) 1(39) 
1(47) 1(46) 
1(48) 

0.5238095238095238
precise=0.6672504378283712
recall=0.9515484515484516
F1score=0.7844348363187152

threshold=3.640000000000003
1(48) 1(48) 1(47) 1(48) 1(44) 1(40) 
1(48) 1(47) 1(48) 1(47) 1(44) 
1(47) 1(48) 1(45) 1(42) 
1(47) 1(44) 1(39) 
1(47) 1(46) 
1(48) 

0.5238095238095238
precise=0.6662030598052852
recall=0.9518132141082961
F1score=0.7838003681734506

threshold=3.660000000000003
1(48) 1(48) 1(47) 1(48) 1(44) 1(41) 
1(48) 1(47) 1(48) 1(47) 1(44) 
1(47) 1(48) 1(45) 1(42) 
1(47) 1(44) 1(39) 
1(47) 1(46) 
1(48) 

0.5238095238095238
precise=0.6651708664135313
recall=0.9520750988142292
F1score=0.7831741515952042

threshold=3.680000000000003
1(48) 1(48) 1(47) 1(48) 1(44) 1(41) 
1(48) 1(47) 1(48) 1(47) 1(44) 
1(47) 1(48) 1(45) 1(42) 
1(47) 1(44) 1(39) 
1(47) 1(46) 
1(48) 

0.5238095238095238
precise=0.6641535298149417
recall=0.9523341523341523
F1score=0.7825560266505148

threshold=3.700000000000003
1(48) 1(48) 1(47) 1(48) 1(44) 1(41) 
1(48) 1(47) 1(48) 1(47) 1(44) 
1(47) 1(48) 1(45) 1(43) 
1(47) 1(44) 1(39) 
1(47) 1(46) 
1(48) 

0.5238095238095238
precise=0.6631507315413406
recall=0.9525904203323559
F1score=0.7819458375125377

threshold=3.720000000000003
1(48) 1(48) 1(47) 1(48) 1(44) 1(41) 
1(48) 1(47) 1(48) 1(47) 1(44) 
1(47) 1(48) 1(45) 1(43) 
1(47) 1(44) 1(39) 
1(47) 1(46) 
1(48) 

0.5238095238095238
precise=0.6621621621621622
recall=0.9528439474963539
F1score=0.7813434323300777

threshold=3.740000000000003
1(48) 1(48) 1(47) 1(48) 1(44) 1(41) 
1(48) 1(47) 1(48) 1(47) 1(44) 
1(47) 1(48) 1(45) 1(43) 
1(47) 1(44) 1(39) 
1(47) 1(46) 
1(48) 

0.5238095238095238
precise=0.6611875209661188
recall=0.9530947775628626
F1score=0.7807486631016043

threshold=3.760000000000003
1(48) 1(48) 1(47) 1(48) 1(44) 1(41) 
1(48) 1(47) 1(48) 1(47) 1(44) 
1(47) 1(48) 1(45) 1(44) 
1(47) 1(44) 1(39) 
1(47) 1(46) 
1(48) 

0.5238095238095238
precise=0.6602265156562291
recall=0.9533429533429534
F1score=0.7801613855540248

threshold=3.780000000000003
1(48) 1(48) 1(47) 1(48) 1(44) 1(41) 
1(48) 1(47) 1(48) 1(47) 1(44) 
1(47) 1(48) 1(45) 1(44) 
1(47) 1(44) 1(39) 
1(47) 1(46) 
1(48) 

0.5238095238095238
precise=0.6592788620575587
recall=0.9535885167464114
F1score=0.7795814590260122

threshold=3.800000000000003
1(48) 1(48) 1(47) 1(48) 1(44) 1(41) 
1(48) 1(47) 1(48) 1(47) 1(44) 
1(47) 1(48) 1(45) 1(44) 
1(47) 1(44) 1(39) 
1(47) 1(46) 
1(48) 

0.5238095238095238
precise=0.6583442838370565
recall=0.9538315088053307
F1score=0.7790087463556852

threshold=3.820000000000003
1(48) 1(48) 1(47) 1(48) 1(44) 1(41) 
1(48) 1(47) 1(48) 1(47) 1(44) 
1(47) 1(48) 1(45) 1(44) 
1(47) 1(44) 1(39) 
1(47) 1(46) 
1(48) 

0.5238095238095238
precise=0.6574225122349103
recall=0.9540719696969697
F1score=0.7784431137724551

threshold=3.840000000000003
1(48) 1(48) 1(47) 1(48) 1(44) 1(41) 
1(48) 1(47) 1(48) 1(47) 1(44) 
1(47) 1(48) 1(45) 1(44) 
1(47) 1(44) 1(39) 
1(47) 1(46) 
1(48) 

0.5238095238095238
precise=0.6565132858068697
recall=0.9543099387658973
F1score=0.7778844307928585

threshold=3.860000000000003
1(48) 1(48) 1(47) 1(48) 1(44) 1(41) 
1(48) 1(47) 1(48) 1(47) 1(44) 
1(47) 1(48) 1(45) 1(44) 
1(47) 1(44) 1(40) 
1(47) 1(46) 
1(48) 

0.5238095238095238
precise=0.6556163501770196
recall=0.9545454545454546
F1score=0.7773325701202061

threshold=3.880000000000003
1(48) 1(48) 1(47) 1(48) 1(44) 1(41) 
1(48) 1(47) 1(48) 1(47) 1(44) 
1(47) 1(48) 1(45) 1(44) 
1(47) 1(44) 1(40) 
1(47) 1(46) 
1(48) 

0.5238095238095238
precise=0.6547314578005116
recall=0.9547785547785548
F1score=0.7767874075478854

threshold=3.900000000000003
1(48) 1(48) 1(47) 1(48) 1(44) 1(41) 
1(48) 1(47) 1(48) 1(47) 1(44) 
1(47) 1(48) 1(45) 1(44) 
1(47) 1(44) 1(40) 
1(47) 1(46) 
1(48) 

0.5238095238095238
precise=0.6538583677357891
recall=0.9550092764378478
F1score=0.776248821866164

threshold=3.920000000000003
1(48) 1(48) 1(47) 1(48) 1(44) 1(41) 
1(48) 1(47) 1(48) 1(47) 1(44) 
1(47) 1(48) 1(45) 1(44) 
1(47) 1(44) 1(40) 
1(47) 1(46) 
1(48) 

0.5238095238095238
precise=0.6529968454258676
recall=0.95523765574527
F1score=0.7757166947723441

threshold=3.940000000000003
1(48) 1(48) 1(47) 1(48) 1(44) 1(41) 
1(48) 1(47) 1(48) 1(47) 1(44) 
1(47) 1(48) 1(45) 1(44) 
1(47) 1(44) 1(40) 
1(47) 1(46) 
1(48) 

0.5238095238095238
precise=0.6521466624882482
recall=0.9554637281910009
F1score=0.7751909107841312

threshold=3.960000000000003
1(48) 1(48) 1(47) 1(48) 1(44) 1(41) 
1(48) 1(47) 1(48) 1(47) 1(44) 
1(47) 1(48) 1(45) 1(44) 
1(47) 1(44) 1(40) 
1(47) 1(46) 
1(48) 

0.5238095238095238
precise=0.651307596513076
recall=0.9556875285518501
F1score=0.7746713571560822

threshold=3.980000000000003
1(48) 1(48) 1(47) 1(48) 1(44) 1(41) 
1(48) 1(47) 1(48) 1(47) 1(44) 
1(47) 1(48) 1(45) 1(44) 
1(47) 1(44) 1(40) 
1(47) 1(46) 
1(48) 

0.5238095238095238
precise=0.6504794308691618
recall=0.9559090909090909
F1score=0.774157923799006

threshold=4.000000000000003
1(48) 1(48) 1(47) 1(48) 1(44) 1(41) 
1(48) 1(47) 1(48) 1(47) 1(44) 
1(47) 1(48) 1(45) 1(44) 
1(47) 1(44) 1(40) 
1(47) 1(46) 
1(48) 

0.5238095238095238
precise=0.6496619545175168
recall=0.9561284486657621
F1score=0.7736505032021957

threshold=4.020000000000002
1(48) 1(48) 1(47) 1(48) 1(44) 1(41) 
1(48) 1(47) 1(48) 1(47) 1(44) 
1(47) 1(48) 1(45) 1(44) 
1(47) 1(44) 1(41) 
1(47) 1(46) 
1(48) 

0.5238095238095238
precise=0.648854961832061
recall=0.9563456345634563
F1score=0.7731489903583773

threshold=4.040000000000002
1(48) 1(48) 1(47) 1(48) 1(44) 1(41) 
1(48) 1(47) 1(48) 1(47) 1(44) 
1(47) 1(48) 1(45) 1(45) 
1(47) 1(44) 1(41) 
1(47) 1(46) 
1(48) 

0.5238095238095238
precise=0.6480582524271845
recall=0.9565606806986118
F1score=0.7726532826912642

threshold=4.060000000000001
1(48) 1(48) 1(47) 1(48) 1(45) 1(41) 
1(48) 1(47) 1(48) 1(47) 1(44) 
1(47) 1(48) 1(45) 1(45) 
1(47) 1(44) 1(41) 
1(47) 1(46) 
1(48) 

0.5238095238095238
precise=0.6472716309918601
recall=0.9567736185383244
F1score=0.7721632799856141

threshold=4.080000000000001
1(48) 1(48) 1(47) 1(48) 1(45) 1(41) 
1(48) 1(47) 1(48) 1(47) 1(44) 
1(47) 1(48) 1(45) 1(45) 
1(47) 1(45) 1(42) 
1(47) 1(46) 
1(48) 

0.5238095238095238
precise=0.646494907130018
recall=0.9569844789356985
F1score=0.7716788843196853

threshold=4.1000000000000005
1(48) 1(48) 1(47) 1(48) 1(45) 1(41) 
1(48) 1(47) 1(48) 1(47) 1(44) 
1(47) 1(48) 1(45) 1(45) 
1(47) 1(45) 1(42) 
1(47) 1(46) 
1(48) 

0.5238095238095238
precise=0.6457278952069068
recall=0.9571932921447485
F1score=0.7712

threshold=4.12
1(48) 1(48) 1(47) 1(48) 1(45) 1(41) 
1(48) 1(47) 1(48) 1(47) 1(44) 
1(47) 1(48) 1(45) 1(45) 
1(47) 1(45) 1(42) 
1(47) 1(46) 
1(48) 

0.5238095238095238
precise=0.6449704142011834
recall=0.9574000878348704
F1score=0.7707265334983207

threshold=4.14
1(48) 1(48) 1(47) 1(48) 1(45) 1(41) 
1(48) 1(47) 1(48) 1(47) 1(44) 
1(47) 1(48) 1(45) 1(45) 
1(47) 1(45) 1(42) 
1(47) 1(46) 
1(48) 

0.5238095238095238
precise=0.6442222875624817
recall=0.9576048951048951
F1score=0.7702583933907541

threshold=4.159999999999999
1(48) 1(48) 1(47) 1(48) 1(46) 1(41) 
1(48) 1(47) 1(48) 1(47) 1(44) 
1(47) 1(48) 1(45) 1(45) 
1(47) 1(45) 1(42) 
1(47) 1(46) 
1(48) 

0.5238095238095238
precise=0.6434833430742256
recall=0.9578077424967377
F1score=0.7697954902988988

threshold=4.179999999999999
1(48) 1(48) 1(47) 1(48) 1(46) 1(41) 
1(48) 1(47) 1(48) 1(47) 1(44) 
1(47) 1(48) 1(45) 1(45) 
1(47) 1(45) 1(42) 
1(47) 1(46) 
1(48) 

0.5238095238095238
precise=0.6427534127214638
recall=0.958008658008658
F1score=0.7693377368329567

threshold=4.199999999999998
1(48) 1(48) 1(47) 1(48) 1(46) 1(42) 
1(48) 1(47) 1(48) 1(47) 1(44) 
1(47) 1(48) 1(45) 1(45) 
1(47) 1(45) 1(42) 
1(47) 1(46) 
1(48) 

0.5238095238095238
precise=0.6420323325635104
recall=0.958207669108143
F1score=0.7688850475367329

threshold=4.219999999999998
1(48) 1(48) 1(47) 1(48) 1(46) 1(43) 
1(48) 1(47) 1(48) 1(47) 1(44) 
1(47) 1(48) 1(45) 1(45) 
1(47) 1(45) 1(42) 
1(47) 1(46) 
1(48) 

0.5238095238095238
precise=0.6413199426111909
recall=0.9584048027444254
F1score=0.7684373388344508

threshold=4.2399999999999975
1(48) 1(48) 1(47) 1(48) 1(46) 1(43) 
1(48) 1(47) 1(48) 1(47) 1(44) 
1(47) 1(48) 1(45) 1(45) 
1(47) 1(45) 1(42) 
1(47) 1(46) 
1(48) 

0.5238095238095238
precise=0.6406160867084997
recall=0.9586000853606488
F1score=0.7679945289793128

threshold=4.259999999999997
1(48) 1(48) 1(47) 1(48) 1(46) 1(43) 
1(48) 1(47) 1(48) 1(47) 1(44) 
1(47) 1(48) 1(45) 1(45) 
1(47) 1(45) 1(42) 
1(47) 1(46) 
1(48) 

0.5238095238095238
precise=0.639920612418486
recall=0.9587935429056924
F1score=0.7675565380037409

threshold=4.279999999999997
1(48) 1(48) 1(47) 1(48) 1(46) 1(43) 
1(48) 1(47) 1(48) 1(47) 1(44) 
1(47) 1(48) 1(45) 1(45) 
1(47) 1(45) 1(42) 
1(47) 1(46) 
1(48) 

0.5238095238095238
precise=0.6392333709131905
recall=0.958985200845666
F1score=0.7671232876712328

threshold=4.299999999999996
1(48) 1(48) 1(47) 1(48) 1(46) 1(43) 
1(48) 1(47) 1(48) 1(47) 1(44) 
1(47) 1(48) 1(45) 1(45) 
1(47) 1(45) 1(42) 
1(47) 1(46) 
1(48) 

0.5238095238095238
precise=0.6385542168674698
recall=0.9591750841750841
F1score=0.7666947014297729

threshold=4.319999999999996
1(48) 1(48) 1(47) 1(48) 1(46) 1(43) 
1(48) 1(47) 1(48) 1(47) 1(44) 
1(47) 1(48) 1(45) 1(45) 
1(47) 1(45) 1(42) 
1(47) 1(46) 
1(48) 

0.5238095238095238
precise=0.637883008356546
recall=0.9593632174277336
F1score=0.7662707043667392

threshold=4.339999999999995
1(48) 1(48) 1(47) 1(48) 1(46) 1(43) 
1(48) 1(47) 1(48) 1(47) 1(45) 
1(47) 1(48) 1(45) 1(45) 
1(47) 1(45) 1(42) 
1(47) 1(46) 
1(48) 

0.5238095238095238
precise=0.637219606757131
recall=0.9595496246872394
F1score=0.7658512231652521

threshold=4.359999999999995
1(48) 1(48) 1(47) 1(48) 1(46) 1(43) 
1(48) 1(47) 1(48) 1(47) 1(45) 
1(47) 1(48) 1(45) 1(45) 
1(47) 1(45) 1(42) 
1(47) 1(46) 
1(48) 

0.5238095238095238
precise=0.6365638766519823
recall=0.9597343295973433
F1score=0.7654361860619103

threshold=4.379999999999995
1(48) 1(48) 1(47) 1(48) 1(46) 1(43) 
1(48) 1(47) 1(48) 1(47) 1(45) 
1(47) 1(48) 1(45) 1(45) 
1(47) 1(45) 1(42) 
1(47) 1(46) 
1(48) 

0.5238095238095238
precise=0.6359156857377498
recall=0.9599173553719008
F1score=0.765025522805862

threshold=4.399999999999994
1(48) 1(48) 1(47) 1(48) 1(46) 1(44) 
1(48) 1(47) 1(48) 1(47) 1(45) 
1(47) 1(48) 1(45) 1(45) 
1(47) 1(45) 1(42) 
1(47) 1(46) 
1(48) 

0.5238095238095238
precise=0.6352749047359826
recall=0.9600987248046071
F1score=0.7646191646191646

threshold=4.419999999999994
1(48) 1(48) 1(47) 1(48) 1(46) 1(44) 
1(48) 1(47) 1(48) 1(47) 1(45) 
1(47) 1(48) 1(46) 1(45) 
1(47) 1(45) 1(42) 
1(47) 1(46) 
1(48) 

0.5238095238095238
precise=0.6346414073071719
recall=0.9602784602784603
F1score=0.7642170441583835

threshold=4.439999999999993
1(48) 1(48) 1(47) 1(48) 1(46) 1(44) 
1(48) 1(47) 1(48) 1(47) 1(45) 
1(47) 1(48) 1(46) 1(45) 
1(47) 1(45) 1(43) 
1(47) 1(46) 
1(48) 

0.5238095238095238
precise=0.6340150699677072
recall=0.9604565837749695
F1score=0.7638190954773869

threshold=4.459999999999993
1(48) 1(48) 1(47) 1(48) 1(46) 1(44) 
1(48) 1(47) 1(48) 1(47) 1(45) 
1(47) 1(48) 1(46) 1(45) 
1(47) 1(45) 1(43) 
1(47) 1(46) 
1(48) 

0.5238095238095238
precise=0.6333957720096334
recall=0.9606331168831169
F1score=0.7634252539912917

threshold=4.479999999999992
1(48) 1(48) 1(47) 1(48) 1(46) 1(44) 
1(48) 1(47) 1(48) 1(47) 1(45) 
1(47) 1(48) 1(46) 1(45) 
1(47) 1(45) 1(43) 
1(47) 1(46) 
1(48) 

0.5238095238095238
precise=0.6327833954230974
recall=0.9608080808080808
F1score=0.7630354564415209

threshold=4.499999999999992
1(48) 1(48) 1(47) 1(48) 1(46) 1(44) 
1(48) 1(47) 1(48) 1(47) 1(45) 
1(47) 1(48) 1(46) 1(45) 
1(47) 1(45) 1(43) 
1(47) 1(46) 
1(48) 

0.5238095238095238
precise=0.6321778248213813
recall=0.9609814963797265
F1score=0.7626496408619313

threshold=4.519999999999992
1(48) 1(48) 1(47) 1(48) 1(46) 1(44) 
1(48) 1(47) 1(48) 1(47) 1(45) 
1(47) 1(48) 1(46) 1(45) 
1(47) 1(45) 1(43) 
1(47) 1(46) 
1(48) 

0.5238095238095238
precise=0.631578947368421
recall=0.961153384060873
F1score=0.7622677465459743

threshold=4.539999999999991
1(48) 1(48) 1(47) 1(48) 1(46) 1(44) 
1(48) 1(47) 1(48) 1(47) 1(45) 
1(47) 1(48) 1(46) 1(45) 
1(47) 1(45) 1(43) 
1(47) 1(46) 
1(48) 

0.5238095238095238
precise=0.630986652708715
recall=0.9613237639553429
F1score=0.7618897140148523

threshold=4.559999999999991
1(48) 1(48) 1(47) 1(48) 1(46) 1(44) 
1(48) 1(47) 1(48) 1(47) 1(45) 
1(47) 1(48) 1(46) 1(45) 
1(47) 1(45) 1(43) 
1(47) 1(46) 
1(48) 

0.5238095238095238
precise=0.6304008328995315
recall=0.9614926558157999
F1score=0.7615154849866373

threshold=4.57999999999999
1(48) 1(48) 1(47) 1(48) 1(46) 1(44) 
1(48) 1(47) 1(48) 1(47) 1(45) 
1(47) 1(48) 1(46) 1(45) 
1(47) 1(45) 1(43) 
1(47) 1(46) 
1(48) 

0.5238095238095238
precise=0.6298213823453275
recall=0.9616600790513834
F1score=0.7611450023463163

threshold=4.59999999999999
1(48) 1(48) 1(47) 1(48) 1(46) 1(44) 
1(48) 1(47) 1(48) 1(47) 1(45) 
1(47) 1(48) 1(46) 1(45) 
1(47) 1(45) 1(43) 
1(47) 1(46) 
1(48) 

0.5238095238095238
precise=0.6292481977342945
recall=0.9618260527351437
F1score=0.7607782101167315

threshold=4.6199999999999894
1(48) 1(48) 1(47) 1(48) 1(46) 1(44) 
1(48) 1(47) 1(48) 1(47) 1(46) 
1(47) 1(48) 1(46) 1(45) 
1(47) 1(45) 1(43) 
1(47) 1(46) 
1(48) 

0.5238095238095238
precise=0.6286811779769527
recall=0.9619905956112853
F1score=0.7604150534303856

threshold=4.639999999999989
1(48) 1(48) 1(47) 1(48) 1(46) 1(44) 
1(48) 1(47) 1(48) 1(47) 1(46) 
1(47) 1(48) 1(46) 1(45) 
1(47) 1(45) 1(43) 
1(47) 1(46) 
1(48) 

0.5238095238095238
precise=0.6281202241467142
recall=0.9621537261022239
F1score=0.7600554785020804

threshold=4.659999999999989
1(48) 1(48) 1(47) 1(48) 1(46) 1(44) 
1(48) 1(47) 1(48) 1(47) 1(46) 
1(47) 1(48) 1(46) 1(45) 
1(47) 1(45) 1(43) 
1(47) 1(46) 
1(48) 

0.5238095238095238
precise=0.6275652394223461
recall=0.9623154623154623
F1score=0.7596994326023616

threshold=4.679999999999988
1(48) 1(48) 1(47) 1(48) 1(46) 1(44) 
1(48) 1(47) 1(48) 1(47) 1(46) 
1(47) 1(48) 1(46) 1(45) 
1(47) 1(45) 1(43) 
1(47) 1(46) 
1(48) 

0.5238095238095238
precise=0.6270161290322581
recall=0.9624758220502901
F1score=0.7593468640317412

threshold=4.699999999999988
1(48) 1(48) 1(47) 1(48) 1(46) 1(44) 
1(48) 1(47) 1(48) 1(47) 1(46) 
1(47) 1(48) 1(46) 1(45) 
1(47) 1(45) 1(43) 
1(47) 1(46) 
1(48) 

0.5238095238095238
precise=0.6264728002005515
recall=0.9626348228043143
F1score=0.758997722095672

threshold=4.719999999999987
1(48) 1(48) 1(47) 1(48) 1(46) 1(44) 
1(48) 1(47) 1(48) 1(47) 1(46) 
1(47) 1(48) 1(46) 1(45) 
1(47) 1(45) 1(43) 
1(47) 1(46) 
1(48) 

0.5238095238095238
precise=0.6259351620947631
recall=0.9627924817798236
F1score=0.7586519570802478

threshold=4.739999999999987
1(48) 1(48) 1(47) 1(48) 1(46) 1(44) 
1(48) 1(47) 1(48) 1(47) 1(46) 
1(47) 1(48) 1(46) 1(45) 
1(47) 1(45) 1(44) 
1(47) 1(46) 
1(48) 

0.5238095238095238
precise=0.6254031257752419
recall=0.9629488158899924
F1score=0.7583095202286058

threshold=4.7599999999999865
1(48) 1(48) 1(47) 1(48) 1(46) 1(44) 
1(48) 1(47) 1(48) 1(47) 1(46) 
1(47) 1(48) 1(46) 1(45) 
1(47) 1(45) 1(44) 
1(47) 1(46) 
1(48) 

0.5238095238095238
precise=0.6248766041461007
recall=0.9631038417649296
F1score=0.7579703637180063

threshold=4.779999999999986
1(48) 1(48) 1(47) 1(48) 1(46) 1(44) 
1(48) 1(47) 1(48) 1(47) 1(46) 
1(47) 1(48) 1(46) 1(45) 
1(47) 1(45) 1(44) 
1(47) 1(46) 
1(48) 

0.5238095238095238
precise=0.6243555119076848
recall=0.9632575757575758
F1score=0.7576344406375689

threshold=4.799999999999986
1(48) 1(48) 1(47) 1(48) 1(46) 1(44) 
1(48) 1(47) 1(48) 1(47) 1(46) 
1(47) 1(48) 1(46) 1(45) 
1(47) 1(45) 1(44) 
1(47) 1(46) 
1(48) 

0.5238095238095238
precise=0.6238397655105031
recall=0.963410033949453
F1score=0.757301704966642

threshold=4.819999999999985
1(48) 1(48) 1(47) 1(48) 1(46) 1(44) 
1(48) 1(47) 1(48) 1(47) 1(46) 
1(47) 1(48) 1(46) 1(45) 
1(47) 1(45) 1(44) 
1(47) 1(46) 
1(48) 

0.5238095238095238
precise=0.6233292831105711
recall=0.9635612321562734
F1score=0.7569721115537849

threshold=4.839999999999985
1(48) 1(48) 1(47) 1(48) 1(46) 1(44) 
1(48) 1(47) 1(48) 1(47) 1(46) 
1(47) 1(48) 1(46) 1(45) 
1(47) 1(45) 1(44) 
1(47) 1(46) 
1(48) 

0.5238095238095238
precise=0.6228239845261122
recall=0.9637111859334082
F1score=0.7566456160963431

threshold=4.859999999999984
1(48) 1(48) 1(47) 1(48) 1(46) 1(44) 
1(48) 1(47) 1(48) 1(47) 1(46) 
1(47) 1(48) 1(46) 1(45) 
1(47) 1(45) 1(44) 
1(47) 1(46) 
1(48) 

0.5238095238095238
precise=0.6223237911955737
recall=0.963859910581222
F1score=0.7563221751205964

threshold=4.879999999999984
1(48) 1(48) 1(47) 1(48) 1(46) 1(44) 
1(48) 1(47) 1(48) 1(47) 1(46) 
1(47) 1(48) 1(46) 1(45) 
1(47) 1(45) 1(44) 
1(47) 1(46) 
1(48) 

0.5238095238095238
precise=0.6218286261369076
recall=0.9640074211502783
F1score=0.7560017459624618

threshold=4.8999999999999835
1(48) 1(48) 1(47) 1(48) 1(46) 1(44) 
1(48) 1(47) 1(48) 1(47) 1(46) 
1(47) 1(48) 1(46) 1(45) 
1(47) 1(45) 1(44) 
1(47) 1(46) 
1(48) 

0.5238095238095238
precise=0.6213384139080733
recall=0.9641537324464153
F1score=0.7556842867487328

threshold=4.919999999999983
1(48) 1(48) 1(47) 1(48) 1(46) 1(44) 
1(48) 1(47) 1(48) 1(47) 1(46) 
1(47) 1(48) 1(46) 1(45) 
1(47) 1(45) 1(44) 
1(47) 1(46) 
1(48) 

0.5238095238095238
precise=0.6208530805687204
recall=0.9642988590357011
F1score=0.7553697563788381

threshold=4.939999999999983
1(48) 1(48) 1(47) 1(48) 1(46) 1(44) 
1(48) 1(47) 1(48) 1(47) 1(46) 
1(47) 1(48) 1(46) 1(45) 
1(47) 1(45) 1(44) 
1(47) 1(46) 
1(48) 

0.5238095238095238
precise=0.6203725536430087
recall=0.9644428152492669
F1score=0.7550581145071029

threshold=4.959999999999982
1(48) 1(48) 1(47) 1(48) 1(46) 1(44) 
1(48) 1(47) 1(48) 1(47) 1(46) 
1(47) 1(48) 1(46) 1(45) 
1(47) 1(45) 1(44) 
1(47) 1(46) 
1(48) 

0.5238095238095238
precise=0.6198967620835288
recall=0.9645856151880249
F1score=0.7547493215254963

threshold=4.979999999999982
1(48) 1(48) 1(47) 1(48) 1(46) 1(44) 
1(48) 1(47) 1(48) 1(47) 1(46) 
1(47) 1(48) 1(46) 1(45) 
1(47) 1(46) 1(44) 
1(47) 1(46) 
1(48) 

0.5238095238095238
precise=0.619425636236283
recall=0.9647272727272728
F1score=0.7544433385468505

threshold=4.999999999999981
1(48) 1(48) 1(47) 1(48) 1(46) 1(44) 
1(48) 1(47) 1(48) 1(47) 1(46) 
1(47) 1(48) 1(46) 1(45) 
1(47) 1(46) 1(44) 
1(47) 1(46) 
1(48) 

0.5238095238095238
precise=0.6189591078066915
recall=0.964867801521188
F1score=0.7541401273885351

threshold=5.019999999999981
1(48) 1(48) 1(47) 1(48) 1(46) 1(44) 
1(48) 1(47) 1(48) 1(47) 1(46) 
1(47) 1(48) 1(46) 1(45) 
1(47) 1(46) 1(44) 
1(47) 1(46) 
1(48) 

0.5238095238095238
precise=0.6184971098265896
recall=0.965007215007215
F1score=0.7538396505565732

threshold=5.0399999999999805
1(48) 1(48) 1(47) 1(48) 1(46) 1(44) 
1(48) 1(47) 1(48) 1(47) 1(46) 
1(47) 1(48) 1(46) 1(45) 
1(47) 1(46) 1(44) 
1(47) 1(46) 
1(48) 

0.5238095238095238
precise=0.6180395766221813
recall=0.9651455264103486
F1score=0.7535418712301866

threshold=5.05999999999998
1(48) 1(48) 1(47) 1(48) 1(46) 1(44) 
1(48) 1(47) 1(48) 1(47) 1(46) 
1(47) 1(48) 1(46) 1(45) 
1(47) 1(46) 1(44) 
1(47) 1(46) 
1(48) 

0.5238095238095238
precise=0.6175864437829174
recall=0.9652827487473157
F1score=0.7532467532467533

threshold=5.07999999999998
1(48) 1(48) 1(47) 1(48) 1(46) 1(44) 
1(48) 1(47) 1(48) 1(47) 1(46) 
1(47) 1(48) 1(46) 1(45) 
1(47) 1(46) 1(44) 
1(47) 1(46) 
1(48) 

0.5238095238095238
precise=0.6171376481312671
recall=0.9654188948306596
F1score=0.7529542610871681

threshold=5.099999999999979
1(48) 1(48) 1(47) 1(48) 1(46) 1(44) 
1(48) 1(47) 1(48) 1(47) 1(46) 
1(47) 1(48) 1(46) 1(45) 
1(47) 1(46) 1(44) 
1(47) 1(46) 
1(48) 

0.5238095238095238
precise=0.6166931276933545
recall=0.9655539772727273
F1score=0.7526643598615917

threshold=5.119999999999979
1(48) 1(48) 1(47) 1(48) 1(46) 1(44) 
1(48) 1(47) 1(48) 1(47) 1(46) 
1(47) 1(48) 1(46) 1(45) 
1(47) 1(46) 1(44) 
1(47) 1(46) 
1(48) 

0.5238095238095238
precise=0.6162528216704289
recall=0.9656880084895649
F1score=0.7523770152955767

threshold=5.139999999999978
1(48) 1(48) 1(47) 1(48) 1(46) 1(44) 
1(48) 1(47) 1(48) 1(47) 1(46) 
1(47) 1(48) 1(46) 1(45) 
1(47) 1(46) 1(44) 
1(47) 1(46) 
1(48) 

0.5238095238095238
precise=0.6158166704111435
recall=0.9658210007047217
F1score=0.7520921937165592

threshold=5.159999999999978
1(48) 1(48) 1(47) 1(48) 1(46) 1(44) 
1(48) 1(47) 1(48) 1(47) 1(46) 
1(47) 1(48) 1(47) 1(45) 
1(47) 1(46) 1(44) 
1(47) 1(46) 
1(48) 

0.5238095238095238
precise=0.6153846153846154
recall=0.965952965952966
F1score=0.7518098620407048

threshold=5.1799999999999775
1(48) 1(48) 1(47) 1(48) 1(46) 1(44) 
1(48) 1(47) 1(48) 1(47) 1(46) 
1(47) 1(48) 1(47) 1(45) 
1(47) 1(46) 1(44) 
1(47) 1(46) 
1(48) 

0.5238095238095238
precise=0.61495659915424
recall=0.9660839160839161
F1score=0.7515299877600979

threshold=5.199999999999977
1(48) 1(48) 1(47) 1(48) 1(46) 1(44) 
1(48) 1(47) 1(48) 1(47) 1(46) 
1(47) 1(48) 1(47) 1(45) 
1(47) 1(46) 1(44) 
1(47) 1(46) 
1(48) 

0.5238095238095238
precise=0.6145325653522374
recall=0.9662138627655869
F1score=0.751252538930264

threshold=5.219999999999977
1(48) 1(48) 1(47) 1(48) 1(46) 1(45) 
1(48) 1(47) 1(48) 1(47) 1(46) 
1(47) 1(48) 1(47) 1(45) 
1(47) 1(46) 1(44) 
1(47) 1(46) 
1(48) 

0.5238095238095238
precise=0.6141124586549063
recall=0.9663428174878557
F1score=0.7509774841580154

threshold=5.239999999999976
1(48) 1(48) 1(47) 1(48) 1(46) 1(45) 
1(48) 1(47) 1(48) 1(47) 1(46) 
1(47) 1(48) 1(47) 1(45) 
1(47) 1(46) 1(44) 
1(47) 1(46) 
1(48) 

0.5238095238095238
precise=0.6136962247585601
recall=0.9664707915658486
F1score=0.7507047925896093

threshold=5.259999999999976
1(48) 1(48) 1(47) 1(48) 1(46) 1(45) 
1(48) 1(47) 1(48) 1(47) 1(46) 
1(47) 1(48) 1(47) 1(45) 
1(47) 1(46) 1(44) 
1(47) 1(46) 
1(48) 

0.5238095238095238
precise=0.6132838103561284
recall=0.9665977961432507
F1score=0.7504344338992114

threshold=5.279999999999975
1(48) 1(48) 1(47) 1(48) 1(46) 1(45) 
1(48) 1(47) 1(48) 1(47) 1(46) 
1(47) 1(48) 1(47) 1(45) 
1(47) 1(46) 1(44) 
1(47) 1(46) 
1(48) 

0.5238095238095238
precise=0.6128751631143976
recall=0.9667238421955403
F1score=0.7501663782776521

threshold=5.299999999999975
1(48) 1(48) 1(47) 1(48) 1(46) 1(45) 
1(48) 1(47) 1(48) 1(47) 1(46) 
1(47) 1(48) 1(47) 1(45) 
1(47) 1(46) 1(44) 
1(47) 1(46) 
1(48) 

0.5238095238095238
precise=0.6124702316518728
recall=0.9668489405331511
F1score=0.7499005964214712

threshold=5.3199999999999745
1(48) 1(48) 1(47) 1(48) 1(46) 1(45) 
1(48) 1(47) 1(48) 1(47) 1(46) 
1(47) 1(48) 1(47) 1(45) 
1(47) 1(46) 1(44) 
1(47) 1(46) 
1(48) 

0.5238095238095238
precise=0.6120689655172413
recall=0.9669731018045625
F1score=0.7496370595222384

threshold=5.339999999999974
1(48) 1(48) 1(47) 1(48) 1(46) 1(45) 
1(48) 1(47) 1(48) 1(47) 1(46) 
1(47) 1(48) 1(47) 1(45) 
1(47) 1(46) 1(44) 
1(47) 1(46) 
1(48) 

0.5238095238095238
precise=0.6116713151684188
recall=0.9670963364993216
F1score=0.7493757392561441

threshold=5.359999999999974
1(48) 1(48) 1(47) 1(48) 1(46) 1(45) 
1(48) 1(47) 1(48) 1(47) 1(46) 
1(47) 1(48) 1(47) 1(45) 
1(47) 1(46) 1(45) 
1(47) 1(46) 
1(48) 

0.5238095238095238
precise=0.6112772319521572
recall=0.9672186549509969
F1score=0.7491166077738516

threshold=5.379999999999973
1(48) 1(48) 1(47) 1(48) 1(46) 1(45) 
1(48) 1(47) 1(48) 1(47) 1(46) 
1(47) 1(48) 1(47) 1(45) 
1(47) 1(46) 1(45) 
1(47) 1(46) 
1(48) 

0.5238095238095238
precise=0.6108866680842016
recall=0.9673400673400674
F1score=0.7488596376906034

threshold=5.399999999999973
1(48) 1(48) 1(47) 1(48) 1(46) 1(45) 
1(48) 1(47) 1(48) 1(47) 1(46) 
1(47) 1(48) 1(47) 1(45) 
1(47) 1(46) 1(45) 
1(47) 1(46) 
1(48) 

0.5238095238095238
precise=0.6104995766299746
recall=0.967460583696746
F1score=0.7486048020765736

threshold=5.419999999999972
1(48) 1(48) 1(47) 1(48) 1(46) 1(45) 
1(48) 1(47) 1(48) 1(47) 1(46) 
1(47) 1(48) 1(47) 1(45) 
1(47) 1(46) 1(45) 
1(47) 1(46) 
1(48) 

0.5238095238095238
precise=0.6101159114857745
recall=0.9675802139037433
F1score=0.7483520744474602

threshold=5.439999999999972
1(48) 1(48) 1(47) 1(48) 1(46) 1(45) 
1(48) 1(47) 1(48) 1(47) 1(46) 
1(47) 1(48) 1(47) 1(45) 
1(47) 1(46) 1(45) 
1(47) 1(46) 
1(48) 

0.5238095238095238
precise=0.60973562736047
recall=0.9676989676989677
F1score=0.7481014287553096

threshold=5.4599999999999715
1(48) 1(48) 1(47) 1(48) 1(46) 1(45) 
1(48) 1(47) 1(48) 1(47) 1(46) 
1(47) 1(48) 1(47) 1(45) 
1(47) 1(46) 1(45) 
1(47) 1(46) 
1(48) 

0.5238095238095238
precise=0.609358679757677
recall=0.9678168546781686
F1score=0.7478528393795667

threshold=5.479999999999971
1(48) 1(48) 1(47) 1(48) 1(46) 1(45) 
1(48) 1(47) 1(48) 1(47) 1(46) 
1(47) 1(48) 1(47) 1(45) 
1(47) 1(46) 1(45) 
1(47) 1(46) 
1(48) 

0.5238095238095238
precise=0.6089850249584027
recall=0.9679338842975207
F1score=0.7476062811183455

threshold=5.499999999999971
1(48) 1(48) 1(47) 1(48) 1(46) 1(45) 
1(48) 1(47) 1(48) 1(47) 1(46) 
1(47) 1(48) 1(47) 1(45) 
1(47) 1(46) 1(45) 
1(47) 1(46) 
1(48) 

0.5238095238095238
precise=0.6086146200041417
recall=0.9680500658761528
F1score=0.747361729179911

threshold=5.51999999999997
1(48) 1(48) 1(47) 1(48) 1(46) 1(45) 
1(48) 1(47) 1(48) 1(47) 1(46) 
1(47) 1(48) 1(47) 1(45) 
1(47) 1(46) 1(45) 
1(47) 1(46) 
1(48) 

0.5238095238095238
precise=0.6082474226804123
recall=0.9681654085986215
F1score=0.74711915917437

threshold=5.53999999999997
1(48) 1(48) 1(47) 1(48) 1(46) 1(45) 
1(48) 1(47) 1(48) 1(47) 1(46) 
1(47) 1(48) 1(47) 1(45) 
1(47) 1(46) 1(45) 
1(47) 1(46) 
1(48) 

0.5238095238095238
precise=0.6078833915007186
recall=0.9682799215173316
F1score=0.7468785471055619

threshold=5.559999999999969
1(48) 1(48) 1(47) 1(48) 1(46) 1(45) 
1(48) 1(47) 1(48) 1(47) 1(46) 
1(47) 1(48) 1(47) 1(45) 
1(47) 1(46) 1(45) 
1(47) 1(46) 
1(48) 

0.5238095238095238
precise=0.6075224856909239
recall=0.9683936135549038
F1score=0.7466398693631453

threshold=5.579999999999969
1(48) 1(48) 1(47) 1(48) 1(46) 1(45) 
1(48) 1(47) 1(48) 1(47) 1(46) 
1(47) 1(48) 1(47) 1(45) 
1(47) 1(46) 1(45) 
1(47) 1(46) 
1(48) 

0.5238095238095238
precise=0.6071646651740281
recall=0.9685064935064935
F1score=0.7464031027148755

threshold=5.599999999999969
1(48) 1(48) 1(47) 1(48) 1(46) 1(45) 
1(48) 1(47) 1(48) 1(47) 1(46) 
1(47) 1(48) 1(47) 1(45) 
1(47) 1(46) 1(45) 
1(47) 1(46) 
1(48) 

0.5238095238095238
precise=0.6068098905553304
recall=0.9686185700420575
F1score=0.7461682242990654

threshold=5.619999999999968
1(48) 1(48) 1(47) 1(48) 1(46) 1(45) 
1(48) 1(47) 1(48) 1(47) 1(46) 
1(47) 1(48) 1(47) 1(45) 
1(47) 1(46) 1(45) 
1(47) 1(46) 
1(48) 

0.5238095238095238
precise=0.6064581231079718
recall=0.9687298517085751
F1score=0.7459352116172272

threshold=5.639999999999968
1(48) 1(48) 1(47) 1(48) 1(46) 1(45) 
1(48) 1(47) 1(48) 1(47) 1(46) 
1(47) 1(48) 1(47) 1(45) 
1(47) 1(46) 1(45) 
1(47) 1(46) 
1(48) 

0.5238095238095238
precise=0.6061093247588425
recall=0.9688403469322198
F1score=0.7457040425268884

threshold=5.659999999999967
1(48) 1(48) 1(47) 1(48) 1(46) 1(45) 
1(48) 1(47) 1(48) 1(47) 1(46) 
1(47) 1(48) 1(47) 1(45) 
1(47) 1(46) 1(45) 
1(47) 1(46) 
1(48) 

0.5238095238095238
precise=0.6057634580748449
recall=0.9689500640204866
F1score=0.745474695234577

threshold=5.679999999999967
1(48) 1(48) 1(47) 1(48) 1(46) 1(45) 
1(48) 1(47) 1(48) 1(47) 1(46) 
1(47) 1(48) 1(47) 1(45) 
1(47) 1(46) 1(45) 
1(47) 1(46) 
1(48) 

0.5238095238095238
precise=0.6054204862495018
recall=0.9690590111642743
F1score=0.7452471482889734

threshold=5.699999999999966
1(48) 1(48) 1(47) 1(48) 1(46) 1(45) 
1(48) 1(47) 1(48) 1(47) 1(46) 
1(47) 1(48) 1(47) 1(45) 
1(47) 1(46) 1(45) 
1(47) 1(46) 
1(48) 

0.5238095238095238
precise=0.6050803730898988
recall=0.9691671964399237
F1score=0.7450213805742212

threshold=5.719999999999966
1(48) 1(48) 1(47) 1(48) 1(46) 1(45) 
1(48) 1(47) 1(48) 1(47) 1(46) 
1(47) 1(48) 1(47) 1(45) 
1(47) 1(46) 1(45) 
1(47) 1(46) 
1(48) 

0.5238095238095238
precise=0.6047430830039525
recall=0.9692746278112132
F1score=0.7447973713033954

threshold=5.739999999999966
1(48) 1(48) 1(47) 1(48) 1(46) 1(45) 
1(48) 1(47) 1(48) 1(47) 1(46) 
1(47) 1(48) 1(47) 1(45) 
1(47) 1(46) 1(45) 
1(47) 1(46) 
1(48) 

0.5238095238095238
precise=0.6044085809879944
recall=0.9693813131313131
F1score=0.7445751000121227

threshold=5.759999999999965
1(48) 1(48) 1(47) 1(48) 1(46) 1(45) 
1(48) 1(47) 1(48) 1(47) 1(46) 
1(47) 1(48) 1(47) 1(45) 
1(47) 1(46) 1(45) 
1(47) 1(46) 
1(48) 

0.5238095238095238
precise=0.6040768326146609
recall=0.9694872601446995
F1score=0.7443545465523488

threshold=5.779999999999965
1(48) 1(48) 1(47) 1(48) 1(46) 1(45) 
1(48) 1(47) 1(48) 1(47) 1(46) 
1(47) 1(48) 1(47) 1(45) 
1(47) 1(46) 1(45) 
1(47) 1(46) 
1(48) 

0.5238095238095238
precise=0.6037478040210814
recall=0.9695924764890282
F1score=0.7441356910862504

threshold=5.799999999999964
1(48) 1(48) 1(47) 1(48) 1(46) 1(45) 
1(48) 1(47) 1(48) 1(47) 1(46) 
1(47) 1(48) 1(47) 1(45) 
1(47) 1(46) 1(45) 
1(47) 1(46) 
1(48) 

0.5238095238095238
precise=0.6034214618973561
recall=0.9696969696969697
F1score=0.7439185140802876

threshold=5.819999999999964
1(48) 1(48) 1(47) 1(48) 1(46) 1(45) 
1(48) 1(47) 1(48) 1(47) 1(46) 
1(47) 1(48) 1(47) 1(45) 
1(47) 1(46) 1(45) 
1(47) 1(46) 
1(48) 

0.5238095238095238
precise=0.6030977734753146
recall=0.9698007471980075
F1score=0.7437029962993912

threshold=5.839999999999963
1(48) 1(48) 1(47) 1(48) 1(46) 1(45) 
1(48) 1(47) 1(48) 1(47) 1(46) 
1(47) 1(48) 1(47) 1(45) 
1(47) 1(46) 1(45) 
1(47) 1(46) 
1(48) 

0.5238095238095238
precise=0.6027767065175472
recall=0.9699038163201986
F1score=0.7434891188012843

threshold=5.859999999999963
1(48) 1(48) 1(47) 1(48) 1(46) 1(45) 
1(48) 1(47) 1(48) 1(47) 1(46) 
1(47) 1(48) 1(47) 1(45) 
1(47) 1(46) 1(45) 
1(47) 1(46) 
1(48) 

0.5238095238095238
precise=0.6024582293067026
recall=0.9700061842918986
F1score=0.7432768629309323

threshold=5.879999999999963
1(48) 1(48) 1(47) 1(48) 1(46) 1(45) 
1(48) 1(47) 1(48) 1(47) 1(46) 
1(47) 1(48) 1(47) 1(45) 
1(47) 1(46) 1(45) 
1(47) 1(46) 
1(48) 

0.5238095238095238
precise=0.6021423106350421
recall=0.9701078582434515
F1score=0.7430662103151187

threshold=5.899999999999962
1(48) 1(48) 1(47) 1(48) 1(46) 1(45) 
1(48) 1(47) 1(48) 1(47) 1(46) 
1(47) 1(48) 1(47) 1(45) 
1(47) 1(46) 1(45) 
1(47) 1(46) 
1(48) 

0.5238095238095238
precise=0.6018289197942466
recall=0.9702088452088452
F1score=0.7428571428571429

threshold=5.919999999999962
1(48) 1(48) 1(47) 1(48) 1(47) 1(45) 
1(48) 1(47) 1(48) 1(47) 1(46) 
1(47) 1(48) 1(47) 1(45) 
1(47) 1(46) 1(45) 
1(47) 1(46) 
1(48) 

0.5238095238095238
precise=0.6015180265654649
recall=0.9703091521273339
F1score=0.7426496427316388

threshold=5.939999999999961
1(48) 1(48) 1(47) 1(48) 1(47) 1(45) 
1(48) 1(47) 1(48) 1(47) 1(46) 
1(47) 1(48) 1(47) 1(45) 
1(47) 1(46) 1(45) 
1(47) 1(46) 
1(48) 

0.5238095238095238
precise=0.6012096012096012
recall=0.9704087858450274
F1score=0.7424436923795076

threshold=5.959999999999961
1(48) 1(48) 1(47) 1(48) 1(47) 1(45) 
1(48) 1(47) 1(48) 1(47) 1(46) 
1(47) 1(48) 1(47) 1(45) 
1(47) 1(46) 1(45) 
1(47) 1(46) 
1(48) 

0.5238095238095238
precise=0.6009036144578314
recall=0.9705077531164488
F1score=0.7422392745029648

threshold=5.9799999999999605
1(48) 1(48) 1(47) 1(48) 1(47) 1(45) 
1(48) 1(47) 1(48) 1(47) 1(46) 
1(47) 1(48) 1(47) 1(45) 
1(47) 1(46) 1(45) 
1(47) 1(46) 
1(48) 

0.5238095238095238
precise=0.6006000375023439
recall=0.9706060606060606
F1score=0.7420363720606973

threshold=5.99999999999996
1(48) 1(48) 1(47) 1(48) 1(47) 1(45) 
1(48) 1(47) 1(48) 1(47) 1(46) 
1(47) 1(48) 1(47) 1(45) 
1(47) 1(46) 1(45) 
1(47) 1(46) 
1(48) 

0.5238095238095238
precise=0.6002988419872992
recall=0.9707037148897614
F1score=0.7418349682631276

Max accuracy is 1.0 at threshold 0.6400000000000002
Max precise is 1.0 at threshold 0.04
Max recall is 0.9707037148897614 at threshold 5.99999999999996
Max F1score is 0.9000799360511591 at threshold 1.1800000000000006
