threshold=0.0
0(0) 0(0) 0(23) 0(0) 0(0) 0(0) 
0(0) 0(23) 0(0) 0(0) 0(0) 
0(23) 0(0) 0(0) 0(0) 
0(23) 0(23) 0(23) 
0(0) 0(0) 
0(0) 

0.47619047619047616
precise=0.5116783075244133
recall=0.0
F1score=0.0

threshold=0.0001
0(1) 0(0) 0(23) 0(1) 0(0) 0(1) 
0(1) 0(23) 0(2) 0(3) 0(3) 
0(23) 0(2) 0(8) 0(3) 
0(23) 0(23) 0(23) 
0(3) 0(7) 
0(2) 

0.47619047619047616
precise=0.5116783075244133
recall=0.0
F1score=0.0

threshold=0.0002
0(2) 0(0) 0(23) 0(1) 0(0) 0(1) 
0(1) 0(23) 0(6) 0(3) 0(5) 
0(23) 0(3) 0(9) 0(5) 
0(23) 0(23) 0(23) 
0(3) 0(10) 
0(3) 

0.47619047619047616
precise=0.5116783075244133
recall=0.0
F1score=0.0

threshold=0.00030000000000000003
0(3) 0(0) 0(23) 0(1) 0(0) 0(1) 
0(1) 0(23) 0(8) 0(3) 0(5) 
0(23) 0(3) 0(11) 0(5) 
0(23) 0(23) 0(23) 
0(3) 0(12) 
0(7) 

0.47619047619047616
precise=0.5116783075244133
recall=0.0
F1score=0.0

threshold=0.0004
0(4) 0(0) 0(24) 0(3) 0(0) 0(1) 
0(1) 0(23) 0(11) 0(3) 0(6) 
0(23) 0(4) 0(13) 0(9) 
0(23) 0(23) 0(23) 
0(6) 0(14) 
0(8) 

0.47619047619047616
precise=0.5116783075244133
recall=0.0
F1score=0.0

threshold=0.0005
0(5) 0(0) 0(24) 0(3) 0(0) 0(1) 
0(1) 0(23) 0(13) 0(3) 0(7) 
0(23) 0(5) 0(13) 0(11) 
0(23) 0(23) 0(23) 
0(7) 0(16) 
0(8) 

0.47619047619047616
precise=0.5116783075244133
recall=0.0
F1score=0.0

threshold=0.0006000000000000001
0(6) 0(0) 0(24) 0(3) 0(0) 0(2) 
0(1) 0(23) 0(15) 0(3) 0(7) 
0(23) 0(5) 0(17) 0(11) 
0(23) 0(23) 0(23) 
0(7) 0(18) 
0(8) 

0.47619047619047616
precise=0.5116783075244133
recall=0.0
F1score=0.0

threshold=0.0007000000000000001
0(6) 0(0) 0(26) 0(3) 0(0) 0(2) 
0(1) 0(23) 0(15) 0(3) 0(9) 
0(23) 0(5) 0(22) 0(14) 
0(23) 0(23) 0(23) 
0(8) 0(19) 
0(10) 

0.47619047619047616
precise=0.5116783075244133
recall=0.0
F1score=0.0

threshold=0.0008000000000000001
0(6) 0(0) 0(26) 0(3) 0(0) 0(2) 
0(1) 0(23) 0(17) 0(3) 0(9) 
0(23) 0(6) 0(24) 0(14) 
0(23) 0(23) 0(23) 
0(8) 0(20) 
0(10) 

0.47619047619047616
precise=0.5116783075244133
recall=0.0
F1score=0.0

threshold=0.0009000000000000002
0(7) 0(0) 0(26) 0(3) 0(0) 0(2) 
0(1) 0(23) 0(18) 0(3) 0(9) 
0(23) 0(6) 0(24) 0(14) 
0(23) 0(23) 0(23) 
0(8) 0(21) 
0(13) 

0.47619047619047616
precise=0.5116783075244133
recall=0.0
F1score=0.0

threshold=0.0010000000000000002
0(8) 0(0) 0(26) 0(3) 0(0) 0(2) 
0(1) 0(23) 0(18) 0(3) 0(9) 
0(23) 0(6) 0(28) 0(14) 
0(23) 0(23) 0(23) 
0(8) 0(22) 
0(15) 

0.47619047619047616
precise=0.5116783075244133
recall=0.0
F1score=0.0

threshold=0.0011000000000000003
0(8) 0(0) 0(26) 0(3) 0(0) 0(3) 
0(1) 0(23) 0(19) 0(3) 0(9) 
0(23) 0(7) 0(28) 0(14) 
0(23) 0(23) 0(23) 
0(8) 0(22) 
0(15) 

0.47619047619047616
precise=0.5116783075244133
recall=0.0
F1score=0.0

threshold=0.0012000000000000003
0(8) 0(0) 0(26) 0(3) 0(0) 0(3) 
0(1) 0(24) 0(20) 0(3) 0(9) 
0(23) 0(8) 0(29) 0(14) 
0(23) 0(23) 0(23) 
0(9) 0(22) 
0(16) 

0.47619047619047616
precise=0.5116783075244133
recall=0.0
F1score=0.0

threshold=0.0013000000000000004
0(8) 0(0) 0(26) 0(4) 0(0) 0(3) 
0(1) 0(24) 0(21) 0(3) 0(9) 
0(23) 0(9) 0(29) 0(16) 
0(23) 0(23) 0(23) 
0(9) 0(22) 
0(16) 

0.47619047619047616
precise=0.5116783075244133
recall=0.0
F1score=0.0

threshold=0.0014000000000000004
0(8) 0(0) 0(26) 0(4) 0(0) 0(3) 
0(1) 0(24) 0(22) 0(3) 0(9) 
0(23) 0(9) 0(30) 0(17) 
0(23) 0(23) 0(23) 
0(10) 0(24) 
0(16) 

0.47619047619047616
precise=0.5116783075244133
recall=0.0
F1score=0.0

threshold=0.0015000000000000005
0(8) 0(0) 0(26) 0(4) 0(0) 0(3) 
0(1) 0(24) 0(22) 0(3) 0(9) 
0(23) 0(10) 0(30) 0(17) 
0(23) 0(23) 0(23) 
0(11) 0(25) 
0(18) 

0.47619047619047616
precise=0.5116783075244133
recall=0.0
F1score=0.0

threshold=0.0016000000000000005
0(8) 0(0) 0(26) 0(4) 0(1) 0(3) 
0(1) 0(25) 0(22) 0(3) 0(10) 
0(23) 0(10) 0(30) 0(17) 
0(23) 0(23) 0(23) 
0(11) 0(25) 
0(21) 

0.47619047619047616
precise=0.5116783075244133
recall=0.0
F1score=0.0

threshold=0.0017000000000000006
0(8) 0(0) 0(27) 0(4) 0(1) 0(3) 
0(1) 0(25) 0(22) 0(3) 0(11) 
0(23) 0(10) 0(32) 0(18) 
0(23) 0(23) 0(23) 
0(11) 0(25) 
0(23) 

0.47619047619047616
precise=0.5116783075244133
recall=0.0
F1score=0.0

threshold=0.0018000000000000006
0(8) 0(0) 0(27) 0(4) 0(1) 0(3) 
0(1) 0(25) 0(22) 0(3) 0(11) 
0(23) 0(10) 0(32) 0(18) 
0(23) 0(23) 0(23) 
0(12) 0(26) 
0(23) 

0.47619047619047616
precise=0.5116783075244133
recall=0.0
F1score=0.0

threshold=0.0019000000000000006
0(8) 0(0) 0(28) 0(5) 0(1) 0(3) 
0(1) 0(25) 0(22) 0(3) 0(11) 
0(23) 0(11) 0(33) 0(19) 
0(23) 0(23) 0(23) 
0(13) 0(27) 
0(25) 

0.47619047619047616
precise=0.5116783075244133
recall=0.0
F1score=0.0

threshold=0.0020000000000000005
0(8) 0(0) 0(28) 0(5) 0(1) 0(3) 
0(2) 0(25) 0(22) 0(3) 0(11) 
0(23) 0(11) 1(34) 0(21) 
0(23) 0(23) 0(23) 
0(14) 0(27) 
0(26) 

0.42857142857142855
precise=0.0
recall=0.0
F1score=0.0

threshold=0.0021000000000000003
0(9) 0(0) 0(28) 0(5) 0(1) 0(3) 
0(2) 0(25) 0(22) 0(4) 0(11) 
0(23) 0(12) 1(34) 0(21) 
0(23) 0(23) 0(23) 
0(16) 0(27) 
0(27) 

0.42857142857142855
precise=0.0
recall=0.0
F1score=0.0

threshold=0.0022
0(9) 0(0) 0(28) 0(6) 0(1) 0(3) 
0(2) 0(25) 0(24) 0(4) 0(11) 
0(23) 0(12) 1(35) 0(21) 
0(23) 0(23) 0(23) 
0(16) 0(27) 
0(29) 

0.42857142857142855
precise=0.0
recall=0.0
F1score=0.0

threshold=0.0023
0(9) 0(0) 0(28) 0(6) 0(1) 0(3) 
0(3) 0(25) 0(24) 0(4) 0(12) 
0(23) 0(12) 1(35) 0(21) 
0(23) 0(23) 0(24) 
0(16) 0(27) 
0(31) 

0.42857142857142855
precise=0.0
recall=0.0
F1score=0.0

threshold=0.0024
0(10) 0(0) 0(29) 0(6) 0(1) 0(3) 
0(3) 0(25) 0(24) 0(4) 0(13) 
0(23) 0(12) 1(35) 0(21) 
0(23) 0(24) 0(24) 
0(16) 0(28) 
0(32) 

0.42857142857142855
precise=0.0
recall=0.0
F1score=0.0

threshold=0.0024999999999999996
0(10) 0(0) 0(29) 0(6) 0(1) 0(3) 
0(3) 0(25) 0(24) 0(4) 0(13) 
0(23) 0(12) 1(35) 0(21) 
0(23) 0(24) 0(24) 
0(16) 0(28) 
0(32) 

0.42857142857142855
precise=0.0
recall=0.0
F1score=0.0

threshold=0.0025999999999999994
0(10) 0(0) 0(30) 0(6) 0(1) 0(3) 
0(3) 0(25) 0(24) 0(4) 0(13) 
0(23) 0(12) 1(35) 0(21) 
0(23) 0(24) 0(24) 
0(16) 0(28) 
1(34) 

0.47619047619047616
precise=0.125
recall=0.003367003367003367
F1score=0.006557377049180328

threshold=0.0026999999999999993
0(10) 0(0) 0(30) 0(6) 0(1) 0(3) 
0(3) 0(25) 0(25) 0(4) 0(13) 
0(24) 0(12) 1(35) 0(21) 
0(23) 0(24) 0(24) 
0(16) 0(30) 
1(35) 

0.47619047619047616
precise=0.2
recall=0.006493506493506494
F1score=0.012578616352201259

threshold=0.002799999999999999
0(11) 0(0) 0(30) 0(6) 0(1) 0(3) 
0(3) 0(25) 0(26) 0(4) 0(13) 
0(24) 0(12) 1(35) 0(22) 
0(23) 0(24) 0(24) 
0(17) 0(31) 
1(37) 

0.47619047619047616
precise=0.25
recall=0.009404388714733543
F1score=0.01812688821752266

threshold=0.002899999999999999
0(11) 0(0) 0(30) 0(7) 0(1) 0(3) 
0(4) 0(25) 0(26) 0(4) 0(14) 
0(24) 0(13) 1(35) 0(24) 
0(23) 0(24) 0(24) 
0(17) 0(31) 
1(37) 

0.47619047619047616
precise=0.2857142857142857
recall=0.012121212121212121
F1score=0.023255813953488372

threshold=0.0029999999999999988
0(11) 0(0) 0(30) 0(7) 0(1) 0(3) 
0(4) 0(25) 0(28) 0(4) 0(15) 
0(24) 0(14) 1(36) 0(24) 
0(23) 0(24) 0(24) 
0(17) 0(31) 
1(37) 

0.47619047619047616
precise=0.3125
recall=0.01466275659824047
F1score=0.028011204481792718

threshold=0.0030999999999999986
0(11) 0(0) 0(30) 0(7) 0(2) 0(3) 
0(5) 0(25) 0(30) 0(5) 0(15) 
0(24) 0(14) 1(36) 0(24) 
0(23) 0(24) 0(24) 
0(18) 0(31) 
1(38) 

0.47619047619047616
precise=0.3333333333333333
recall=0.017045454545454544
F1score=0.032432432432432434

threshold=0.0031999999999999984
0(11) 0(0) 0(30) 0(7) 0(2) 0(3) 
0(5) 0(25) 0(30) 0(5) 0(16) 
0(24) 0(14) 1(36) 0(24) 
0(23) 0(24) 0(24) 
0(18) 0(32) 
1(40) 

0.47619047619047616
precise=0.35
recall=0.01928374655647383
F1score=0.03655352480417755

threshold=0.0032999999999999982
0(11) 0(0) 0(30) 0(7) 0(2) 0(3) 
0(5) 0(25) 0(30) 0(5) 0(16) 
0(24) 0(14) 1(36) 0(25) 
0(23) 0(24) 0(24) 
0(18) 0(32) 
1(40) 

0.47619047619047616
precise=0.36363636363636365
recall=0.0213903743315508
F1score=0.04040404040404041

threshold=0.003399999999999998
0(11) 0(0) 0(30) 0(7) 0(2) 0(3) 
0(5) 0(25) 0(31) 0(5) 0(16) 
0(24) 0(14) 1(36) 0(26) 
0(23) 0(24) 0(24) 
0(18) 0(32) 
1(40) 

0.47619047619047616
precise=0.375
recall=0.023376623376623377
F1score=0.044009779951100246

threshold=0.003499999999999998
0(11) 0(0) 0(30) 0(7) 0(2) 0(3) 
0(5) 0(25) 0(31) 0(5) 0(16) 
0(24) 0(14) 1(36) 0(26) 
0(23) 0(24) 0(24) 
0(19) 0(33) 
1(41) 

0.47619047619047616
precise=0.38461538461538464
recall=0.025252525252525252
F1score=0.04739336492890995

threshold=0.0035999999999999977
0(11) 0(0) 0(30) 0(8) 0(2) 0(3) 
0(5) 0(25) 0(32) 0(7) 0(16) 
0(24) 0(14) 1(36) 0(26) 
0(23) 0(24) 0(24) 
0(19) 1(36) 
1(41) 

0.42857142857142855
precise=0.3793103448275862
recall=0.02702702702702703
F1score=0.05045871559633028

threshold=0.0036999999999999976
0(11) 0(0) 0(30) 0(8) 0(2) 0(4) 
0(5) 0(25) 0(33) 0(7) 0(18) 
0(24) 0(14) 1(36) 0(27) 
0(23) 0(24) 0(24) 
0(19) 1(36) 
1(41) 

0.42857142857142855
precise=0.375
recall=0.028708133971291867
F1score=0.05333333333333334

threshold=0.0037999999999999974
0(11) 0(1) 0(30) 0(8) 0(2) 0(4) 
0(5) 0(25) 0(33) 0(7) 0(18) 
0(24) 0(14) 1(37) 0(27) 
0(23) 0(24) 0(24) 
0(19) 1(36) 
1(41) 

0.42857142857142855
precise=0.37142857142857144
recall=0.030303030303030304
F1score=0.05603448275862069

threshold=0.0038999999999999972
0(11) 0(1) 0(30) 0(9) 0(2) 0(4) 
0(5) 0(25) 0(33) 0(7) 0(19) 
0(24) 0(14) 1(37) 0(27) 
0(23) 0(24) 0(24) 
0(19) 1(37) 
1(41) 

0.42857142857142855
precise=0.3684210526315789
recall=0.031818181818181815
F1score=0.058577405857740586

threshold=0.0039999999999999975
0(11) 0(1) 0(30) 0(9) 0(2) 0(4) 
0(5) 0(25) 0(33) 0(8) 0(19) 
0(24) 0(15) 1(38) 0(27) 
0(23) 0(24) 0(24) 
0(20) 1(38) 
1(43) 

0.42857142857142855
precise=0.36585365853658536
recall=0.03325942350332594
F1score=0.06097560975609756

threshold=0.004099999999999998
0(12) 0(1) 0(30) 0(9) 0(2) 0(4) 
0(5) 0(25) 0(33) 0(8) 0(20) 
0(24) 0(15) 1(38) 0(27) 
0(23) 0(24) 0(24) 
0(21) 1(38) 
1(43) 

0.42857142857142855
precise=0.36363636363636365
recall=0.03463203463203463
F1score=0.06324110671936758

threshold=0.004199999999999998
0(12) 0(1) 0(30) 0(9) 0(2) 0(4) 
0(5) 0(25) 0(33) 0(8) 0(20) 
0(24) 0(15) 1(38) 0(27) 
0(23) 0(24) 0(24) 
0(21) 1(38) 
1(43) 

0.42857142857142855
precise=0.3617021276595745
recall=0.035940803382663845
F1score=0.06538461538461539

threshold=0.004299999999999998
0(12) 0(1) 0(30) 0(9) 0(2) 0(4) 
0(5) 0(25) 0(33) 0(8) 0(21) 
0(24) 0(16) 1(39) 0(27) 
0(23) 0(24) 0(24) 
0(23) 1(38) 
1(44) 

0.42857142857142855
precise=0.36
recall=0.0371900826446281
F1score=0.06741573033707865

threshold=0.0043999999999999985
0(12) 0(1) 0(30) 0(9) 0(2) 0(4) 
0(5) 0(25) 0(33) 0(8) 0(21) 
0(24) 0(16) 1(39) 0(27) 
0(23) 0(24) 0(24) 
0(23) 1(38) 
1(44) 

0.42857142857142855
precise=0.3584905660377358
recall=0.03838383838383838
F1score=0.06934306569343066

threshold=0.004499999999999999
0(12) 0(1) 0(30) 0(9) 0(2) 0(5) 
0(5) 0(25) 1(34) 0(8) 0(21) 
0(24) 0(16) 1(39) 0(27) 
0(23) 0(24) 0(24) 
0(23) 1(38) 
1(44) 

0.47619047619047616
precise=0.3684210526315789
recall=0.041501976284584984
F1score=0.07460035523978685

threshold=0.004599999999999999
0(12) 0(1) 0(30) 0(9) 0(2) 0(6) 
0(5) 0(26) 1(34) 0(8) 0(21) 
0(24) 0(16) 1(39) 0(27) 
0(24) 0(24) 0(24) 
0(23) 1(38) 
1(44) 

0.47619047619047616
precise=0.3770491803278688
recall=0.04448742746615087
F1score=0.07958477508650519

threshold=0.004699999999999999
0(12) 0(1) 0(30) 0(9) 0(2) 0(6) 
0(5) 0(26) 1(34) 0(8) 0(21) 
0(24) 0(16) 1(39) 0(27) 
0(24) 0(24) 0(24) 
0(25) 1(38) 
1(44) 

0.47619047619047616
precise=0.38461538461538464
recall=0.04734848484848485
F1score=0.08431703204047218

threshold=0.0048
0(12) 0(1) 0(30) 0(9) 0(2) 0(6) 
0(6) 0(27) 1(34) 0(8) 0(21) 
0(24) 0(16) 1(39) 0(27) 
0(24) 0(24) 0(24) 
0(25) 1(38) 
1(44) 

0.47619047619047616
precise=0.391304347826087
recall=0.05009276437847866
F1score=0.08881578947368421

threshold=0.0049
0(12) 0(1) 0(30) 0(9) 0(2) 0(6) 
0(6) 0(27) 1(35) 0(8) 0(21) 
0(24) 0(16) 1(39) 0(27) 
0(24) 0(24) 0(24) 
0(25) 1(39) 
1(44) 

0.47619047619047616
precise=0.3972602739726027
recall=0.05272727272727273
F1score=0.09309791332263243

threshold=0.005
0(12) 0(1) 0(30) 0(9) 0(2) 0(6) 
0(6) 0(27) 1(36) 0(8) 0(21) 
0(24) 0(16) 1(40) 0(27) 
0(24) 0(24) 0(25) 
0(25) 1(40) 
1(45) 

0.47619047619047616
precise=0.4025974025974026
recall=0.05525846702317291
F1score=0.09717868338557993

threshold=0.0051
0(12) 0(1) 0(30) 0(9) 0(2) 0(6) 
0(6) 0(27) 1(36) 0(9) 0(21) 
0(24) 0(16) 1(40) 0(27) 
0(24) 0(24) 0(25) 
0(25) 1(40) 
1(45) 

0.47619047619047616
precise=0.4074074074074074
recall=0.057692307692307696
F1score=0.10107197549770292

threshold=0.005200000000000001
0(12) 0(1) 0(30) 0(10) 0(2) 0(6) 
0(6) 0(27) 1(36) 0(9) 0(21) 
0(24) 0(17) 1(40) 0(29) 
0(25) 0(24) 0(25) 
0(25) 1(40) 
1(45) 

0.47619047619047616
precise=0.4117647058823529
recall=0.060034305317324184
F1score=0.10479041916167664

threshold=0.005300000000000001
0(12) 0(1) 0(30) 0(10) 0(2) 0(6) 
0(6) 0(27) 1(36) 0(10) 0(21) 
0(24) 0(17) 1(41) 0(29) 
0(25) 0(24) 0(25) 
0(25) 1(40) 
1(45) 

0.47619047619047616
precise=0.4157303370786517
recall=0.06228956228956229
F1score=0.10834553440702782

threshold=0.005400000000000001
0(12) 0(1) 0(30) 0(10) 0(2) 0(6) 
0(6) 0(27) 1(36) 0(10) 0(21) 
0(24) 0(17) 1(41) 0(29) 
0(25) 0(24) 0(25) 
0(25) 1(40) 
1(45) 

0.47619047619047616
precise=0.41935483870967744
recall=0.06446280991735537
F1score=0.11174785100286533

threshold=0.005500000000000001
0(12) 0(1) 0(30) 0(10) 0(2) 0(6) 
0(7) 0(27) 1(36) 0(10) 0(22) 
0(24) 0(17) 1(41) 0(29) 
0(25) 0(24) 0(25) 
0(25) 1(40) 
1(45) 

0.47619047619047616
precise=0.422680412371134
recall=0.06655844155844155
F1score=0.1150070126227209

threshold=0.005600000000000002
0(13) 0(1) 0(30) 0(10) 0(2) 0(6) 
0(7) 0(27) 1(38) 0(10) 0(22) 
0(24) 0(17) 1(41) 0(29) 
0(25) 0(24) 0(25) 
0(25) 1(40) 
1(45) 

0.47619047619047616
precise=0.42574257425742573
recall=0.0685805422647528
F1score=0.11813186813186813

threshold=0.005700000000000002
0(13) 0(1) 0(30) 0(10) 0(3) 0(6) 
0(7) 0(27) 1(38) 0(10) 0(22) 
0(24) 0(17) 1(42) 0(29) 
0(25) 0(24) 0(25) 
0(25) 1(40) 
1(47) 

0.47619047619047616
precise=0.42857142857142855
recall=0.07053291536050156
F1score=0.12113055181695828

threshold=0.005800000000000002
0(13) 0(1) 0(30) 0(10) 0(3) 0(6) 
0(7) 0(27) 1(38) 0(10) 0(22) 
0(24) 0(17) 1(42) 0(30) 
0(25) 0(24) 0(25) 
0(25) 1(40) 
1(47) 

0.47619047619047616
precise=0.43119266055045874
recall=0.0724191063174114
F1score=0.12401055408970976

threshold=0.0059000000000000025
0(14) 0(1) 0(30) 0(10) 0(3) 0(6) 
0(7) 0(27) 1(38) 0(10) 0(22) 
0(24) 0(17) 1(43) 0(30) 
0(25) 0(24) 0(25) 
0(26) 1(40) 
1(47) 

0.47619047619047616
precise=0.4336283185840708
recall=0.07424242424242425
F1score=0.12677878395860284

threshold=0.006000000000000003
0(14) 0(1) 0(30) 0(10) 0(3) 0(6) 
0(7) 0(27) 1(38) 0(10) 0(22) 
0(24) 0(18) 1(43) 0(31) 
0(25) 0(24) 0(25) 
0(26) 1(40) 
1(47) 

0.47619047619047616
precise=0.4358974358974359
recall=0.07600596125186289
F1score=0.12944162436548223

threshold=0.006100000000000003
0(14) 0(1) 0(30) 0(10) 0(3) 0(6) 
0(7) 0(27) 1(38) 0(11) 0(22) 
0(24) 0(18) 1(43) 0(31) 
0(25) 0(24) 0(25) 
0(26) 1(40) 
1(47) 

0.47619047619047616
precise=0.4380165289256198
recall=0.07771260997067449
F1score=0.1320049813200498

threshold=0.006200000000000003
0(14) 0(1) 0(30) 0(10) 0(3) 0(6) 
0(7) 0(27) 1(38) 0(11) 0(22) 
0(24) 0(18) 1(43) 0(31) 
0(25) 0(24) 0(25) 
0(26) 1(40) 
1(47) 

0.47619047619047616
precise=0.44
recall=0.07936507936507936
F1score=0.13447432762836187

threshold=0.0063000000000000035
0(14) 0(1) 0(30) 0(10) 0(3) 0(7) 
0(7) 0(27) 1(38) 0(12) 0(22) 
0(24) 0(19) 1(43) 0(32) 
0(25) 0(24) 0(25) 
0(26) 1(40) 
1(48) 

0.47619047619047616
precise=0.4418604651162791
recall=0.08096590909090909
F1score=0.1368547418967587

threshold=0.006400000000000004
0(14) 0(1) 0(30) 0(11) 0(3) 0(7) 
0(7) 0(27) 1(38) 0(12) 0(22) 
0(24) 0(19) 1(43) 1(34) 
0(25) 0(24) 0(25) 
0(26) 1(40) 
1(48) 

0.42857142857142855
precise=0.44029850746268656
recall=0.08251748251748252
F1score=0.13898704358068315

threshold=0.006500000000000004
0(14) 0(1) 0(30) 0(11) 0(3) 0(7) 
0(7) 0(27) 1(38) 0(12) 0(23) 
0(24) 0(19) 1(43) 1(35) 
0(25) 0(24) 0(25) 
0(26) 1(41) 
1(48) 

0.42857142857142855
precise=0.43884892086330934
recall=0.08402203856749312
F1score=0.14104046242774568

threshold=0.006600000000000004
0(14) 0(1) 0(30) 0(11) 0(3) 0(7) 
0(7) 0(27) 1(38) 0(12) 0(24) 
0(24) 0(19) 1(43) 1(35) 
0(25) 0(24) 0(25) 
0(26) 1(41) 
1(48) 

0.42857142857142855
precise=0.4375
recall=0.08548168249660787
F1score=0.14301929625425652

threshold=0.0067000000000000046
0(14) 0(1) 0(30) 0(11) 0(3) 0(7) 
0(7) 0(27) 1(38) 0(12) 0(26) 
0(24) 0(20) 1(44) 1(36) 
0(25) 0(24) 0(25) 
0(27) 1(41) 
1(48) 

0.42857142857142855
precise=0.436241610738255
recall=0.08689839572192513
F1score=0.14492753623188406

threshold=0.006800000000000005
0(15) 0(1) 0(30) 0(11) 0(3) 0(7) 
0(7) 0(27) 1(38) 0(12) 0(26) 
0(24) 0(20) 1(44) 1(36) 
0(25) 0(24) 0(25) 
0(27) 1(41) 
1(48) 

0.42857142857142855
precise=0.43506493506493504
recall=0.08827404479578392
F1score=0.14676889375684557

threshold=0.006900000000000005
0(15) 0(1) 0(30) 0(11) 0(3) 0(7) 
0(7) 0(27) 1(38) 0(12) 0(26) 
0(24) 0(20) 1(44) 1(37) 
0(25) 0(24) 0(25) 
0(27) 1(41) 
1(48) 

0.42857142857142855
precise=0.4339622641509434
recall=0.08961038961038961
F1score=0.14854682454251883

threshold=0.007000000000000005
0(15) 0(1) 0(30) 0(11) 0(3) 0(7) 
0(7) 0(27) 1(38) 0(12) 0(26) 
0(24) 0(20) 1(44) 1(37) 
0(25) 0(24) 0(25) 
0(27) 1(41) 
1(48) 

0.42857142857142855
precise=0.4329268292682927
recall=0.09090909090909091
F1score=0.15026455026455027

threshold=0.007100000000000006
0(15) 0(1) 0(30) 0(11) 0(3) 0(7) 
0(7) 0(27) 1(38) 0(13) 0(26) 
0(24) 0(20) 1(44) 1(37) 
0(25) 0(24) 0(25) 
0(27) 1(41) 
1(48) 

0.42857142857142855
precise=0.4319526627218935
recall=0.09217171717171717
F1score=0.15192507804370448

threshold=0.007200000000000006
0(15) 0(1) 0(30) 0(11) 0(3) 0(7) 
0(7) 0(27) 1(38) 0(13) 0(26) 
0(24) 0(21) 1(44) 1(37) 
0(25) 0(24) 0(25) 
0(28) 1(41) 
1(48) 

0.42857142857142855
precise=0.43103448275862066
recall=0.09339975093399751
F1score=0.1535312180143296

threshold=0.007300000000000006
0(15) 0(1) 0(31) 0(11) 0(3) 0(7) 
0(7) 0(27) 1(38) 0(13) 0(26) 
0(24) 0(21) 1(44) 1(37) 
0(25) 0(24) 0(25) 
0(29) 1(41) 
1(48) 

0.42857142857142855
precise=0.4301675977653631
recall=0.0945945945945946
F1score=0.15508559919436052

threshold=0.007400000000000006
0(15) 0(1) 0(31) 0(11) 0(3) 0(7) 
0(7) 0(27) 1(39) 0(13) 0(26) 
0(24) 0(22) 1(44) 1(37) 
0(25) 0(24) 0(25) 
0(29) 1(41) 
1(48) 

0.42857142857142855
precise=0.42934782608695654
recall=0.09575757575757576
F1score=0.1565906838453915

threshold=0.007500000000000007
0(15) 0(1) 0(31) 0(11) 0(3) 0(7) 
0(7) 0(27) 1(39) 0(13) 0(26) 
0(24) 0(22) 1(44) 1(37) 
0(25) 0(24) 0(25) 
0(29) 1(41) 
1(48) 

0.42857142857142855
precise=0.42857142857142855
recall=0.09688995215311005
F1score=0.15804878048780488

threshold=0.007600000000000007
0(15) 0(1) 0(31) 0(11) 0(3) 0(7) 
0(7) 0(27) 1(39) 0(13) 0(26) 
0(24) 0(22) 1(44) 1(37) 
0(25) 0(24) 0(25) 
0(30) 1(41) 
1(48) 

0.42857142857142855
precise=0.42783505154639173
recall=0.09799291617473435
F1score=0.15946205571565802

threshold=0.007700000000000007
0(15) 0(1) 0(31) 0(11) 0(3) 0(7) 
0(7) 0(27) 1(41) 0(14) 0(28) 
0(24) 0(22) 1(44) 1(37) 
0(25) 0(24) 0(25) 
0(30) 1(41) 
1(48) 

0.42857142857142855
precise=0.4271356783919598
recall=0.09906759906759907
F1score=0.1608325449385052

threshold=0.0078000000000000074
0(15) 0(1) 0(31) 0(11) 0(3) 0(7) 
0(7) 0(27) 1(41) 0(14) 0(28) 
0(24) 0(22) 1(44) 1(37) 
0(25) 0(24) 0(25) 
0(30) 1(41) 
1(48) 

0.42857142857142855
precise=0.4264705882352941
recall=0.1001150747986191
F1score=0.16216216216216217

threshold=0.007900000000000008
0(15) 0(1) 0(31) 0(11) 0(3) 0(7) 
0(7) 0(27) 1(41) 0(14) 0(28) 
0(24) 0(23) 1(44) 1(37) 
0(25) 0(24) 0(25) 
0(31) 1(41) 
1(48) 

0.42857142857142855
precise=0.4258373205741627
recall=0.10113636363636364
F1score=0.16345270890725436

threshold=0.008000000000000007
0(15) 0(1) 0(31) 0(11) 0(3) 0(7) 
0(7) 0(27) 1(41) 0(15) 0(28) 
0(24) 0(23) 1(44) 1(37) 
0(25) 0(24) 0(25) 
0(31) 1(41) 
1(48) 

0.42857142857142855
precise=0.4252336448598131
recall=0.10213243546576879
F1score=0.16470588235294117

threshold=0.008100000000000007
0(15) 0(1) 0(31) 0(11) 0(3) 0(7) 
0(7) 0(27) 1(41) 0(16) 0(29) 
0(24) 0(23) 1(44) 1(37) 
0(25) 0(24) 0(25) 
0(31) 1(41) 
1(48) 

0.42857142857142855
precise=0.4246575342465753
recall=0.10310421286031042
F1score=0.16592328278322926

threshold=0.008200000000000006
0(15) 0(1) 0(31) 0(11) 0(3) 0(7) 
0(8) 0(27) 1(41) 0(16) 0(30) 
0(24) 0(24) 1(44) 1(37) 
0(25) 0(24) 0(25) 
0(31) 1(41) 
1(48) 

0.42857142857142855
precise=0.42410714285714285
recall=0.10405257393209201
F1score=0.16710642040457344

threshold=0.008300000000000005
0(16) 0(1) 0(31) 0(12) 0(3) 0(7) 
0(8) 0(27) 1(41) 0(16) 0(30) 
0(25) 0(24) 1(44) 1(37) 
0(25) 0(24) 0(25) 
0(31) 1(41) 
1(48) 

0.42857142857142855
precise=0.42358078602620086
recall=0.10497835497835498
F1score=0.16825672159583693

threshold=0.008400000000000005
0(16) 0(1) 0(31) 0(12) 0(3) 0(7) 
0(8) 0(27) 1(41) 0(16) 0(31) 
0(25) 0(24) 1(44) 1(37) 
0(25) 0(24) 0(25) 
0(31) 1(41) 
1(48) 

0.42857142857142855
precise=0.4230769230769231
recall=0.10588235294117647
F1score=0.16937553464499572

threshold=0.008500000000000004
0(16) 0(1) 0(31) 0(12) 0(3) 0(7) 
0(8) 0(27) 1(41) 0(16) 0(31) 
0(25) 0(24) 1(44) 1(37) 
0(25) 0(24) 0(25) 
0(31) 1(41) 
1(48) 

0.42857142857142855
precise=0.4225941422594142
recall=0.10676532769556026
F1score=0.17046413502109706

threshold=0.008600000000000003
0(16) 0(1) 0(31) 0(13) 0(3) 0(7) 
0(9) 0(27) 1(41) 0(16) 0(31) 
0(25) 0(24) 1(44) 1(38) 
0(25) 0(24) 0(25) 
0(31) 1(41) 
1(48) 

0.42857142857142855
precise=0.42213114754098363
recall=0.10762800417972831
F1score=0.17152373022481265

threshold=0.008700000000000003
0(16) 0(1) 0(31) 0(13) 0(4) 0(7) 
0(9) 0(27) 1(41) 0(17) 0(31) 
0(25) 0(24) 1(44) 1(40) 
0(25) 0(24) 0(25) 
0(31) 1(41) 
1(48) 

0.42857142857142855
precise=0.42168674698795183
recall=0.10847107438016529
F1score=0.1725554642563681

threshold=0.008800000000000002
0(16) 0(1) 0(31) 0(13) 0(4) 0(7) 
0(9) 0(27) 1(41) 0(17) 0(31) 
0(25) 0(24) 1(44) 1(40) 
0(25) 0(24) 0(25) 
0(31) 1(41) 
1(48) 

0.42857142857142855
precise=0.421259842519685
recall=0.10929519918283963
F1score=0.1735604217356042

threshold=0.008900000000000002
0(16) 0(1) 0(31) 0(13) 0(4) 0(7) 
0(9) 0(27) 1(41) 0(17) 0(31) 
0(25) 0(25) 1(44) 1(40) 
0(25) 0(24) 0(25) 
0(31) 1(41) 
1(48) 

0.42857142857142855
precise=0.42084942084942084
recall=0.1101010101010101
F1score=0.1745396317053643

threshold=0.009000000000000001
0(17) 0(1) 0(31) 0(13) 0(4) 0(7) 
0(9) 0(27) 1(41) 0(17) 0(31) 
0(25) 0(25) 1(44) 1(40) 
0(25) 0(24) 0(25) 
0(31) 1(41) 
1(48) 

0.42857142857142855
precise=0.42045454545454547
recall=0.1108891108891109
F1score=0.17549407114624507

threshold=0.0091
0(17) 0(1) 0(31) 0(13) 0(4) 0(7) 
0(9) 0(27) 1(41) 0(18) 0(31) 
0(25) 0(25) 1(44) 1(40) 
0(25) 0(24) 0(25) 
0(31) 1(41) 
1(48) 

0.42857142857142855
precise=0.4200743494423792
recall=0.11166007905138339
F1score=0.17642466822794692

threshold=0.0092
0(17) 0(1) 0(31) 0(13) 0(4) 0(7) 
0(10) 0(27) 1(41) 0(19) 0(31) 
0(25) 0(25) 1(44) 1(40) 
0(25) 0(24) 0(25) 
0(31) 1(41) 
1(48) 

0.42857142857142855
precise=0.4197080291970803
recall=0.11241446725317693
F1score=0.17733230531996916

threshold=0.0093
0(17) 0(1) 0(31) 0(13) 0(4) 0(7) 
0(10) 0(27) 1(41) 0(19) 0(31) 
0(25) 0(25) 1(44) 1(40) 
0(25) 0(24) 0(25) 
0(31) 1(42) 
1(48) 

0.42857142857142855
precise=0.41935483870967744
recall=0.11315280464216634
F1score=0.1782178217821782

threshold=0.009399999999999999
0(17) 0(1) 0(31) 0(13) 0(4) 0(7) 
0(10) 0(27) 1(41) 0(19) 0(31) 
0(25) 0(26) 1(44) 1(40) 
0(25) 0(24) 0(25) 
0(31) 1(42) 
1(48) 

0.42857142857142855
precise=0.41901408450704225
recall=0.11387559808612441
F1score=0.17908201655379985

threshold=0.009499999999999998
0(18) 0(1) 0(31) 0(13) 0(4) 0(7) 
0(10) 0(27) 1(42) 0(19) 0(31) 
0(25) 0(27) 1(44) 1(40) 
0(25) 0(24) 0(25) 
0(31) 1(42) 
1(48) 

0.42857142857142855
precise=0.4186851211072664
recall=0.11458333333333333
F1score=0.17992565055762083

threshold=0.009599999999999997
0(18) 0(1) 0(31) 0(13) 0(4) 0(7) 
0(10) 0(27) 1(42) 0(20) 0(32) 
0(25) 0(27) 1(44) 1(40) 
0(25) 0(24) 0(25) 
0(31) 1(42) 
1(48) 

0.42857142857142855
precise=0.41836734693877553
recall=0.11527647610121837
F1score=0.1807494489346069

threshold=0.009699999999999997
0(18) 0(1) 0(31) 0(13) 0(4) 0(7) 
0(11) 0(27) 1(43) 0(20) 0(32) 
0(25) 0(27) 1(44) 1(41) 
0(25) 0(24) 0(25) 
0(31) 1(42) 
1(48) 

0.42857142857142855
precise=0.4180602006688963
recall=0.11595547309833024
F1score=0.18155410312273057

threshold=0.009799999999999996
0(18) 0(1) 0(31) 0(13) 0(4) 0(7) 
0(11) 0(27) 1(43) 0(20) 0(32) 
0(25) 0(27) 1(44) 1(41) 
0(25) 0(24) 0(25) 
0(31) 1(42) 
1(48) 

0.42857142857142855
precise=0.41776315789473684
recall=0.11662075298438934
F1score=0.1823402727925341

threshold=0.009899999999999996
0(18) 0(1) 0(31) 0(13) 0(4) 0(7) 
0(11) 0(27) 1(43) 0(20) 0(33) 
0(25) 0(27) 1(44) 1(41) 
0(25) 0(24) 0(25) 
0(31) 1(42) 
1(48) 

0.42857142857142855
precise=0.4174757281553398
recall=0.11727272727272728
F1score=0.18310858765081617

threshold=0.009999999999999995
0(18) 0(1) 0(31) 0(13) 0(4) 0(7) 
0(11) 0(27) 1(43) 0(20) 0(33) 
0(25) 0(27) 1(44) 1(41) 
0(25) 0(24) 0(25) 
0(31) 1(42) 
1(48) 

0.42857142857142855
precise=0.4171974522292994
recall=0.11791179117911792
F1score=0.18385964912280703

threshold=0.010099999999999994
0(18) 0(1) 0(31) 0(14) 0(4) 0(7) 
0(11) 0(27) 1(43) 0(21) 0(33) 
0(25) 0(27) 1(44) 1(41) 
0(25) 0(24) 0(25) 
0(32) 1(43) 
1(48) 

0.42857142857142855
precise=0.4169278996865204
recall=0.11853832442067737
F1score=0.1845940319222762

threshold=0.010199999999999994
0(18) 0(1) 0(31) 0(14) 0(4) 0(7) 
0(12) 0(27) 1(43) 0(21) 0(33) 
0(25) 0(27) 1(44) 1(41) 
0(25) 0(24) 0(25) 
0(32) 1(43) 
1(48) 

0.42857142857142855
precise=0.4166666666666667
recall=0.11915269196822595
F1score=0.18531228551818807

threshold=0.010299999999999993
0(18) 0(1) 0(31) 0(14) 0(4) 0(7) 
0(12) 0(27) 1(43) 0(21) 0(33) 
0(25) 0(28) 1(44) 1(41) 
0(25) 0(24) 0(25) 
1(34) 1(44) 
1(48) 

0.38095238095238093
precise=0.41515151515151516
recall=0.11975524475524475
F1score=0.18588873812754408

threshold=0.010399999999999993
0(18) 0(1) 0(31) 0(14) 0(4) 0(7) 
0(13) 0(28) 1(43) 0(21) 0(33) 
0(25) 0(28) 1(44) 1(41) 
0(25) 0(24) 0(25) 
1(34) 1(44) 
1(48) 

0.38095238095238093
precise=0.41369047619047616
recall=0.12034632034632034
F1score=0.18645204560697518

threshold=0.010499999999999992
0(18) 0(1) 0(31) 0(14) 0(4) 0(7) 
0(13) 0(28) 1(43) 0(21) 0(33) 
0(25) 0(29) 1(44) 1(41) 
0(25) 0(24) 0(25) 
1(34) 1(44) 
1(48) 

0.38095238095238093
precise=0.41228070175438597
recall=0.120926243567753
F1score=0.1870026525198939

threshold=0.010599999999999991
0(18) 0(1) 0(32) 0(14) 0(4) 0(7) 
0(13) 0(28) 1(43) 0(21) 0(33) 
0(25) 0(29) 1(44) 1(41) 
0(25) 0(24) 0(25) 
1(34) 1(44) 
1(48) 

0.38095238095238093
precise=0.4109195402298851
recall=0.12149532710280374
F1score=0.18754098360655738

threshold=0.01069999999999999
0(18) 0(1) 0(32) 0(14) 0(4) 0(7) 
0(13) 0(28) 1(43) 0(21) 0(33) 
0(25) 0(29) 1(45) 1(41) 
0(25) 0(24) 0(25) 
1(34) 1(44) 
1(48) 

0.38095238095238093
precise=0.4096045197740113
recall=0.12205387205387205
F1score=0.1880674448767834

threshold=0.01079999999999999
0(18) 0(1) 0(32) 0(14) 0(4) 0(7) 
0(13) 0(28) 1(43) 0(21) 0(33) 
0(25) 0(30) 1(45) 1(41) 
0(25) 0(24) 0(25) 
1(34) 1(44) 
1(48) 

0.38095238095238093
precise=0.4083333333333333
recall=0.12260216847372811
F1score=0.18858242463117383

threshold=0.01089999999999999
0(18) 0(1) 0(32) 0(14) 0(4) 0(7) 
0(13) 0(28) 1(43) 0(21) 0(33) 
0(25) 0(30) 1(45) 1(41) 
0(25) 0(25) 0(25) 
1(35) 1(44) 
1(48) 

0.38095238095238093
precise=0.40710382513661203
recall=0.1231404958677686
F1score=0.18908629441624367

threshold=0.010999999999999989
0(18) 0(1) 0(32) 0(14) 0(4) 0(7) 
0(13) 0(28) 1(43) 0(21) 0(33) 
0(25) 0(30) 1(45) 1(41) 
0(25) 0(25) 0(25) 
1(35) 1(44) 
1(48) 

0.38095238095238093
precise=0.40591397849462363
recall=0.12366912366912367
F1score=0.18957940991839298

threshold=0.011099999999999988
0(19) 0(1) 0(32) 0(14) 0(4) 0(8) 
0(13) 0(28) 1(43) 0(21) 0(33) 
0(25) 0(30) 1(45) 1(41) 
0(25) 0(25) 0(25) 
1(36) 1(45) 
1(48) 

0.38095238095238093
precise=0.40476190476190477
recall=0.1241883116883117
F1score=0.19006211180124225

threshold=0.011199999999999988
0(19) 0(1) 0(32) 0(14) 0(4) 0(8) 
0(14) 0(28) 1(43) 0(21) 0(33) 
0(25) 0(30) 1(45) 1(42) 
0(25) 0(25) 0(25) 
1(36) 1(45) 
1(48) 

0.38095238095238093
precise=0.4036458333333333
recall=0.1246983105390185
F1score=0.19053472649047326

threshold=0.011299999999999987
0(19) 0(1) 0(32) 0(14) 0(4) 0(8) 
0(14) 0(28) 1(43) 0(21) 0(33) 
0(25) 0(30) 1(45) 1(42) 
0(25) 0(25) 0(25) 
1(36) 1(46) 
1(48) 

0.38095238095238093
precise=0.4025641025641026
recall=0.1251993620414673
F1score=0.19099756690997566

threshold=0.011399999999999987
0(19) 0(1) 0(32) 0(14) 0(4) 0(8) 
0(14) 0(28) 1(43) 0(21) 0(33) 
0(25) 0(30) 1(45) 1(42) 
0(25) 0(25) 0(25) 
1(37) 1(46) 
1(48) 

0.38095238095238093
precise=0.4015151515151515
recall=0.12569169960474308
F1score=0.19145093317278747

threshold=0.011499999999999986
0(20) 0(1) 0(32) 0(14) 0(4) 0(8) 
0(14) 0(28) 1(43) 0(21) 0(33) 
0(25) 0(31) 1(45) 1(42) 
0(25) 0(25) 0(25) 
1(37) 1(46) 
1(48) 

0.38095238095238093
precise=0.40049751243781095
recall=0.12617554858934169
F1score=0.19189511323003575

threshold=0.011599999999999985
0(20) 0(1) 0(32) 0(14) 0(4) 0(8) 
0(14) 0(28) 1(44) 0(21) 0(33) 
0(25) 0(31) 1(46) 1(42) 
0(25) 0(25) 0(25) 
1(37) 1(46) 
1(48) 

0.38095238095238093
precise=0.39950980392156865
recall=0.12665112665112666
F1score=0.19233038348082596

threshold=0.011699999999999985
0(20) 0(1) 0(32) 0(14) 0(5) 0(8) 
0(14) 0(28) 1(44) 0(21) 0(33) 
0(25) 0(32) 1(46) 1(42) 
0(25) 0(25) 0(25) 
1(37) 1(46) 
1(48) 

0.38095238095238093
precise=0.39855072463768115
recall=0.1271186440677966
F1score=0.1927570093457944

threshold=0.011799999999999984
0(20) 0(1) 0(32) 0(14) 0(5) 0(8) 
0(16) 0(28) 1(44) 0(21) 1(34) 
0(25) 0(32) 1(47) 1(42) 
0(25) 0(25) 0(25) 
1(37) 1(46) 
1(48) 

0.3333333333333333
precise=0.39667458432304037
recall=0.12757830404889228
F1score=0.1930635838150289

threshold=0.011899999999999984
0(20) 0(1) 0(32) 0(14) 0(5) 0(8) 
0(16) 0(28) 1(44) 0(21) 1(34) 
0(25) 0(32) 1(47) 1(42) 
0(25) 0(25) 0(25) 
1(37) 1(46) 
1(48) 

0.3333333333333333
precise=0.39485981308411217
recall=0.12803030303030302
F1score=0.19336384439359267

threshold=0.011999999999999983
0(20) 0(1) 0(32) 0(14) 0(5) 0(8) 
0(16) 0(29) 1(45) 0(21) 1(34) 
0(25) 0(32) 1(47) 1(42) 
0(25) 0(25) 0(25) 
1(37) 1(46) 
1(48) 

0.3333333333333333
precise=0.3931034482758621
recall=0.1284748309541698
F1score=0.19365798414496035

threshold=0.012099999999999982
0(20) 0(1) 0(32) 0(14) 0(5) 0(8) 
0(17) 0(29) 1(45) 0(21) 1(34) 
0(25) 0(32) 1(47) 1(42) 
0(25) 0(25) 0(25) 
1(37) 1(47) 
1(48) 

0.3333333333333333
precise=0.3914027149321267
recall=0.12891207153502235
F1score=0.19394618834080718

threshold=0.012199999999999982
0(20) 0(1) 0(32) 0(14) 0(5) 0(8) 
0(17) 0(29) 1(45) 0(21) 1(35) 
0(25) 0(33) 1(47) 1(43) 
0(25) 0(25) 0(25) 
1(37) 1(47) 
1(48) 

0.3333333333333333
precise=0.3897550111358575
recall=0.1293422025129342
F1score=0.19422863485016648

threshold=0.012299999999999981
0(20) 0(1) 0(32) 0(14) 0(5) 0(9) 
0(17) 0(29) 1(45) 0(21) 1(35) 
0(25) 0(33) 1(47) 1(43) 
0(25) 0(25) 0(25) 
1(37) 1(47) 
1(48) 

0.3333333333333333
precise=0.3881578947368421
recall=0.12976539589442815
F1score=0.1945054945054945

threshold=0.01239999999999998
0(21) 0(1) 0(32) 0(14) 0(5) 0(9) 
0(17) 0(29) 1(45) 0(21) 1(35) 
0(25) 0(33) 1(47) 1(43) 
0(25) 0(25) 0(25) 
1(38) 1(47) 
1(48) 

0.3333333333333333
precise=0.38660907127429806
recall=0.13018181818181818
F1score=0.19477693144722524

threshold=0.01249999999999998
0(21) 0(1) 0(32) 0(14) 0(5) 0(9) 
0(18) 0(29) 1(45) 0(21) 1(36) 
0(25) 0(33) 1(47) 1(43) 
0(25) 0(25) 0(25) 
1(38) 1(47) 
1(48) 

0.3333333333333333
precise=0.3851063829787234
recall=0.1305916305916306
F1score=0.19504310344827586

threshold=0.01259999999999998
0(21) 0(1) 0(33) 0(14) 0(5) 0(9) 
0(18) 0(29) 1(45) 0(21) 1(36) 
0(25) 0(33) 1(47) 1(43) 
0(25) 0(25) 0(25) 
1(38) 1(47) 
1(48) 

0.3333333333333333
precise=0.3836477987421384
recall=0.1309949892627058
F1score=0.19530416221985059

threshold=0.012699999999999979
0(22) 0(1) 0(33) 0(14) 0(5) 0(9) 
0(18) 0(29) 1(45) 0(22) 1(37) 
0(25) 0(33) 1(47) 1(43) 
0(25) 0(25) 0(25) 
1(38) 1(47) 
1(48) 

0.3333333333333333
precise=0.3822314049586777
recall=0.13139204545454544
F1score=0.19556025369978858

threshold=0.012799999999999978
0(22) 0(1) 0(33) 0(14) 0(5) 0(9) 
0(18) 0(29) 1(45) 0(22) 1(37) 
0(25) 0(33) 1(47) 1(43) 
0(25) 0(25) 0(25) 
1(38) 1(47) 
1(48) 

0.3333333333333333
precise=0.38085539714867617
recall=0.13178294573643412
F1score=0.19581151832460733

threshold=0.012899999999999977
0(22) 0(1) 0(33) 0(14) 0(5) 0(9) 
0(18) 0(29) 1(45) 0(22) 1(37) 
0(25) 0(33) 1(47) 1(43) 
0(25) 0(25) 0(25) 
1(38) 1(47) 
1(48) 

0.3333333333333333
precise=0.3795180722891566
recall=0.13216783216783218
F1score=0.19605809128630705

threshold=0.012999999999999977
0(22) 0(1) 0(33) 0(14) 0(5) 0(9) 
0(18) 0(29) 1(45) 0(22) 1(37) 
0(25) 0(33) 1(47) 1(43) 
0(25) 0(25) 0(25) 
1(38) 1(47) 
1(48) 

0.3333333333333333
precise=0.3782178217821782
recall=0.1325468424705066
F1score=0.1963001027749229

threshold=0.013099999999999976
0(22) 0(1) 0(33) 0(14) 0(5) 0(9) 
0(18) 0(29) 1(45) 0(22) 1(37) 
0(25) 0(33) 1(47) 1(43) 
0(25) 0(25) 0(25) 
1(38) 1(47) 
1(48) 

0.3333333333333333
precise=0.376953125
recall=0.13292011019283748
F1score=0.19653767820773932

threshold=0.013199999999999976
0(22) 0(1) 0(33) 0(14) 0(5) 0(9) 
0(18) 0(29) 1(45) 0(22) 1(38) 
0(25) 0(33) 1(47) 1(43) 
0(25) 0(25) 0(25) 
1(38) 1(48) 
1(48) 

0.3333333333333333
precise=0.37572254335260113
recall=0.13328776486671223
F1score=0.19677093844601412

threshold=0.013299999999999975
0(22) 0(1) 0(33) 0(14) 0(5) 0(9) 
0(18) 0(29) 1(45) 0(22) 1(38) 
0(25) 0(33) 1(47) 1(43) 
0(25) 0(25) 0(25) 
1(38) 1(48) 
1(48) 

0.3333333333333333
precise=0.3745247148288973
recall=0.13364993215739485
F1score=0.197

threshold=0.013399999999999974
0(22) 0(1) 0(33) 0(14) 0(6) 0(9) 
0(18) 0(29) 1(45) 0(22) 1(38) 
0(25) 0(33) 1(47) 1(43) 
0(25) 0(26) 0(25) 
1(38) 1(48) 
1(48) 

0.3333333333333333
precise=0.37335834896810505
recall=0.13400673400673402
F1score=0.19722497522299307

threshold=0.013499999999999974
0(22) 0(1) 0(33) 0(14) 0(6) 0(9) 
0(18) 0(29) 1(45) 0(22) 1(38) 
0(25) 0(33) 1(47) 1(43) 
0(25) 0(26) 0(25) 
1(38) 1(48) 
1(48) 

0.3333333333333333
precise=0.37222222222222223
recall=0.13435828877005349
F1score=0.1974459724950884

threshold=0.013599999999999973
0(22) 0(1) 0(33) 0(14) 0(6) 0(9) 
0(18) 0(29) 1(45) 0(22) 1(38) 
0(25) 0(33) 1(47) 1(43) 
0(25) 0(26) 0(25) 
1(38) 1(48) 
1(48) 

0.3333333333333333
precise=0.3711151736745887
recall=0.13470471134704712
F1score=0.1976630963972736

threshold=0.013699999999999973
0(22) 0(1) 0(33) 0(15) 0(6) 0(9) 
0(18) 0(29) 1(45) 0(22) 1(38) 
0(25) 0(33) 1(47) 1(43) 
0(25) 0(26) 0(25) 
1(38) 1(48) 
1(48) 

0.3333333333333333
precise=0.3700361010830325
recall=0.13504611330698288
F1score=0.19787644787644787

threshold=0.013799999999999972
0(22) 0(1) 0(33) 0(15) 0(6) 0(9) 
0(18) 0(29) 1(45) 0(23) 1(38) 
0(25) 0(33) 1(47) 1(43) 
0(25) 0(26) 0(25) 
1(38) 1(48) 
1(48) 

0.3333333333333333
precise=0.3689839572192513
recall=0.1353826030085023
F1score=0.19808612440191387

threshold=0.013899999999999971
0(22) 0(1) 0(33) 0(16) 0(6) 0(9) 
0(18) 0(29) 1(45) 0(23) 1(39) 
0(25) 0(33) 1(47) 1(43) 
0(25) 0(26) 0(25) 
1(38) 1(48) 
1(48) 

0.3333333333333333
precise=0.36795774647887325
recall=0.1357142857142857
F1score=0.198292220113852

threshold=0.01399999999999997
0(22) 0(1) 0(33) 0(16) 0(6) 0(9) 
0(18) 0(29) 1(45) 0(23) 1(39) 
0(25) 0(33) 1(47) 1(43) 
0(25) 0(26) 0(25) 
1(38) 1(48) 
1(48) 

0.3333333333333333
precise=0.36695652173913046
recall=0.13604126370083816
F1score=0.1984948259642521

threshold=0.01409999999999997
0(22) 0(1) 0(33) 0(16) 0(6) 0(9) 
0(18) 0(29) 1(45) 0(23) 1(39) 
0(25) 0(33) 1(47) 1(43) 
0(25) 0(26) 0(25) 
1(38) 1(48) 
1(48) 

0.3333333333333333
precise=0.36597938144329895
recall=0.13636363636363635
F1score=0.19869402985074627

threshold=0.01419999999999997
0(22) 0(2) 0(33) 0(16) 0(6) 0(9) 
0(18) 0(29) 1(45) 0(24) 1(39) 
0(25) 1(34) 1(47) 1(43) 
0(25) 0(26) 0(25) 
1(38) 1(48) 
1(48) 

0.38095238095238093
precise=0.36610169491525424
recall=0.13731722822631914
F1score=0.19972260748959778

threshold=0.014299999999999969
0(23) 0(2) 0(33) 0(16) 0(6) 0(9) 
0(18) 0(29) 1(45) 0(24) 1(39) 
0(25) 1(34) 1(47) 1(43) 
0(25) 0(26) 0(25) 
1(38) 1(48) 
1(48) 

0.38095238095238093
precise=0.36622073578595316
recall=0.13825757575757575
F1score=0.20073327222731438

threshold=0.014399999999999968
0(23) 0(2) 0(33) 0(16) 0(6) 0(9) 
0(18) 0(29) 1(45) 0(24) 1(39) 
0(25) 1(34) 1(47) 1(43) 
0(25) 0(26) 0(25) 
1(38) 1(48) 
1(48) 

0.38095238095238093
precise=0.36633663366336633
recall=0.13918495297805641
F1score=0.20172648796001819

threshold=0.014499999999999968
0(23) 0(2) 0(33) 0(16) 0(6) 0(9) 
0(18) 0(29) 1(45) 0(25) 1(39) 
0(25) 1(34) 1(47) 1(43) 
0(25) 0(26) 0(25) 
1(38) 1(48) 
1(48) 

0.38095238095238093
precise=0.36644951140065146
recall=0.14009962640099627
F1score=0.20270270270270271

threshold=0.014599999999999967
0(23) 0(2) 0(33) 0(16) 0(6) 0(9) 
0(18) 0(29) 1(45) 0(25) 1(40) 
0(25) 1(34) 1(47) 1(43) 
0(25) 0(26) 0(25) 
1(39) 1(48) 
1(48) 

0.38095238095238093
precise=0.3665594855305466
recall=0.14100185528756956
F1score=0.20366234926306387

threshold=0.014699999999999967
0(23) 0(2) 0(33) 0(16) 0(6) 0(9) 
0(18) 0(29) 1(45) 0(25) 1(40) 
0(25) 1(34) 1(47) 1(43) 
0(25) 0(26) 0(25) 
1(39) 1(48) 
1(48) 

0.38095238095238093
precise=0.36666666666666664
recall=0.14189189189189189
F1score=0.2046058458813109

threshold=0.014799999999999966
0(23) 0(3) 0(33) 0(16) 0(6) 0(9) 
0(18) 0(29) 1(45) 0(26) 1(40) 
0(25) 1(34) 1(47) 1(44) 
0(25) 0(26) 0(25) 
1(39) 1(48) 
1(48) 

0.38095238095238093
precise=0.3667711598746082
recall=0.1427699816961562
F1score=0.20553359683794467

threshold=0.014899999999999965
0(23) 0(3) 0(33) 0(16) 0(6) 0(9) 
0(18) 0(29) 1(45) 0(26) 1(40) 
0(25) 1(34) 1(47) 1(44) 
0(25) 0(26) 0(25) 
1(39) 1(48) 
1(48) 

0.38095238095238093
precise=0.3668730650154799
recall=0.14363636363636365
F1score=0.20644599303135888

threshold=0.014999999999999965
0(23) 0(3) 0(33) 0(16) 0(6) 0(9) 
0(18) 0(29) 1(45) 0(27) 1(40) 
0(25) 1(34) 1(47) 1(45) 
0(25) 0(26) 0(25) 
1(39) 1(48) 
1(48) 

0.38095238095238093
precise=0.3669724770642202
recall=0.1444912703190849
F1score=0.20734341252699784

threshold=0.015099999999999964
0(23) 0(3) 0(33) 0(16) 0(6) 0(9) 
0(18) 0(29) 1(45) 0(27) 1(40) 
0(25) 1(34) 1(47) 1(45) 
0(25) 0(26) 0(25) 
1(39) 1(48) 
1(48) 

0.38095238095238093
precise=0.36706948640483383
recall=0.14533492822966507
F1score=0.20822622107969152

threshold=0.015199999999999964
0(23) 0(3) 0(33) 0(17) 0(6) 0(9) 
0(18) 0(29) 1(45) 0(27) 1(40) 
0(25) 1(34) 1(47) 1(45) 
0(25) 0(26) 0(25) 
1(39) 1(48) 
1(48) 

0.38095238095238093
precise=0.36716417910447763
recall=0.14616755793226383
F1score=0.20909477263068424

threshold=0.015299999999999963
0(24) 0(3) 0(33) 0(17) 0(6) 0(9) 
0(18) 0(29) 1(45) 0(27) 1(40) 
0(25) 1(34) 1(47) 1(45) 
0(25) 0(26) 0(25) 
1(39) 1(48) 
1(48) 

0.38095238095238093
precise=0.3672566371681416
recall=0.14698937426210154
F1score=0.20994940978077573

threshold=0.015399999999999962
0(24) 0(3) 0(33) 0(17) 0(6) 0(9) 
0(18) 0(29) 1(45) 0(27) 1(40) 
0(25) 1(34) 1(47) 1(45) 
0(26) 0(26) 0(25) 
1(39) 1(48) 
1(48) 

0.38095238095238093
precise=0.3673469387755102
recall=0.14780058651026393
F1score=0.2107904642409034

threshold=0.015499999999999962
0(25) 0(3) 0(33) 0(17) 0(6) 0(9) 
0(18) 0(29) 1(45) 0(27) 1(40) 
0(25) 1(34) 1(47) 1(45) 
0(26) 0(26) 0(25) 
1(39) 1(48) 
1(48) 

0.38095238095238093
precise=0.36743515850144093
recall=0.1486013986013986
F1score=0.21161825726141079

threshold=0.015599999999999961
0(25) 0(3) 0(33) 0(17) 0(6) 0(9) 
0(18) 0(29) 1(46) 0(27) 1(40) 
0(25) 1(34) 1(47) 1(45) 
0(26) 0(26) 0(25) 
1(39) 1(48) 
1(48) 

0.38095238095238093
precise=0.36752136752136755
recall=0.14939200926462073
F1score=0.2124331000411692

threshold=0.01569999999999996
0(25) 0(3) 0(33) 0(17) 0(6) 0(9) 
0(18) 0(29) 1(46) 0(27) 1(40) 
0(25) 1(34) 1(47) 1(45) 
0(27) 0(26) 0(25) 
1(39) 1(48) 
1(48) 

0.38095238095238093
precise=0.3676056338028169
recall=0.15017261219792866
F1score=0.21323529411764705

threshold=0.01579999999999996
0(25) 0(3) 0(33) 0(17) 0(6) 0(10) 
0(18) 0(29) 1(46) 0(27) 1(40) 
0(25) 1(34) 1(47) 1(45) 
0(27) 0(26) 0(25) 
1(40) 1(48) 
1(48) 

0.38095238095238093
precise=0.36768802228412256
recall=0.1509433962264151
F1score=0.21402513173895418

threshold=0.01589999999999996
0(26) 0(3) 0(33) 0(17) 0(6) 0(11) 
0(20) 0(29) 1(46) 0(27) 1(41) 
0(25) 1(34) 1(48) 1(45) 
0(27) 0(26) 0(25) 
1(40) 1(48) 
1(48) 

0.38095238095238093
precise=0.3677685950413223
recall=0.15170454545454545
F1score=0.21480289621882542

threshold=0.01599999999999996
0(26) 0(3) 0(33) 0(17) 0(6) 0(11) 
0(20) 0(29) 1(46) 0(27) 1(41) 
0(25) 1(34) 1(48) 1(45) 
0(27) 0(26) 0(25) 
1(40) 1(48) 
1(48) 

0.38095238095238093
precise=0.3678474114441417
recall=0.15245623941276115
F1score=0.2155688622754491

threshold=0.016099999999999958
0(26) 0(3) 0(33) 0(17) 0(6) 0(11) 
0(20) 0(29) 1(46) 0(27) 1(41) 
0(25) 1(34) 1(48) 1(45) 
0(27) 0(26) 0(25) 
1(40) 1(48) 
1(48) 

0.38095238095238093
precise=0.36792452830188677
recall=0.1531986531986532
F1score=0.2163232963549921

threshold=0.016199999999999957
0(26) 0(3) 0(33) 0(17) 0(6) 0(11) 
0(20) 0(29) 1(46) 0(27) 1(41) 
0(25) 1(34) 1(48) 1(45) 
0(27) 0(26) 0(25) 
1(40) 1(48) 
1(48) 

0.38095238095238093
precise=0.368
recall=0.1539319576129392
F1score=0.21706645694062132

threshold=0.016299999999999957
0(26) 0(3) 0(33) 0(17) 0(6) 0(11) 
0(20) 0(29) 1(46) 0(27) 1(41) 
0(25) 1(34) 1(48) 1(45) 
0(27) 0(26) 0(26) 
1(40) 1(48) 
1(48) 

0.38095238095238093
precise=0.36807387862796836
recall=0.15465631929046564
F1score=0.21779859484777517

threshold=0.016399999999999956
0(26) 0(3) 0(33) 0(17) 0(6) 0(11) 
0(20) 0(29) 1(46) 0(27) 1(41) 
0(25) 1(34) 1(48) 1(45) 
0(27) 0(26) 0(26) 
1(40) 1(48) 
1(48) 

0.38095238095238093
precise=0.3681462140992167
recall=0.15537190082644628
F1score=0.21851995350639286

threshold=0.016499999999999956
0(26) 0(3) 0(33) 0(17) 0(6) 0(11) 
0(20) 0(29) 1(46) 0(27) 1(41) 
0(25) 1(34) 1(48) 1(45) 
0(27) 0(26) 0(27) 
1(40) 1(48) 
1(48) 

0.38095238095238093
precise=0.3682170542635659
recall=0.156078860898138
F1score=0.21923076923076923

threshold=0.016599999999999955
0(26) 0(3) 0(33) 0(17) 0(6) 0(11) 
0(20) 0(29) 1(46) 0(27) 1(41) 
0(25) 1(35) 1(48) 1(45) 
0(27) 0(26) 0(27) 
1(40) 1(48) 
1(48) 

0.38095238095238093
precise=0.36828644501278773
recall=0.1567773543821448
F1score=0.21993127147766323

threshold=0.016699999999999954
0(26) 0(3) 0(33) 0(17) 0(6) 0(11) 
0(21) 0(29) 1(46) 0(27) 1(42) 
0(25) 1(35) 1(48) 1(45) 
0(27) 0(26) 0(27) 
1(40) 1(48) 
1(48) 

0.38095238095238093
precise=0.36835443037974686
recall=0.15746753246753248
F1score=0.22062168309325247

threshold=0.016799999999999954
0(26) 0(3) 0(33) 0(17) 0(6) 0(11) 
0(22) 0(29) 1(46) 0(27) 1(42) 
0(25) 1(35) 1(48) 1(45) 
0(27) 0(26) 0(27) 
1(40) 1(48) 
1(48) 

0.38095238095238093
precise=0.3684210526315789
recall=0.15814954276492738
F1score=0.22130222054949192

threshold=0.016899999999999953
0(26) 0(3) 0(33) 0(17) 0(6) 0(11) 
0(22) 0(29) 1(46) 0(27) 1(42) 
0(25) 1(35) 1(48) 1(45) 
0(27) 0(26) 0(27) 
1(40) 1(48) 
1(48) 

0.38095238095238093
precise=0.3684863523573201
recall=0.1588235294117647
F1score=0.2219730941704036

threshold=0.016999999999999953
0(26) 0(3) 0(33) 0(17) 0(6) 0(11) 
0(22) 0(29) 1(46) 0(27) 1(42) 
0(25) 1(35) 1(48) 1(45) 
0(27) 0(26) 0(27) 
1(40) 1(48) 
1(48) 

0.38095238095238093
precise=0.36855036855036855
recall=0.1594896331738437
F1score=0.22263450834879406

threshold=0.017099999999999952
0(26) 0(3) 0(33) 0(17) 0(6) 0(11) 
0(22) 0(29) 1(46) 0(27) 1(42) 
0(25) 1(35) 1(48) 1(45) 
0(27) 0(26) 0(27) 
1(40) 1(48) 
1(48) 

0.38095238095238093
precise=0.3686131386861314
recall=0.1601479915433404
F1score=0.22328666175386883

threshold=0.01719999999999995
0(26) 0(3) 0(33) 0(18) 0(6) 0(11) 
0(22) 0(29) 1(46) 0(27) 1(42) 
0(25) 1(35) 1(48) 1(45) 
0(27) 0(26) 0(27) 
1(40) 1(48) 
1(48) 

0.38095238095238093
precise=0.3686746987951807
recall=0.1607987388334209
F1score=0.2239297475301866

threshold=0.01729999999999995
0(26) 0(3) 0(33) 0(19) 0(6) 0(12) 
0(22) 0(29) 1(46) 0(28) 1(42) 
0(25) 1(36) 1(48) 1(45) 
0(27) 0(26) 0(27) 
1(40) 1(48) 
1(48) 

0.38095238095238093
precise=0.36873508353221957
recall=0.1614420062695925
F1score=0.2245639534883721

threshold=0.01739999999999995
0(26) 0(3) 0(33) 0(19) 0(6) 0(12) 
0(22) 0(29) 1(46) 0(28) 1(42) 
0(25) 1(36) 1(48) 1(45) 
0(27) 0(26) 0(27) 
1(40) 1(48) 
1(48) 

0.38095238095238093
precise=0.36879432624113473
recall=0.16207792207792207
F1score=0.22518946228798267

threshold=0.01749999999999995
0(26) 0(3) 0(33) 0(19) 0(6) 0(12) 
0(22) 0(29) 1(46) 0(29) 1(42) 
0(25) 1(36) 1(48) 1(45) 
0(27) 0(26) 0(27) 
1(40) 1(48) 
1(48) 

0.38095238095238093
precise=0.36885245901639346
recall=0.16270661157024793
F1score=0.22580645161290322

threshold=0.01759999999999995
0(26) 0(3) 0(33) 0(19) 0(6) 0(12) 
0(22) 0(29) 1(46) 0(29) 1(42) 
0(25) 1(36) 1(48) 1(45) 
0(27) 0(26) 0(27) 
1(40) 1(48) 
1(48) 

0.38095238095238093
precise=0.3689095127610209
recall=0.1633281972265023
F1score=0.22641509433962265

threshold=0.01769999999999995
0(26) 0(3) 0(33) 0(19) 0(6) 0(12) 
0(22) 0(29) 1(46) 0(29) 1(42) 
0(25) 1(36) 1(48) 1(45) 
0(27) 0(26) 0(27) 
1(40) 1(48) 
1(48) 

0.38095238095238093
precise=0.3689655172413793
recall=0.16394279877425944
F1score=0.22701555869872703

threshold=0.017799999999999948
0(26) 0(3) 0(33) 0(19) 0(6) 0(12) 
0(22) 0(29) 1(46) 0(30) 1(43) 
0(25) 1(36) 1(48) 1(45) 
0(27) 0(26) 0(27) 
1(40) 1(48) 
1(48) 

0.38095238095238093
precise=0.3690205011389522
recall=0.16455053326561705
F1score=0.22760800842992623

threshold=0.017899999999999947
0(26) 0(3) 1(34) 0(19) 0(6) 0(12) 
0(22) 0(29) 1(46) 0(30) 1(44) 
0(25) 1(36) 1(48) 1(45) 
0(27) 0(26) 0(27) 
1(41) 1(48) 
1(48) 

0.42857142857142855
precise=0.3697857948139797
recall=0.16565656565656567
F1score=0.2288106034182072

threshold=0.017999999999999947
0(26) 0(3) 1(34) 0(19) 0(6) 0(12) 
0(22) 0(30) 1(46) 0(30) 1(44) 
0(25) 1(36) 1(48) 1(45) 
0(27) 0(26) 0(27) 
1(41) 1(48) 
1(48) 

0.42857142857142855
precise=0.3705357142857143
recall=0.16675037669512807
F1score=0.229996536196744

threshold=0.018099999999999946
0(26) 0(3) 1(34) 0(19) 0(6) 0(12) 
0(22) 0(30) 1(46) 0(30) 1(44) 
0(25) 1(36) 1(48) 1(45) 
0(27) 0(26) 0(27) 
1(41) 1(48) 
1(48) 

0.42857142857142855
precise=0.3712707182320442
recall=0.16783216783216784
F1score=0.23116615067079463

threshold=0.018199999999999945
0(26) 0(3) 1(34) 0(19) 0(7) 0(12) 
0(22) 0(30) 1(46) 0(30) 1(44) 
0(25) 1(36) 1(48) 1(45) 
0(27) 0(26) 0(27) 
1(41) 1(48) 
1(48) 

0.42857142857142855
precise=0.37199124726477023
recall=0.16890213611525087
F1score=0.23231978134608813

threshold=0.018299999999999945
0(26) 0(3) 1(34) 0(19) 0(7) 0(12) 
0(22) 0(30) 1(46) 0(30) 1(44) 
0(25) 1(36) 1(48) 1(45) 
0(27) 0(26) 0(27) 
1(41) 1(48) 
1(48) 

0.42857142857142855
precise=0.37269772481040087
recall=0.16996047430830039
F1score=0.2334577536477774

threshold=0.018399999999999944
0(26) 0(3) 1(34) 0(19) 0(7) 0(12) 
0(22) 0(30) 1(46) 0(30) 1(44) 
0(25) 1(36) 1(48) 1(45) 
0(28) 0(26) 0(27) 
1(41) 1(48) 
1(48) 

0.42857142857142855
precise=0.37339055793991416
recall=0.171007371007371
F1score=0.2345803842264914

threshold=0.018499999999999944
0(26) 0(3) 1(34) 0(19) 0(7) 0(12) 
0(22) 0(30) 1(46) 0(30) 1(44) 
0(25) 1(36) 1(48) 1(45) 
0(28) 0(26) 0(27) 
1(41) 1(48) 
1(48) 

0.42857142857142855
precise=0.3740701381509033
recall=0.17204301075268819
F1score=0.2356879812520924

threshold=0.018599999999999943
0(26) 0(3) 1(34) 0(19) 0(7) 0(12) 
0(22) 0(30) 1(46) 0(31) 1(44) 
0(25) 1(36) 1(48) 1(45) 
0(28) 0(26) 0(27) 
1(41) 1(48) 
1(48) 

0.42857142857142855
precise=0.37473684210526315
recall=0.17306757413709287
F1score=0.23678084469571

threshold=0.018699999999999942
0(26) 0(3) 1(34) 0(19) 0(7) 0(12) 
0(22) 0(30) 1(46) 0(31) 1(44) 
0(25) 1(36) 1(48) 1(45) 
0(28) 0(26) 0(27) 
1(41) 1(48) 
1(48) 

0.42857142857142855
precise=0.3753910323253389
recall=0.17408123791102514
F1score=0.23785926660059464

threshold=0.018799999999999942
0(26) 0(3) 1(34) 0(19) 0(7) 0(12) 
0(22) 0(30) 1(46) 0(31) 1(44) 
0(25) 1(36) 1(48) 1(45) 
0(28) 0(26) 0(28) 
1(42) 1(48) 
1(48) 

0.42857142857142855
precise=0.3760330578512397
recall=0.1750841750841751
F1score=0.2389235313423039

threshold=0.01889999999999994
0(26) 0(3) 1(34) 0(19) 0(7) 0(12) 
0(23) 0(31) 1(46) 0(31) 1(45) 
0(25) 1(36) 1(48) 1(45) 
0(28) 0(27) 0(28) 
1(42) 1(48) 
1(48) 

0.42857142857142855
precise=0.3766632548618219
recall=0.17607655502392344
F1score=0.23997391587870884

threshold=0.01899999999999994
0(26) 0(3) 1(34) 0(19) 0(7) 0(12) 
0(23) 0(31) 1(46) 0(31) 1(46) 
0(25) 1(36) 1(48) 1(45) 
0(28) 0(27) 0(28) 
1(42) 1(48) 
1(48) 

0.42857142857142855
precise=0.3772819472616633
recall=0.17705854355069015
F1score=0.24101068999028183

threshold=0.01909999999999994
0(26) 0(3) 1(34) 0(19) 0(7) 0(12) 
0(23) 0(31) 1(46) 0(31) 1(46) 
0(25) 1(36) 1(48) 1(45) 
0(28) 0(27) 0(28) 
1(42) 1(48) 
1(48) 

0.42857142857142855
precise=0.3778894472361809
recall=0.17803030303030304
F1score=0.24203411651110396

threshold=0.01919999999999994
0(26) 0(3) 1(34) 0(19) 0(7) 0(12) 
0(23) 0(31) 1(46) 0(32) 1(46) 
0(25) 1(36) 1(48) 1(45) 
0(28) 0(27) 0(28) 
1(42) 1(48) 
1(48) 

0.42857142857142855
precise=0.3784860557768924
recall=0.17899199246349506
F1score=0.24304445155100735

threshold=0.01929999999999994
0(26) 0(3) 1(34) 0(20) 0(7) 0(12) 
0(23) 0(31) 1(47) 0(32) 1(46) 
0(25) 1(36) 1(48) 1(45) 
0(28) 0(27) 0(28) 
1(42) 1(48) 
1(48) 

0.42857142857142855
precise=0.3790720631786772
recall=0.17994376757263356
F1score=0.2440419447092469

threshold=0.019399999999999938
0(26) 0(3) 1(34) 0(20) 0(7) 0(12) 
0(23) 0(31) 1(47) 0(32) 1(46) 
0(25) 1(36) 1(48) 1(45) 
0(28) 0(27) 0(28) 
1(42) 1(48) 
1(48) 

0.42857142857142855
precise=0.3796477495107632
recall=0.1808857808857809
F1score=0.2450268392800758

threshold=0.019499999999999938
0(26) 0(3) 1(34) 0(20) 0(7) 0(12) 
0(23) 0(31) 1(47) 0(32) 1(46) 
0(25) 1(37) 1(48) 1(45) 
0(28) 0(27) 0(28) 
1(42) 1(48) 
1(48) 

0.42857142857142855
precise=0.3802133850630456
recall=0.18181818181818182
F1score=0.24599937245058048

threshold=0.019599999999999937
0(26) 0(3) 1(34) 0(20) 0(7) 0(12) 
0(23) 0(31) 1(47) 0(32) 1(46) 
0(25) 1(37) 1(48) 1(45) 
0(28) 0(27) 0(28) 
1(42) 1(48) 
1(48) 

0.42857142857142855
precise=0.38076923076923075
recall=0.18274111675126903
F1score=0.2469597754911132

threshold=0.019699999999999936
0(26) 0(3) 1(34) 0(20) 0(7) 0(12) 
0(23) 0(31) 1(47) 0(32) 1(46) 
0(25) 1(37) 1(48) 1(45) 
0(28) 0(27) 0(28) 
1(42) 1(48) 
1(48) 

0.42857142857142855
precise=0.3813155386081983
recall=0.18365472910927455
F1score=0.2479082739386427

threshold=0.019799999999999936
0(26) 0(3) 1(34) 0(20) 0(7) 0(12) 
0(25) 0(31) 1(47) 0(32) 1(46) 
0(25) 1(37) 1(48) 1(45) 
0(28) 0(27) 0(28) 
1(42) 1(48) 
1(48) 

0.42857142857142855
precise=0.3818525519848771
recall=0.1845591594335313
F1score=0.24884508777332923

threshold=0.019899999999999935
0(26) 0(3) 1(34) 0(20) 0(7) 0(12) 
0(25) 0(31) 1(47) 0(32) 1(46) 
0(25) 1(37) 1(48) 1(45) 
0(28) 0(27) 0(28) 
1(43) 1(48) 
1(48) 

0.42857142857142855
precise=0.3823805060918463
recall=0.18545454545454546
F1score=0.2497704315886134

threshold=0.019999999999999934
0(26) 0(3) 1(35) 0(20) 0(7) 0(12) 
0(25) 0(31) 1(47) 0(32) 1(46) 
0(25) 1(37) 1(48) 1(45) 
0(28) 0(27) 0(28) 
1(43) 1(48) 
1(48) 

0.42857142857142855
precise=0.3828996282527881
recall=0.1863410221619177
F1score=0.25068451475509584

Max accuracy is 0.47619047619047616 at threshold 0.0063000000000000035
Max precise is 0.5116783075244133 at threshold 0.0
Max recall is 0.1863410221619177 at threshold 0.019999999999999934
Max F1score is 0.25068451475509584 at threshold 0.019999999999999934
