threshold=0.0
0(0) 0(0) 0(41) 0(0) 0(44) 0(5) 0(31) 0(0) 
0(0) 0(41) 0(0) 0(44) 0(5) 0(31) 0(0) 
0(41) 0(0) 0(44) 0(5) 0(31) 0(0) 
0(41) 0(68) 0(42) 0(50) 0(41) 
0(44) 0(5) 0(31) 0(0) 
0(44) 0(59) 0(44) 
0(36) 0(5) 
0(31) 

0.5555555555555556
precise=0.46391814833018186
recall=0.0
F1score=0.0

threshold=0.0001
0(9) 0(6) 0(46) 0(6) 0(49) 0(14) 0(36) 0(10) 
0(7) 0(58) 0(13) 0(65) 0(12) 0(35) 0(28) 
0(52) 0(12) 0(48) 0(10) 0(33) 0(8) 
0(51) 0(75) 0(53) 0(57) 0(52) 
0(55) 0(16) 0(36) 0(13) 
0(48) 0(67) 0(73) 
0(50) 0(13) 
0(41) 

0.5555555555555556
precise=0.46391814833018186
recall=0.0
F1score=0.0

threshold=0.0002
0(14) 0(9) 0(48) 0(9) 0(53) 0(20) 0(40) 0(13) 
0(14) 0(65) 0(22) 0(75) 0(17) 0(40) 0(38) 
0(55) 0(20) 0(51) 0(12) 0(37) 0(13) 
0(52) 0(80) 0(56) 0(59) 0(63) 
0(57) 0(21) 0(38) 0(25) 
0(53) 0(69) 0(87) 
0(56) 0(20) 
0(43) 

0.5555555555555556
precise=0.46391814833018186
recall=0.0
F1score=0.0

threshold=0.00030000000000000003
0(16) 0(13) 0(48) 0(13) 0(56) 0(22) 0(42) 0(16) 
0(18) 0(70) 0(28) 0(76) 0(18) 0(42) 0(46) 
0(56) 0(24) 0(53) 0(13) 0(39) 0(16) 
0(55) 0(81) 0(58) 0(60) 0(65) 
0(62) 0(25) 0(39) 0(26) 
0(56) 0(69) 0(95) 
0(62) 0(22) 
0(43) 

0.5555555555555556
precise=0.46391814833018186
recall=0.0
F1score=0.0

threshold=0.0004
0(17) 0(16) 0(50) 0(16) 0(58) 0(22) 0(43) 0(16) 
0(23) 0(70) 0(29) 0(81) 0(18) 0(42) 0(47) 
0(57) 0(27) 0(53) 0(14) 0(41) 0(21) 
0(57) 0(82) 0(59) 0(63) 0(71) 
0(64) 0(28) 0(42) 0(30) 
0(58) 0(70) 0(98) 
0(65) 0(25) 
0(43) 

0.5555555555555556
precise=0.46391814833018186
recall=0.0
F1score=0.0

threshold=0.0005
0(18) 0(17) 0(52) 0(19) 0(58) 0(28) 0(44) 0(17) 
0(27) 0(73) 0(32) 0(86) 0(19) 0(45) 0(53) 
0(58) 0(30) 0(53) 0(16) 0(46) 0(23) 
0(59) 0(82) 0(59) 0(64) 0(72) 
0(69) 0(29) 0(46) 0(36) 
0(59) 0(72) 0(101) 
0(65) 0(27) 
0(45) 

0.5555555555555556
precise=0.46391814833018186
recall=0.0
F1score=0.0

threshold=0.0006000000000000001
0(19) 0(17) 0(54) 0(20) 0(61) 0(31) 0(45) 0(18) 
0(29) 0(75) 0(33) 0(87) 0(19) 0(45) 0(56) 
0(60) 0(33) 0(56) 0(16) 0(48) 0(26) 
0(59) 0(85) 0(59) 0(64) 0(72) 
0(72) 0(30) 0(47) 0(38) 
0(60) 0(73) 1(105) 
0(67) 0(30) 
0(49) 

0.5833333333333334
precise=1.0
recall=0.008928571428571428
F1score=0.017699115044247787

threshold=0.0007000000000000001
0(21) 0(20) 0(54) 0(23) 0(61) 0(37) 0(45) 0(18) 
0(31) 0(82) 0(36) 0(91) 0(20) 0(46) 0(58) 
0(60) 0(37) 0(58) 0(18) 0(49) 0(29) 
0(60) 0(85) 0(63) 0(65) 0(74) 
0(74) 0(33) 0(49) 0(41) 
0(63) 0(73) 1(108) 
0(69) 0(31) 
0(49) 

0.5833333333333334
precise=1.0
recall=0.015625
F1score=0.03076923076923077

threshold=0.0008000000000000001
0(21) 0(20) 0(54) 0(23) 0(62) 0(39) 0(46) 0(21) 
0(34) 0(86) 0(40) 0(91) 0(20) 0(46) 0(60) 
0(60) 0(37) 0(60) 0(19) 0(49) 0(30) 
0(61) 0(87) 0(64) 0(67) 0(75) 
0(75) 0(33) 0(53) 0(43) 
0(65) 0(77) 1(111) 
0(70) 0(35) 
0(51) 

0.5833333333333334
precise=1.0
recall=0.020833333333333332
F1score=0.04081632653061224

threshold=0.0009000000000000002
0(22) 0(20) 0(55) 0(26) 0(63) 0(40) 0(48) 0(21) 
0(40) 0(88) 0(42) 0(92) 0(20) 0(49) 0(62) 
0(61) 0(40) 0(60) 0(20) 0(49) 0(31) 
0(62) 0(88) 0(64) 0(68) 0(77) 
0(76) 0(36) 0(54) 0(45) 
0(67) 0(77) 1(113) 
0(70) 0(39) 
0(54) 

0.5833333333333334
precise=1.0
recall=0.025
F1score=0.04878048780487805

threshold=0.0010000000000000002
0(24) 0(22) 0(57) 0(28) 0(64) 0(40) 0(49) 0(23) 
0(43) 0(90) 0(48) 0(93) 0(22) 0(50) 0(68) 
0(63) 0(42) 0(61) 0(20) 0(50) 0(31) 
0(63) 0(89) 0(64) 0(70) 0(77) 
0(77) 0(36) 0(55) 0(48) 
0(71) 0(77) 1(116) 
0(72) 0(40) 
0(56) 

0.5833333333333334
precise=1.0
recall=0.028409090909090908
F1score=0.055248618784530384

threshold=0.0011000000000000003
0(28) 0(23) 0(57) 0(29) 0(64) 0(41) 0(49) 0(24) 
0(44) 0(91) 0(50) 0(95) 0(24) 0(50) 0(70) 
0(63) 0(44) 0(61) 0(22) 0(52) 0(32) 
0(63) 0(89) 0(64) 0(71) 0(77) 
0(78) 0(36) 0(56) 0(48) 
0(71) 0(78) 1(119) 
0(73) 0(43) 
0(58) 

0.5833333333333334
precise=1.0
recall=0.03125
F1score=0.06060606060606061

threshold=0.0012000000000000003
0(30) 0(24) 0(58) 0(33) 0(65) 0(43) 0(49) 0(24) 
0(45) 0(92) 0(51) 0(99) 0(25) 0(51) 0(72) 
0(63) 0(46) 0(63) 0(23) 0(52) 0(32) 
0(63) 0(90) 0(64) 0(71) 0(77) 
0(79) 0(37) 0(62) 0(49) 
0(73) 0(78) 1(119) 
0(76) 0(46) 
0(59) 

0.5833333333333334
precise=1.0
recall=0.03365384615384615
F1score=0.06511627906976744

threshold=0.0013000000000000004
0(31) 0(27) 0(61) 0(35) 0(66) 0(44) 0(51) 0(25) 
0(45) 0(92) 0(52) 0(99) 0(27) 0(51) 0(74) 
0(63) 0(46) 0(65) 0(24) 0(53) 0(32) 
0(64) 0(90) 0(65) 0(72) 0(78) 
0(81) 0(37) 0(63) 0(50) 
0(76) 0(80) 1(119) 
0(77) 0(52) 
0(60) 

0.5833333333333334
precise=1.0
recall=0.03571428571428571
F1score=0.06896551724137931

threshold=0.0014000000000000004
0(32) 0(27) 0(61) 0(37) 0(68) 0(44) 0(53) 0(27) 
0(48) 0(93) 0(53) 0(99) 0(28) 0(53) 0(76) 
0(63) 0(47) 0(66) 0(24) 0(54) 0(33) 
0(64) 0(90) 0(66) 0(72) 0(79) 
0(83) 0(39) 0(64) 0(54) 
0(76) 0(81) 1(119) 
0(77) 0(53) 
0(62) 

0.5833333333333334
precise=1.0
recall=0.0375
F1score=0.07228915662650602

threshold=0.0015000000000000005
0(33) 0(28) 0(62) 0(38) 0(70) 0(45) 0(53) 0(29) 
0(49) 0(94) 0(55) 0(99) 0(30) 0(53) 0(77) 
0(63) 0(49) 0(67) 0(25) 0(54) 0(33) 
0(66) 0(91) 0(67) 0(72) 0(82) 
0(83) 0(40) 0(64) 0(54) 
0(78) 0(81) 1(120) 
0(78) 0(54) 
0(62) 

0.5833333333333334
precise=1.0
recall=0.0390625
F1score=0.07518796992481203

threshold=0.0016000000000000005
0(34) 0(28) 0(65) 0(41) 0(71) 0(46) 0(54) 0(29) 
0(50) 0(95) 0(56) 0(99) 0(30) 0(56) 0(80) 
0(63) 0(51) 0(67) 0(27) 0(55) 0(34) 
0(68) 0(91) 0(68) 0(73) 0(82) 
0(83) 0(42) 0(64) 0(55) 
0(80) 0(81) 1(121) 
0(78) 0(56) 
0(64) 

0.5833333333333334
precise=1.0
recall=0.04044117647058824
F1score=0.07773851590106007

threshold=0.0017000000000000006
0(34) 0(30) 0(65) 0(43) 0(71) 0(46) 0(54) 0(29) 
0(52) 0(96) 0(57) 0(99) 0(32) 0(56) 0(81) 
0(64) 0(52) 0(68) 0(28) 0(56) 0(35) 
0(68) 0(91) 0(70) 0(74) 0(83) 
0(84) 0(42) 0(64) 0(56) 
0(86) 0(82) 1(122) 
0(78) 0(58) 
0(64) 

0.5833333333333334
precise=1.0
recall=0.041666666666666664
F1score=0.08

threshold=0.0018000000000000006
0(36) 0(33) 0(67) 0(45) 0(71) 0(46) 0(55) 0(31) 
0(52) 0(97) 0(57) 0(100) 0(35) 0(58) 0(81) 
0(65) 0(52) 0(68) 0(29) 0(58) 0(36) 
0(69) 0(91) 0(72) 0(74) 0(83) 
0(86) 0(42) 0(64) 0(56) 
0(88) 0(83) 1(123) 
0(78) 0(60) 
0(65) 

0.5833333333333334
precise=1.0
recall=0.04276315789473684
F1score=0.08201892744479496

threshold=0.0019000000000000006
0(37) 0(34) 0(68) 0(46) 0(71) 0(47) 0(56) 0(31) 
0(52) 0(97) 0(59) 0(100) 0(36) 0(59) 0(85) 
0(65) 0(53) 0(71) 0(29) 0(58) 0(40) 
0(69) 0(91) 0(72) 0(74) 0(84) 
0(87) 0(46) 0(64) 0(57) 
0(89) 0(83) 1(123) 
0(78) 0(65) 
0(65) 

0.5833333333333334
precise=1.0
recall=0.04375
F1score=0.08383233532934131

threshold=0.0020000000000000005
0(37) 0(38) 0(68) 0(47) 0(71) 0(47) 0(57) 0(35) 
0(54) 0(97) 0(60) 0(100) 0(39) 0(59) 0(89) 
0(66) 0(53) 0(71) 0(29) 0(59) 0(41) 
0(71) 0(92) 0(74) 0(74) 0(84) 
0(88) 0(46) 0(65) 0(58) 
0(90) 0(83) 1(126) 
0(78) 0(66) 
0(66) 

0.5833333333333334
precise=1.0
recall=0.044642857142857144
F1score=0.08547008547008547

threshold=0.0021000000000000003
0(37) 0(38) 0(70) 0(48) 0(73) 0(47) 0(57) 0(36) 
0(54) 0(97) 0(61) 0(101) 0(42) 0(60) 0(90) 
0(66) 0(54) 0(73) 0(29) 0(60) 0(42) 
0(72) 0(93) 0(74) 0(74) 0(86) 
0(89) 0(46) 0(65) 0(58) 
0(91) 0(84) 1(126) 
0(79) 0(68) 
0(67) 

0.5833333333333334
precise=1.0
recall=0.045454545454545456
F1score=0.08695652173913043

threshold=0.0022
0(38) 0(39) 0(71) 0(50) 0(73) 0(47) 0(57) 0(38) 
0(56) 0(97) 0(64) 0(101) 0(43) 0(62) 0(92) 
0(66) 0(54) 0(75) 0(30) 0(60) 0(43) 
0(72) 0(94) 0(74) 0(75) 0(87) 
0(91) 0(46) 0(65) 0(60) 
0(92) 0(85) 1(127) 
0(79) 0(69) 
0(69) 

0.5833333333333334
precise=1.0
recall=0.04619565217391304
F1score=0.08831168831168831

threshold=0.0023
0(39) 0(40) 0(71) 0(52) 0(73) 0(47) 0(59) 0(39) 
0(56) 0(97) 0(64) 0(102) 0(44) 0(62) 0(93) 
0(68) 0(54) 0(78) 0(30) 0(61) 0(44) 
0(72) 0(94) 0(77) 0(75) 0(87) 
0(92) 0(48) 0(66) 0(63) 
0(92) 0(86) 1(127) 
0(79) 0(72) 
0(69) 

0.5833333333333334
precise=1.0
recall=0.046875
F1score=0.08955223880597014

threshold=0.0024
0(40) 0(40) 0(71) 0(52) 0(74) 0(48) 0(59) 0(43) 
0(57) 0(97) 0(64) 1(103) 0(47) 0(63) 0(95) 
0(68) 0(54) 0(78) 0(30) 0(62) 0(45) 
0(72) 0(96) 0(79) 0(75) 0(87) 
0(92) 0(49) 0(66) 0(63) 
0(94) 0(87) 1(127) 
0(80) 0(75) 
0(70) 

0.5555555555555556
precise=0.95
recall=0.0475
F1score=0.09047619047619047

threshold=0.0024999999999999996
0(42) 0(40) 0(72) 0(54) 0(75) 0(48) 0(61) 0(44) 
0(58) 0(98) 0(65) 1(103) 0(47) 0(65) 0(95) 
0(68) 0(55) 0(78) 0(31) 0(63) 0(45) 
0(73) 0(98) 0(79) 0(78) 0(89) 
0(94) 0(49) 0(67) 0(65) 
0(94) 0(87) 1(129) 
0(80) 0(78) 
0(70) 

0.5555555555555556
precise=0.9090909090909091
recall=0.04807692307692308
F1score=0.091324200913242

threshold=0.0025999999999999994
0(43) 0(43) 0(73) 0(54) 0(76) 0(50) 0(61) 0(47) 
0(59) 0(98) 0(66) 1(103) 0(47) 0(65) 0(97) 
0(68) 0(56) 0(78) 0(31) 0(63) 0(46) 
0(73) 0(99) 0(80) 0(78) 0(92) 
0(95) 0(49) 0(68) 0(67) 
0(96) 0(88) 1(129) 
0(80) 0(79) 
0(70) 

0.5555555555555556
precise=0.875
recall=0.04861111111111111
F1score=0.09210526315789473

threshold=0.0026999999999999993
0(46) 0(45) 0(73) 0(54) 0(76) 0(52) 0(61) 0(48) 
0(59) 0(98) 0(67) 1(103) 0(49) 0(65) 0(97) 
0(69) 0(57) 0(78) 0(33) 0(63) 0(46) 
0(74) 0(99) 0(81) 0(81) 0(93) 
0(95) 0(50) 0(68) 0(69) 
0(97) 0(90) 1(129) 
0(81) 0(79) 
0(70) 

0.5555555555555556
precise=0.8461538461538461
recall=0.049107142857142856
F1score=0.09282700421940929

threshold=0.002799999999999999
0(47) 0(49) 0(73) 0(54) 0(77) 0(53) 0(62) 0(49) 
0(59) 0(98) 0(67) 1(104) 0(52) 0(65) 0(97) 
0(69) 0(58) 0(78) 0(33) 0(63) 0(47) 
0(74) 0(100) 0(82) 0(81) 0(93) 
0(95) 0(51) 0(69) 0(69) 
0(97) 0(91) 1(129) 
0(81) 0(81) 
0(70) 

0.5555555555555556
precise=0.8214285714285714
recall=0.04956896551724138
F1score=0.09349593495934959

threshold=0.002899999999999999
0(47) 0(52) 0(74) 0(55) 0(78) 0(54) 0(62) 0(50) 
0(59) 0(99) 0(67) 1(104) 0(52) 0(66) 0(98) 
0(69) 0(59) 0(79) 0(35) 0(63) 0(47) 
0(74) 0(100) 0(82) 0(82) 0(94) 
0(96) 0(51) 0(69) 0(70) 
0(97) 0(91) 1(130) 
0(81) 0(82) 
0(70) 

0.5555555555555556
precise=0.8
recall=0.05
F1score=0.09411764705882353

threshold=0.0029999999999999988
0(50) 0(52) 0(74) 0(56) 0(78) 0(54) 0(63) 0(53) 
0(59) 0(99) 0(67) 1(105) 0(53) 0(66) 0(98) 
0(69) 0(59) 0(80) 0(35) 0(64) 0(48) 
0(76) 0(100) 0(84) 0(83) 0(94) 
0(96) 0(52) 0(69) 0(71) 
0(99) 0(91) 1(130) 
0(81) 0(82) 
0(70) 

0.5555555555555556
precise=0.78125
recall=0.05040322580645161
F1score=0.0946969696969697

threshold=0.0030999999999999986
0(50) 0(58) 0(74) 0(57) 0(78) 0(55) 0(64) 0(55) 
0(59) 0(100) 0(67) 1(106) 0(56) 0(66) 0(100) 
0(70) 0(59) 0(82) 0(36) 0(65) 0(51) 
0(76) 0(100) 0(84) 0(84) 0(94) 
0(96) 0(53) 0(69) 0(72) 
0(99) 0(91) 1(130) 
0(81) 0(84) 
0(70) 

0.5555555555555556
precise=0.7647058823529411
recall=0.05078125
F1score=0.09523809523809523

threshold=0.0031999999999999984
0(51) 0(59) 0(74) 0(58) 0(79) 0(55) 0(64) 0(57) 
0(59) 0(100) 0(67) 1(107) 0(57) 0(66) 0(100) 
0(71) 0(60) 0(82) 0(36) 0(65) 0(53) 
0(76) 0(100) 0(84) 0(84) 0(94) 
0(96) 0(53) 0(69) 0(72) 
0(100) 0(91) 1(131) 
0(81) 0(87) 
0(70) 

0.5555555555555556
precise=0.75
recall=0.05113636363636364
F1score=0.09574468085106383

threshold=0.0032999999999999982
0(52) 0(62) 0(75) 0(59) 0(79) 0(57) 0(64) 0(58) 
0(60) 0(100) 0(68) 1(107) 0(59) 0(66) 0(102) 
0(72) 0(61) 0(83) 0(37) 0(67) 0(53) 
0(77) 0(101) 0(85) 0(84) 0(94) 
0(96) 0(53) 0(69) 0(72) 
0(101) 0(91) 1(133) 
0(81) 0(87) 
0(70) 

0.5555555555555556
precise=0.7368421052631579
recall=0.051470588235294115
F1score=0.09621993127147767

threshold=0.003399999999999998
0(52) 0(64) 0(75) 0(61) 0(79) 0(58) 0(65) 0(59) 
0(61) 0(100) 0(68) 1(107) 0(59) 0(66) 1(103) 
0(72) 0(62) 0(84) 0(39) 0(67) 0(55) 
0(77) 0(102) 0(86) 0(84) 0(94) 
0(96) 0(53) 0(71) 0(75) 
0(101) 0(91) 1(134) 
0(81) 0(88) 
0(70) 

0.5277777777777778
precise=0.7073170731707317
recall=0.05178571428571429
F1score=0.09650582362728785

threshold=0.003499999999999998
0(52) 0(65) 0(77) 0(63) 0(80) 0(58) 0(65) 0(60) 
0(61) 0(100) 0(68) 1(107) 0(62) 0(67) 1(104) 
0(73) 0(63) 0(85) 0(40) 0(67) 0(55) 
0(77) 1(103) 0(86) 0(84) 0(95) 
0(97) 0(53) 0(71) 0(75) 
1(103) 0(92) 1(134) 
0(81) 0(89) 
0(72) 

0.5277777777777778
precise=0.6739130434782609
recall=0.05381944444444445
F1score=0.09967845659163987

threshold=0.0035999999999999977
0(54) 0(65) 0(79) 0(63) 0(80) 0(58) 0(65) 0(61) 
0(61) 0(101) 0(68) 1(108) 0(62) 0(67) 1(104) 
0(74) 0(64) 0(85) 0(40) 0(67) 0(55) 
0(77) 1(103) 0(87) 0(84) 0(98) 
0(98) 0(54) 0(72) 0(76) 
1(104) 0(92) 1(134) 
0(82) 0(91) 
0(73) 

0.5277777777777778
precise=0.6470588235294118
recall=0.05574324324324324
F1score=0.1026438569206843

threshold=0.0036999999999999976
0(55) 0(65) 0(81) 0(65) 0(80) 0(58) 0(66) 0(62) 
0(62) 0(102) 0(68) 1(109) 0(62) 0(72) 1(104) 
0(74) 0(64) 0(85) 0(40) 0(67) 0(57) 
0(77) 1(103) 0(87) 0(84) 0(98) 
0(98) 0(55) 0(72) 0(77) 
1(105) 0(92) 1(134) 
0(85) 0(93) 
0(74) 

0.5277777777777778
precise=0.625
recall=0.05756578947368421
F1score=0.10542168674698796

threshold=0.0037999999999999974
0(55) 0(68) 0(81) 0(66) 0(81) 0(58) 0(66) 0(62) 
0(62) 0(102) 0(68) 1(109) 0(64) 0(72) 1(105) 
0(74) 0(65) 0(87) 0(40) 0(67) 0(57) 
0(79) 1(103) 0(88) 0(84) 0(98) 
0(98) 0(56) 0(72) 0(78) 
1(105) 0(92) 1(135) 
0(85) 0(93) 
0(74) 

0.5277777777777778
precise=0.6065573770491803
recall=0.05929487179487179
F1score=0.10802919708029197

threshold=0.0038999999999999972
0(55) 0(70) 0(82) 0(66) 0(82) 0(58) 0(66) 0(63) 
0(63) 0(102) 0(68) 1(109) 0(64) 0(73) 1(105) 
0(74) 0(65) 0(87) 0(40) 0(67) 0(57) 
0(79) 1(104) 0(88) 0(84) 0(99) 
0(98) 0(56) 0(72) 0(78) 
1(105) 0(92) 1(135) 
0(86) 0(94) 
0(74) 

0.5277777777777778
precise=0.5909090909090909
recall=0.0609375
F1score=0.11048158640226628

threshold=0.0039999999999999975
0(56) 0(70) 0(83) 0(66) 0(82) 0(59) 0(66) 0(64) 
0(63) 1(103) 0(68) 1(109) 0(64) 0(73) 1(105) 
0(75) 0(65) 0(87) 0(40) 0(68) 0(57) 
0(80) 1(104) 0(88) 0(85) 0(100) 
0(98) 0(56) 0(73) 0(79) 
1(105) 0(93) 1(135) 
0(87) 0(94) 
0(74) 

0.5555555555555556
precise=0.5833333333333334
recall=0.06402439024390244
F1score=0.11538461538461539

threshold=0.004099999999999998
0(60) 0(70) 0(83) 0(66) 0(82) 0(59) 0(66) 0(65) 
0(63) 1(104) 0(69) 1(109) 0(64) 0(74) 1(105) 
0(75) 0(66) 0(87) 0(40) 0(70) 0(57) 
0(80) 1(104) 0(88) 0(86) 0(101) 
0(98) 0(56) 0(73) 0(80) 
1(105) 0(94) 1(135) 
0(87) 0(95) 
0(74) 

0.5555555555555556
precise=0.5769230769230769
recall=0.06696428571428571
F1score=0.12

threshold=0.004199999999999998
0(62) 0(70) 0(84) 0(67) 0(82) 0(59) 0(66) 0(65) 
0(63) 1(104) 0(70) 1(109) 0(64) 0(76) 1(106) 
0(76) 0(66) 0(88) 0(42) 0(70) 0(58) 
0(81) 1(104) 0(88) 0(87) 0(101) 
0(98) 0(57) 0(73) 0(80) 
1(107) 0(95) 1(135) 
0(88) 0(96) 
0(75) 

0.5555555555555556
precise=0.5714285714285714
recall=0.06976744186046512
F1score=0.12435233160621761

threshold=0.004299999999999998
0(63) 0(73) 0(85) 0(67) 0(83) 0(59) 0(66) 0(65) 
0(64) 1(104) 0(70) 1(111) 0(66) 0(76) 1(106) 
0(77) 0(66) 0(88) 0(43) 0(70) 0(58) 
0(82) 1(104) 0(89) 0(87) 0(101) 
0(98) 0(57) 0(73) 0(80) 
1(108) 0(96) 1(135) 
0(88) 0(97) 
0(76) 

0.5555555555555556
precise=0.5666666666666667
recall=0.07244318181818182
F1score=0.12846347607052896

threshold=0.0043999999999999985
0(64) 0(74) 0(86) 0(67) 0(83) 0(61) 0(66) 0(65) 
0(64) 1(104) 0(70) 1(111) 0(67) 0(76) 1(106) 
0(77) 0(66) 0(88) 0(44) 0(70) 0(58) 
0(83) 1(104) 0(89) 0(88) 0(101) 
0(98) 0(57) 0(73) 0(80) 
1(108) 0(96) 1(135) 
0(88) 0(98) 
0(77) 

0.5555555555555556
precise=0.5625
recall=0.075
F1score=0.1323529411764706

threshold=0.004499999999999999
0(64) 0(75) 0(87) 0(67) 0(85) 0(62) 0(67) 0(65) 
0(65) 1(104) 0(70) 1(113) 0(68) 0(76) 1(106) 
0(77) 0(67) 0(89) 0(45) 0(71) 0(58) 
0(83) 1(105) 0(89) 0(89) 0(101) 
0(98) 0(58) 0(73) 0(81) 
1(109) 0(97) 1(135) 
0(88) 0(98) 
0(77) 

0.5555555555555556
precise=0.5588235294117647
recall=0.07744565217391304
F1score=0.1360381861575179

threshold=0.004599999999999999
0(65) 0(77) 0(87) 0(67) 0(85) 0(62) 0(68) 0(65) 
0(65) 1(104) 0(70) 1(113) 0(69) 0(76) 1(106) 
0(79) 0(67) 0(89) 0(45) 0(71) 0(58) 
0(83) 1(105) 0(89) 0(89) 0(102) 
0(98) 0(58) 0(75) 0(81) 
1(109) 0(98) 1(135) 
0(88) 0(99) 
0(77) 

0.5555555555555556
precise=0.5555555555555556
recall=0.0797872340425532
F1score=0.13953488372093023

threshold=0.004699999999999999
0(68) 0(79) 0(87) 0(70) 0(87) 0(62) 0(69) 0(67) 
0(66) 1(104) 0(71) 1(114) 0(69) 0(77) 1(106) 
0(80) 0(67) 0(89) 0(45) 0(71) 0(58) 
0(84) 1(106) 0(89) 0(89) 0(102) 
0(98) 0(58) 0(75) 0(82) 
1(110) 0(98) 1(136) 
0(88) 0(100) 
0(77) 

0.5555555555555556
precise=0.5526315789473685
recall=0.08203125
F1score=0.14285714285714285

threshold=0.0048
0(69) 0(80) 0(89) 0(70) 0(87) 0(62) 0(69) 0(67) 
0(66) 1(104) 0(72) 1(114) 0(72) 0(77) 1(108) 
0(80) 0(67) 0(89) 0(45) 0(71) 0(58) 
0(84) 1(106) 0(90) 0(89) 0(102) 
0(98) 0(58) 0(75) 0(83) 
1(110) 0(98) 1(136) 
0(88) 0(101) 
0(77) 

0.5555555555555556
precise=0.55
recall=0.08418367346938775
F1score=0.14601769911504425

threshold=0.0049
0(70) 0(81) 0(90) 0(70) 0(87) 0(64) 0(69) 0(67) 
0(66) 1(105) 0(72) 1(114) 0(72) 0(78) 1(108) 
0(80) 0(68) 0(89) 0(45) 0(71) 0(59) 
0(85) 1(106) 0(91) 0(90) 0(102) 
0(98) 0(58) 0(76) 0(83) 
1(110) 0(98) 1(137) 
0(88) 0(101) 
0(77) 

0.5555555555555556
precise=0.5476190476190477
recall=0.08625
F1score=0.1490280777537797

threshold=0.005
0(72) 0(81) 0(90) 0(70) 0(88) 0(64) 0(69) 0(67) 
0(66) 1(105) 0(72) 1(114) 0(74) 0(78) 1(109) 
0(80) 0(68) 0(89) 0(45) 0(71) 0(59) 
0(86) 1(106) 0(91) 0(90) 0(102) 
0(99) 0(58) 0(76) 0(83) 
1(112) 0(98) 1(137) 
0(88) 1(103) 
0(77) 

0.5833333333333334
precise=0.5488721804511278
recall=0.08946078431372549
F1score=0.15384615384615385

threshold=0.0051
0(74) 0(81) 0(90) 0(71) 0(89) 0(64) 0(69) 0(67) 
0(66) 1(105) 0(72) 1(116) 0(74) 0(78) 1(109) 
0(80) 0(68) 0(89) 0(45) 0(71) 0(59) 
0(86) 1(106) 0(91) 0(90) 0(102) 
0(99) 0(58) 0(76) 0(84) 
1(112) 0(98) 1(138) 
0(88) 1(104) 
0(78) 

0.5833333333333334
precise=0.55
recall=0.09254807692307693
F1score=0.15843621399176955

threshold=0.005200000000000001
0(75) 0(83) 0(91) 0(72) 0(90) 0(64) 0(70) 0(68) 
0(67) 1(105) 0(72) 1(116) 0(78) 0(79) 1(109) 
0(82) 0(70) 0(89) 0(47) 0(71) 0(60) 
0(86) 1(106) 0(91) 0(90) 0(102) 
0(99) 0(58) 0(77) 0(84) 
1(112) 0(98) 1(138) 
0(88) 1(104) 
0(78) 

0.5833333333333334
precise=0.5510204081632653
recall=0.09551886792452831
F1score=0.1628140703517588

threshold=0.005300000000000001
0(75) 0(85) 0(93) 0(73) 0(92) 0(65) 0(72) 0(69) 
0(67) 1(105) 0(72) 1(116) 0(79) 0(80) 1(109) 
0(82) 0(71) 0(89) 0(47) 0(72) 0(61) 
0(87) 1(106) 0(91) 0(90) 1(103) 
0(99) 0(58) 0(77) 0(84) 
1(112) 0(98) 1(139) 
0(88) 1(104) 
0(78) 

0.5555555555555556
precise=0.5483870967741935
recall=0.09837962962962964
F1score=0.16683022571148184

threshold=0.005400000000000001
0(77) 0(85) 0(94) 0(73) 0(93) 0(66) 0(72) 0(69) 
0(67) 1(105) 0(72) 1(116) 0(80) 0(80) 1(109) 
0(82) 0(72) 0(89) 0(47) 0(72) 0(62) 
0(87) 1(106) 0(91) 0(90) 1(103) 
0(99) 0(58) 0(79) 0(84) 
1(114) 0(98) 1(139) 
0(88) 1(105) 
0(79) 

0.5555555555555556
precise=0.5460122699386503
recall=0.10113636363636364
F1score=0.17066155321188878

threshold=0.005500000000000001
0(78) 0(86) 0(94) 0(74) 0(94) 0(66) 0(72) 0(69) 
0(67) 1(106) 0(72) 1(116) 0(82) 0(81) 1(109) 
0(82) 0(72) 0(89) 0(47) 0(73) 0(64) 
0(87) 1(106) 0(92) 0(90) 1(103) 
0(99) 0(60) 0(79) 0(84) 
1(114) 0(98) 1(140) 
0(88) 1(105) 
0(79) 

0.5555555555555556
precise=0.543859649122807
recall=0.10379464285714286
F1score=0.17432052483598875

threshold=0.005600000000000002
0(79) 0(86) 0(95) 0(74) 0(94) 0(66) 0(72) 0(71) 
0(67) 1(106) 0(72) 1(116) 0(83) 0(81) 1(109) 
0(82) 0(72) 0(89) 0(48) 0(73) 0(65) 
0(87) 1(106) 0(92) 0(91) 1(103) 
0(99) 0(60) 0(79) 0(84) 
1(116) 0(99) 1(140) 
0(88) 1(106) 
0(80) 

0.5555555555555556
precise=0.5418994413407822
recall=0.10635964912280702
F1score=0.1778185151237397

threshold=0.005700000000000002
0(81) 0(86) 0(95) 0(75) 0(94) 0(66) 0(72) 0(73) 
0(67) 1(107) 0(73) 1(116) 0(83) 0(81) 1(109) 
0(82) 0(73) 0(89) 0(48) 0(73) 0(67) 
0(88) 1(106) 0(92) 0(92) 1(103) 
0(99) 0(60) 0(80) 0(84) 
1(116) 0(99) 1(140) 
0(88) 1(107) 
0(80) 

0.5555555555555556
precise=0.5401069518716578
recall=0.10883620689655173
F1score=0.18116591928251122

threshold=0.005800000000000002
0(81) 0(86) 0(95) 0(75) 0(94) 0(67) 0(72) 0(74) 
0(67) 1(107) 0(73) 1(116) 0(84) 0(81) 1(109) 
0(82) 0(73) 0(89) 0(49) 0(73) 0(67) 
0(91) 1(106) 0(92) 0(92) 1(105) 
0(99) 0(60) 0(80) 0(84) 
1(116) 0(99) 1(140) 
0(88) 1(107) 
0(81) 

0.5555555555555556
precise=0.5384615384615384
recall=0.11122881355932203
F1score=0.18437225636523266

threshold=0.0059000000000000025
0(81) 0(87) 0(96) 0(75) 0(96) 0(68) 0(72) 0(78) 
0(67) 1(107) 0(73) 1(116) 0(87) 0(82) 1(109) 
0(82) 0(73) 0(90) 0(50) 0(73) 0(67) 
0(91) 1(107) 0(92) 0(92) 1(105) 
0(99) 0(60) 0(80) 0(85) 
1(117) 0(100) 1(140) 
0(88) 1(108) 
0(82) 

0.5555555555555556
precise=0.5369458128078818
recall=0.11354166666666667
F1score=0.1874462596732588

threshold=0.006000000000000003
0(83) 0(87) 0(98) 0(75) 0(96) 0(68) 0(73) 0(78) 
0(68) 1(107) 0(73) 1(116) 0(87) 0(83) 1(110) 
0(82) 0(73) 0(90) 0(52) 0(73) 0(67) 
0(91) 1(107) 0(92) 0(93) 1(105) 
0(99) 0(61) 0(81) 0(85) 
1(118) 0(102) 1(140) 
0(88) 1(109) 
0(82) 

0.5555555555555556
precise=0.5355450236966824
recall=0.11577868852459017
F1score=0.19039595619208088

threshold=0.006100000000000003
0(83) 0(88) 0(98) 0(77) 0(96) 0(68) 0(73) 0(79) 
0(68) 1(108) 0(74) 1(116) 0(88) 0(85) 1(110) 
0(82) 0(73) 0(91) 0(54) 0(74) 0(69) 
0(91) 1(107) 0(92) 0(93) 1(106) 
0(99) 0(62) 0(81) 0(85) 
1(119) 0(102) 1(140) 
0(88) 1(109) 
0(82) 

0.5555555555555556
precise=0.5342465753424658
recall=0.11794354838709678
F1score=0.19322873658133774

threshold=0.006200000000000003
0(84) 0(88) 0(99) 0(77) 0(96) 0(68) 0(73) 0(80) 
0(69) 1(108) 0(76) 1(116) 0(90) 0(87) 1(110) 
0(82) 0(73) 0(91) 0(54) 0(74) 0(69) 
0(91) 1(108) 0(94) 0(93) 1(106) 
0(99) 0(63) 0(81) 0(85) 
1(119) 1(103) 1(140) 
0(88) 1(112) 
0(82) 

0.5833333333333334
precise=0.5350877192982456
recall=0.12103174603174603
F1score=0.19741100323624594

threshold=0.0063000000000000035
0(87) 0(89) 0(99) 0(77) 0(96) 0(68) 0(73) 0(80) 
0(70) 1(108) 0(76) 1(116) 0(90) 0(87) 1(112) 
0(82) 0(73) 0(91) 0(55) 0(75) 0(69) 
0(91) 1(108) 0(94) 0(94) 1(106) 
0(99) 0(63) 0(81) 0(85) 
1(120) 1(103) 1(140) 
0(88) 1(112) 
0(82) 

0.5833333333333334
precise=0.5358649789029536
recall=0.1240234375
F1score=0.2014274385408406

threshold=0.006400000000000004
0(87) 0(89) 0(99) 0(78) 0(96) 0(68) 0(75) 0(80) 
0(70) 1(108) 0(77) 1(116) 0(90) 0(87) 1(112) 
0(83) 0(74) 0(92) 0(55) 0(75) 0(69) 
0(92) 1(109) 0(94) 0(94) 1(106) 
0(99) 0(65) 0(81) 0(85) 
1(122) 1(103) 1(140) 
0(88) 1(112) 
0(82) 

0.5833333333333334
precise=0.5365853658536586
recall=0.12692307692307692
F1score=0.2052877138413686

threshold=0.006500000000000004
0(88) 0(91) 0(99) 0(78) 0(99) 0(68) 0(75) 0(82) 
0(70) 1(108) 0(77) 1(116) 0(90) 0(87) 1(112) 
0(83) 0(74) 0(92) 0(56) 0(76) 0(69) 
0(92) 1(109) 0(94) 0(94) 1(106) 
0(99) 0(65) 0(81) 0(86) 
1(122) 1(103) 1(141) 
0(88) 1(112) 
0(82) 

0.5833333333333334
precise=0.5372549019607843
recall=0.12973484848484848
F1score=0.20900076277650648

threshold=0.006600000000000004
0(89) 0(91) 0(99) 0(79) 0(100) 0(68) 0(76) 0(83) 
0(70) 1(108) 0(77) 1(116) 0(91) 0(87) 1(113) 
0(84) 0(74) 0(92) 0(57) 0(76) 0(70) 
0(92) 1(109) 0(95) 0(94) 1(106) 
0(100) 0(65) 0(81) 0(86) 
1(123) 1(104) 1(141) 
0(88) 1(113) 
0(82) 

0.5833333333333334
precise=0.5378787878787878
recall=0.13246268656716417
F1score=0.2125748502994012

threshold=0.0067000000000000046
0(90) 0(92) 0(100) 0(79) 0(101) 0(69) 0(76) 0(83) 
0(71) 1(109) 0(77) 1(116) 0(92) 0(87) 1(113) 
0(84) 0(74) 0(92) 0(59) 0(78) 0(70) 
0(92) 1(109) 0(95) 0(94) 1(106) 
0(100) 0(65) 0(81) 0(86) 
1(123) 1(104) 1(141) 
0(89) 1(114) 
0(86) 

0.5833333333333334
precise=0.5384615384615384
recall=0.13511029411764705
F1score=0.216017634092579

threshold=0.006800000000000005
0(90) 0(92) 0(101) 0(79) 0(101) 0(69) 0(77) 0(83) 
0(71) 1(111) 0(78) 1(116) 0(92) 0(87) 1(113) 
0(84) 0(74) 0(92) 0(60) 0(78) 0(70) 
0(92) 1(109) 0(95) 0(94) 1(106) 
0(100) 0(65) 0(81) 0(86) 
1(124) 1(104) 1(141) 
0(89) 1(114) 
0(87) 

0.5833333333333334
precise=0.5390070921985816
recall=0.13768115942028986
F1score=0.21933621933621933

threshold=0.006900000000000005
0(91) 0(94) 0(101) 0(80) 0(101) 0(70) 0(77) 0(84) 
0(71) 1(111) 0(78) 1(116) 0(92) 0(87) 1(113) 
0(84) 0(75) 0(92) 0(61) 0(78) 0(70) 
0(93) 1(110) 0(95) 0(94) 1(106) 
0(102) 0(66) 0(81) 0(86) 
1(124) 1(106) 1(141) 
0(90) 1(114) 
0(88) 

0.5833333333333334
precise=0.5395189003436426
recall=0.14017857142857143
F1score=0.222537207654146

threshold=0.007000000000000005
0(91) 0(94) 0(102) 0(80) 0(102) 0(70) 0(77) 0(86) 
0(72) 1(111) 0(78) 1(116) 0(92) 0(87) 1(113) 
0(84) 0(75) 0(93) 0(62) 0(78) 0(71) 
0(93) 1(110) 0(95) 0(94) 1(106) 
0(102) 0(66) 0(81) 0(86) 
1(124) 1(108) 1(141) 
0(90) 1(114) 
0(88) 

0.5833333333333334
precise=0.54
recall=0.1426056338028169
F1score=0.22562674094707522

threshold=0.007100000000000006
0(93) 0(95) 1(103) 0(80) 0(102) 0(71) 0(77) 0(86) 
0(72) 1(111) 0(80) 1(116) 0(93) 0(87) 1(113) 
0(85) 0(76) 0(93) 0(64) 0(79) 0(72) 
0(93) 1(110) 0(95) 0(94) 1(106) 
0(102) 0(66) 0(81) 0(86) 
1(125) 1(108) 1(141) 
0(90) 1(114) 
0(89) 

0.6111111111111112
precise=0.5419354838709678
recall=0.14583333333333334
F1score=0.22982216142270862

threshold=0.007200000000000006
0(95) 0(95) 1(103) 0(80) 0(102) 0(71) 0(77) 0(87) 
0(72) 1(111) 0(80) 1(116) 0(94) 0(87) 1(113) 
0(85) 0(76) 0(93) 0(65) 0(79) 0(72) 
0(93) 1(110) 0(95) 0(94) 1(106) 
0(102) 0(66) 0(82) 0(87) 
1(126) 1(108) 1(141) 
0(90) 1(114) 
0(90) 

0.6111111111111112
precise=0.54375
recall=0.14897260273972604
F1score=0.23387096774193547

threshold=0.007300000000000006
0(95) 0(95) 1(103) 0(80) 1(104) 0(71) 0(77) 0(87) 
0(72) 1(111) 0(81) 1(116) 0(94) 0(91) 1(113) 
0(85) 0(76) 0(93) 0(66) 0(81) 0(72) 
0(94) 1(110) 0(95) 0(94) 1(106) 
0(102) 0(66) 0(82) 0(88) 
1(126) 1(108) 1(141) 
0(90) 1(114) 
0(91) 

0.5833333333333334
precise=0.5438066465256798
recall=0.15202702702702703
F1score=0.2376237623762376

threshold=0.007400000000000006
0(95) 0(95) 1(103) 0(80) 1(105) 0(71) 0(77) 0(87) 
0(72) 1(111) 0(81) 1(117) 0(94) 0(92) 1(113) 
0(87) 0(77) 0(93) 0(66) 0(82) 0(72) 
0(94) 1(110) 0(96) 0(95) 1(106) 
1(103) 0(67) 0(82) 0(88) 
1(126) 1(108) 1(141) 
0(90) 1(117) 
0(92) 

0.5555555555555556
precise=0.5422740524781341
recall=0.155
F1score=0.24108878807517822

threshold=0.007500000000000007
0(95) 0(95) 1(104) 0(80) 1(105) 0(71) 0(77) 0(87) 
0(72) 1(111) 0(81) 1(117) 0(95) 0(92) 1(114) 
0(88) 0(77) 0(93) 0(67) 0(83) 0(72) 
0(94) 1(110) 0(98) 0(95) 1(106) 
1(103) 0(67) 0(82) 0(90) 
1(127) 1(108) 1(141) 
0(90) 1(117) 
0(93) 

0.5555555555555556
precise=0.5408450704225352
recall=0.15789473684210525
F1score=0.24443029917250159

threshold=0.007600000000000007
0(95) 0(95) 1(104) 0(80) 1(106) 0(71) 0(77) 0(88) 
0(72) 1(111) 0(81) 1(117) 0(96) 0(93) 1(114) 
0(88) 0(77) 0(93) 0(67) 0(83) 0(72) 
0(94) 1(110) 0(98) 0(95) 1(107) 
1(103) 0(68) 0(82) 0(91) 
1(127) 1(108) 1(141) 
0(91) 1(117) 
0(94) 

0.5555555555555556
precise=0.5395095367847411
recall=0.16071428571428573
F1score=0.24765478424015008

threshold=0.007700000000000007
0(95) 0(95) 1(104) 0(80) 1(106) 0(71) 0(78) 0(88) 
0(72) 1(111) 0(81) 1(117) 0(97) 0(94) 1(114) 
0(88) 0(77) 0(93) 0(69) 0(83) 0(73) 
0(94) 1(111) 0(99) 0(95) 1(107) 
1(104) 0(69) 0(82) 0(91) 
1(129) 1(108) 1(141) 
0(91) 1(117) 
0(95) 

0.5555555555555556
precise=0.5382585751978892
recall=0.16346153846153846
F1score=0.2507682851874616

threshold=0.0078000000000000074
0(95) 0(96) 1(104) 0(80) 1(106) 0(72) 0(79) 0(90) 
0(72) 1(111) 0(81) 1(117) 0(97) 0(94) 1(114) 
0(88) 0(77) 0(93) 0(70) 0(83) 0(73) 
0(94) 1(111) 0(99) 0(95) 1(107) 
1(104) 0(70) 0(84) 0(91) 
1(129) 1(108) 1(141) 
0(91) 1(118) 
0(96) 

0.5555555555555556
precise=0.5370843989769821
recall=0.1661392405063291
F1score=0.2537764350453172

threshold=0.007900000000000008
0(96) 0(96) 1(104) 0(80) 1(106) 0(72) 0(79) 0(91) 
0(72) 1(111) 0(81) 1(117) 0(97) 0(94) 1(114) 
0(88) 0(77) 0(93) 0(72) 0(83) 0(75) 
0(94) 1(111) 0(99) 0(95) 1(107) 
1(104) 0(70) 0(85) 0(91) 
1(130) 1(108) 1(142) 
0(93) 1(118) 
0(98) 

0.5555555555555556
precise=0.5359801488833746
recall=0.16875
F1score=0.25668449197860965

threshold=0.008000000000000007
0(96) 0(96) 1(104) 0(81) 1(106) 0(74) 0(80) 0(91) 
0(72) 1(111) 0(81) 1(117) 0(97) 0(95) 1(114) 
0(89) 0(77) 0(93) 0(74) 0(83) 0(75) 
0(94) 1(111) 0(99) 0(95) 1(107) 
1(104) 0(70) 0(85) 0(91) 
1(130) 1(108) 1(142) 
0(93) 1(118) 
0(98) 

0.5555555555555556
precise=0.5349397590361445
recall=0.1712962962962963
F1score=0.25949736995908823

threshold=0.008100000000000007
0(96) 0(96) 1(104) 0(81) 1(106) 0(74) 0(80) 0(94) 
0(72) 1(111) 0(81) 1(117) 0(97) 0(95) 1(114) 
0(89) 0(77) 0(93) 0(75) 0(84) 0(75) 
0(94) 1(111) 0(99) 0(97) 1(107) 
1(104) 0(71) 0(85) 0(91) 
1(131) 1(108) 1(142) 
0(93) 1(118) 
0(98) 

0.5555555555555556
precise=0.5339578454332553
recall=0.17378048780487804
F1score=0.2622196664749856

threshold=0.008200000000000006
0(96) 0(96) 1(104) 0(81) 1(107) 0(74) 0(80) 0(96) 
0(72) 1(111) 0(81) 1(117) 0(97) 0(95) 1(114) 
0(89) 0(77) 0(93) 0(75) 0(84) 0(75) 
0(94) 1(111) 0(99) 0(97) 1(107) 
1(105) 0(73) 0(88) 0(92) 
1(133) 1(108) 1(142) 
0(93) 1(118) 
0(98) 

0.5555555555555556
precise=0.5330296127562643
recall=0.17620481927710843
F1score=0.26485568760611206

threshold=0.008300000000000005
0(96) 0(97) 1(104) 0(81) 1(107) 0(74) 0(81) 0(97) 
0(72) 1(111) 0(81) 1(117) 0(97) 0(95) 1(114) 
0(90) 0(77) 0(94) 0(75) 0(84) 0(76) 
0(94) 1(111) 0(100) 0(98) 1(107) 
1(106) 0(74) 0(88) 0(92) 
1(133) 1(108) 1(142) 
0(95) 1(118) 
0(98) 

0.5555555555555556
precise=0.532150776053215
recall=0.17857142857142858
F1score=0.26740947075208915

threshold=0.008400000000000005
0(96) 0(97) 1(104) 0(81) 1(109) 0(74) 0(81) 0(98) 
0(72) 1(111) 0(81) 1(117) 0(97) 0(96) 1(114) 
0(90) 0(77) 0(95) 0(75) 0(85) 0(76) 
0(94) 1(111) 0(100) 0(98) 1(108) 
1(106) 0(74) 0(88) 0(92) 
1(133) 1(109) 1(142) 
0(95) 1(119) 
0(98) 

0.5555555555555556
precise=0.531317494600432
recall=0.18088235294117647
F1score=0.26988480526604497

threshold=0.008500000000000004
0(96) 0(97) 1(104) 0(81) 1(109) 0(76) 0(81) 0(99) 
0(72) 1(112) 0(81) 1(117) 0(97) 0(96) 1(114) 
0(90) 0(78) 0(95) 0(76) 0(85) 0(77) 
0(94) 1(111) 0(100) 0(98) 1(108) 
1(107) 0(74) 0(88) 0(92) 
1(133) 1(109) 1(142) 
0(95) 1(119) 
0(100) 

0.5555555555555556
precise=0.5305263157894737
recall=0.18313953488372092
F1score=0.27228525121555913

threshold=0.008600000000000003
0(97) 0(97) 1(104) 0(81) 1(109) 0(76) 0(81) 0(99) 
0(72) 1(112) 0(81) 1(118) 0(97) 0(96) 1(114) 
0(90) 0(79) 0(95) 0(78) 0(85) 0(77) 
0(94) 1(111) 0(100) 0(99) 1(108) 
1(107) 0(76) 0(88) 0(93) 
1(133) 1(110) 1(142) 
0(95) 1(119) 
0(100) 

0.5555555555555556
precise=0.5297741273100616
recall=0.1853448275862069
F1score=0.2746141564662054

threshold=0.008700000000000003
0(98) 0(98) 1(104) 0(81) 1(109) 0(76) 0(81) 0(100) 
0(72) 1(112) 0(81) 1(118) 0(97) 0(96) 1(115) 
0(90) 0(79) 0(96) 0(78) 0(85) 0(77) 
0(94) 1(112) 0(100) 0(99) 1(108) 
1(107) 0(77) 0(88) 0(93) 
1(134) 1(110) 1(142) 
0(95) 1(119) 
0(100) 

0.5555555555555556
precise=0.5290581162324649
recall=0.1875
F1score=0.2768746722600944

threshold=0.008800000000000002
0(99) 0(98) 1(104) 0(82) 1(109) 0(77) 0(81) 0(102) 
0(72) 1(112) 0(81) 1(118) 0(97) 0(98) 1(116) 
0(90) 0(81) 0(97) 0(78) 0(86) 0(78) 
0(94) 1(112) 0(100) 0(99) 1(108) 
1(107) 0(78) 0(88) 0(93) 
1(134) 1(111) 1(142) 
0(95) 1(120) 
0(102) 

0.5555555555555556
precise=0.5283757338551859
recall=0.1896067415730337
F1score=0.27906976744186046

threshold=0.008900000000000002
0(99) 0(99) 1(104) 0(82) 1(110) 0(78) 0(81) 1(103) 
0(72) 1(112) 0(81) 1(118) 0(98) 0(98) 1(116) 
0(90) 0(81) 0(97) 0(78) 0(86) 0(80) 
0(94) 1(112) 0(101) 0(100) 1(108) 
1(107) 0(78) 0(89) 0(93) 
1(134) 1(111) 1(142) 
0(95) 1(121) 
0(102) 

0.5277777777777778
precise=0.5267175572519084
recall=0.19166666666666668
F1score=0.28105906313645623

threshold=0.009000000000000001
0(100) 0(99) 1(104) 0(83) 1(111) 0(78) 0(81) 1(103) 
0(72) 1(112) 0(81) 1(118) 0(98) 0(98) 1(116) 
0(90) 0(81) 0(97) 0(78) 0(87) 0(80) 
0(94) 1(112) 0(101) 0(100) 1(108) 
1(107) 0(78) 0(89) 0(93) 
1(134) 1(111) 1(142) 
0(95) 1(121) 
0(102) 

0.5277777777777778
precise=0.5251396648044693
recall=0.1936813186813187
F1score=0.28299046663321625

threshold=0.0091
1(103) 0(100) 1(104) 0(83) 1(111) 0(78) 0(81) 1(103) 
0(73) 1(112) 0(81) 1(118) 0(98) 0(100) 1(116) 
0(90) 0(82) 0(97) 0(79) 0(87) 0(82) 
0(94) 1(112) 0(101) 0(100) 1(108) 
1(107) 0(78) 0(89) 0(93) 
1(134) 1(111) 1(142) 
0(96) 1(122) 
1(103) 

0.5833333333333334
precise=0.5253623188405797
recall=0.19701086956521738
F1score=0.2865612648221344

threshold=0.0092
1(104) 0(100) 1(104) 0(83) 1(111) 0(78) 0(81) 1(103) 
0(73) 1(112) 0(81) 1(118) 0(98) 0(102) 1(116) 
0(91) 0(83) 0(97) 0(79) 0(88) 0(82) 
0(94) 1(112) 0(102) 0(100) 1(108) 
1(107) 0(78) 0(89) 0(93) 
1(135) 1(114) 1(142) 
0(96) 1(122) 
1(104) 

0.5833333333333334
precise=0.5255731922398589
recall=0.20026881720430106
F1score=0.2900243309002433

threshold=0.0093
1(104) 0(100) 1(104) 0(83) 1(111) 0(79) 0(82) 1(104) 
0(73) 1(112) 0(81) 1(118) 0(99) 1(103) 1(116) 
0(91) 0(83) 0(97) 0(80) 0(88) 0(82) 
0(94) 1(112) 0(102) 0(100) 1(108) 
1(107) 0(79) 0(89) 0(93) 
1(135) 1(115) 1(142) 
0(96) 1(124) 
1(104) 

0.5555555555555556
precise=0.5248713550600344
recall=0.20345744680851063
F1score=0.29324389075227597

threshold=0.009399999999999999
1(104) 0(100) 1(104) 0(83) 1(111) 0(79) 0(82) 1(104) 
0(73) 1(113) 0(81) 1(118) 0(100) 1(103) 1(116) 
0(91) 0(84) 0(97) 0(80) 0(88) 0(82) 
0(94) 1(112) 1(103) 0(100) 1(108) 
1(107) 0(80) 0(90) 0(93) 
1(135) 1(115) 1(142) 
0(96) 1(124) 
1(104) 

0.5277777777777778
precise=0.5233333333333333
recall=0.20657894736842106
F1score=0.2962264150943396

threshold=0.009499999999999998
1(104) 0(100) 1(104) 0(83) 1(111) 0(79) 0(82) 1(105) 
0(73) 1(113) 0(81) 1(118) 0(100) 1(103) 1(116) 
0(93) 0(84) 0(97) 0(80) 0(88) 0(82) 
0(94) 1(112) 1(103) 0(100) 1(108) 
1(107) 0(81) 0(90) 0(94) 
1(136) 1(115) 1(142) 
0(96) 1(124) 
1(104) 

0.5277777777777778
precise=0.5218800648298217
recall=0.20963541666666666
F1score=0.29911751045053414

threshold=0.009599999999999997
1(105) 0(100) 1(104) 0(83) 1(111) 0(79) 0(83) 1(105) 
0(73) 1(113) 0(81) 1(118) 0(100) 1(103) 1(116) 
0(93) 0(84) 0(97) 0(80) 0(88) 0(82) 
0(94) 1(112) 1(103) 0(100) 1(108) 
1(107) 0(81) 0(90) 0(94) 
1(136) 1(115) 1(142) 
0(96) 1(124) 
1(104) 

0.5277777777777778
precise=0.5205047318611987
recall=0.21262886597938144
F1score=0.3019213174748399

threshold=0.009699999999999997
1(105) 0(100) 1(104) 0(83) 1(111) 0(79) 0(83) 1(105) 
0(73) 1(113) 0(81) 1(118) 0(100) 1(103) 1(117) 
0(93) 0(84) 0(97) 0(81) 0(88) 0(82) 
0(94) 1(112) 1(103) 0(100) 1(108) 
1(108) 0(81) 0(90) 0(94) 
1(136) 1(115) 1(142) 
0(96) 1(124) 
1(107) 

0.5277777777777778
precise=0.5192012288786483
recall=0.21556122448979592
F1score=0.3046417305092384

threshold=0.009799999999999996
1(105) 0(100) 1(104) 0(83) 1(111) 0(79) 0(83) 1(105) 
0(73) 1(113) 0(81) 1(119) 0(100) 1(104) 1(118) 
0(93) 0(84) 0(97) 0(83) 0(88) 0(82) 
0(94) 1(112) 1(103) 0(101) 1(108) 
1(108) 0(81) 0(90) 0(94) 
1(136) 1(115) 1(142) 
0(96) 1(124) 
1(107) 

0.5277777777777778
precise=0.5179640718562875
recall=0.21843434343434343
F1score=0.30728241563055064

threshold=0.009899999999999996
1(107) 0(100) 1(104) 0(83) 1(111) 0(79) 0(83) 1(106) 
0(75) 1(113) 0(81) 1(119) 0(100) 1(104) 1(119) 
0(93) 0(84) 0(97) 0(83) 0(89) 0(82) 
0(94) 1(112) 1(104) 0(101) 1(108) 
1(109) 0(81) 0(90) 0(94) 
1(136) 1(115) 1(142) 
0(96) 1(124) 
1(108) 

0.5277777777777778
precise=0.5167883211678832
recall=0.22125
F1score=0.3098468271334792

threshold=0.009999999999999995
1(107) 0(100) 1(104) 0(83) 1(111) 0(79) 0(83) 1(106) 
0(75) 1(113) 0(81) 1(119) 0(100) 1(104) 1(119) 
0(93) 0(84) 0(97) 0(83) 0(89) 0(82) 
0(94) 1(112) 1(104) 0(102) 1(108) 
1(109) 0(81) 0(90) 0(94) 
1(136) 1(116) 1(142) 
0(96) 1(125) 
1(108) 

0.5277777777777778
precise=0.5156695156695157
recall=0.22400990099009901
F1score=0.31233822260569455

threshold=0.010099999999999994
1(108) 0(100) 1(104) 0(83) 1(111) 0(79) 0(83) 1(106) 
0(75) 1(113) 0(81) 1(119) 0(100) 1(105) 1(119) 
0(93) 0(84) 0(97) 0(84) 0(89) 0(83) 
0(94) 1(112) 1(104) 0(102) 1(108) 
1(109) 0(81) 0(90) 0(94) 
1(137) 1(117) 1(142) 
0(96) 1(125) 
1(109) 

0.5277777777777778
precise=0.5146036161335188
recall=0.2267156862745098
F1score=0.31475967673330496

threshold=0.010199999999999994
1(108) 0(100) 1(105) 0(83) 1(111) 0(79) 0(83) 1(106) 
0(75) 1(113) 0(81) 1(119) 0(100) 1(106) 1(119) 
0(94) 0(84) 0(97) 0(85) 0(90) 0(83) 
0(94) 1(112) 1(104) 1(103) 1(108) 
1(109) 0(81) 0(90) 0(94) 
1(138) 1(117) 1(142) 
0(96) 1(125) 
1(109) 

0.5
precise=0.5128900949796472
recall=0.22936893203883496
F1score=0.3169811320754717

threshold=0.010299999999999993
1(108) 0(100) 1(105) 0(84) 1(111) 0(79) 0(83) 1(106) 
0(75) 1(113) 0(81) 1(119) 0(100) 1(106) 1(119) 
0(94) 0(84) 0(97) 0(87) 0(90) 0(83) 
0(94) 1(112) 1(104) 1(103) 1(108) 
1(109) 0(82) 0(90) 0(94) 
1(138) 1(117) 1(142) 
0(96) 1(125) 
1(109) 

0.5
precise=0.5112582781456954
recall=0.23197115384615385
F1score=0.3191401405539479

threshold=0.010399999999999993
1(108) 0(100) 1(105) 0(85) 1(111) 0(79) 0(84) 1(106) 
0(75) 1(113) 0(81) 1(119) 0(101) 1(106) 1(119) 
0(94) 0(84) 0(97) 0(88) 0(91) 0(84) 
0(94) 1(112) 1(104) 1(103) 1(110) 
1(109) 0(83) 0(90) 0(94) 
1(138) 1(118) 1(142) 
0(96) 1(125) 
1(109) 

0.5
precise=0.5097024579560155
recall=0.23452380952380952
F1score=0.32123929881777413

threshold=0.010499999999999992
1(108) 0(100) 1(105) 0(85) 1(111) 0(80) 0(84) 1(107) 
0(75) 1(113) 0(81) 1(119) 0(102) 1(106) 1(119) 
0(94) 0(84) 0(97) 0(88) 0(91) 0(84) 
0(94) 1(112) 1(104) 1(103) 1(110) 
1(109) 0(85) 0(92) 0(94) 
1(138) 1(118) 1(142) 
0(96) 1(125) 
1(110) 

0.5
precise=0.5082174462705437
recall=0.23702830188679244
F1score=0.3232810615199035

threshold=0.010599999999999991
1(110) 0(100) 1(105) 0(86) 1(111) 0(80) 0(84) 1(108) 
0(75) 1(113) 0(81) 1(119) 0(102) 1(107) 1(119) 
0(94) 0(84) 0(97) 0(88) 0(91) 0(84) 
0(94) 1(112) 1(104) 1(103) 1(110) 
1(109) 0(86) 0(92) 0(94) 
1(138) 1(120) 1(142) 
0(96) 1(127) 
1(111) 

0.5
precise=0.5067985166872683
recall=0.23948598130841123
F1score=0.325267750892503

threshold=0.01069999999999999
1(110) 0(100) 1(105) 0(86) 1(111) 0(80) 0(84) 1(108) 
0(76) 1(114) 0(81) 1(119) 0(102) 1(108) 1(119) 
0(94) 0(84) 0(97) 0(89) 0(91) 0(84) 
0(95) 1(112) 1(104) 1(103) 1(110) 
1(109) 0(86) 0(92) 0(94) 
1(138) 1(121) 1(142) 
0(97) 1(127) 
1(112) 

0.5
precise=0.5054413542926239
recall=0.24189814814814814
F1score=0.32720156555772995

threshold=0.01079999999999999
1(110) 0(100) 1(105) 0(86) 1(111) 0(80) 0(84) 1(109) 
0(77) 1(114) 0(83) 1(119) 1(103) 1(109) 1(119) 
0(94) 0(84) 0(97) 0(89) 0(91) 0(84) 
0(95) 1(112) 1(104) 1(103) 1(110) 
1(109) 0(86) 0(92) 0(94) 
1(138) 1(121) 1(142) 
0(97) 1(127) 
1(112) 

0.4722222222222222
precise=0.5035460992907801
recall=0.24426605504587157
F1score=0.32895752895752894

threshold=0.01089999999999999
1(110) 0(101) 1(105) 0(86) 1(111) 0(80) 0(84) 1(110) 
0(77) 1(114) 0(84) 1(119) 1(104) 1(110) 1(119) 
0(94) 0(84) 0(97) 0(89) 0(91) 0(85) 
0(95) 1(112) 1(104) 1(103) 1(110) 
1(109) 0(86) 0(92) 0(94) 
1(138) 1(121) 1(142) 
0(97) 1(128) 
1(113) 

0.4722222222222222
precise=0.5017341040462427
recall=0.24659090909090908
F1score=0.33066666666666666

threshold=0.010999999999999989
1(110) 0(102) 1(106) 0(86) 1(111) 0(80) 0(84) 1(110) 
0(77) 1(114) 0(85) 1(119) 1(104) 1(111) 1(119) 
0(94) 0(84) 0(98) 0(89) 0(91) 0(85) 
0(95) 1(112) 1(104) 1(103) 1(110) 
1(109) 0(86) 0(92) 0(94) 
1(138) 1(122) 1(142) 
0(97) 1(128) 
1(113) 

0.4722222222222222
precise=0.5
recall=0.24887387387387389
F1score=0.3323308270676692

threshold=0.011099999999999988
1(110) 0(102) 1(106) 0(87) 1(111) 0(80) 0(84) 1(110) 
0(77) 1(114) 0(85) 1(119) 1(104) 1(111) 1(119) 
0(94) 0(84) 0(98) 0(91) 0(91) 0(86) 
0(95) 1(112) 1(104) 1(103) 1(110) 
1(109) 0(86) 0(92) 0(94) 
1(138) 1(123) 1(142) 
0(97) 1(129) 
1(113) 

0.4722222222222222
precise=0.4983388704318937
recall=0.25111607142857145
F1score=0.3339517625231911

threshold=0.011199999999999988
1(111) 0(102) 1(106) 0(87) 1(111) 0(80) 0(84) 1(111) 
0(77) 1(114) 0(86) 1(119) 1(104) 1(111) 1(119) 
0(94) 0(85) 0(99) 0(92) 0(91) 0(87) 
0(95) 1(112) 1(104) 1(103) 1(110) 
1(109) 0(86) 0(92) 0(94) 
1(138) 1(123) 1(143) 
0(97) 1(129) 
1(113) 

0.4722222222222222
precise=0.4967462039045553
recall=0.25331858407079644
F1score=0.3355311355311355

threshold=0.011299999999999987
1(112) 0(102) 1(106) 0(87) 1(111) 0(80) 0(84) 1(111) 
0(78) 1(114) 0(86) 1(119) 1(104) 1(112) 1(119) 
0(94) 0(85) 0(99) 0(92) 0(91) 0(87) 
0(96) 1(112) 1(104) 1(103) 1(110) 
1(109) 0(86) 0(93) 0(94) 
1(138) 1(123) 1(143) 
0(97) 1(129) 
1(113) 

0.4722222222222222
precise=0.4952178533475027
recall=0.25548245614035087
F1score=0.33707052441229657

threshold=0.011399999999999987
1(112) 0(102) 1(107) 0(88) 1(111) 0(81) 0(84) 1(111) 
0(78) 1(114) 0(87) 1(119) 1(104) 1(113) 1(119) 
0(95) 0(85) 0(99) 0(92) 0(91) 0(87) 
0(96) 1(112) 1(104) 1(103) 1(110) 
1(109) 0(86) 0(93) 0(94) 
1(138) 1(123) 1(143) 
0(98) 1(130) 
1(114) 

0.4722222222222222
precise=0.49375
recall=0.2576086956521739
F1score=0.3385714285714286

threshold=0.011499999999999986
1(112) 0(102) 1(109) 0(88) 1(111) 0(81) 0(85) 1(111) 
0(78) 1(114) 0(87) 1(119) 1(104) 1(114) 1(119) 
0(95) 0(86) 0(99) 0(92) 0(92) 0(87) 
0(96) 1(112) 1(104) 1(103) 1(110) 
1(109) 0(86) 0(94) 0(95) 
1(138) 1(125) 1(143) 
0(98) 1(131) 
1(114) 

0.4722222222222222
precise=0.4923391215526047
recall=0.25969827586206895
F1score=0.3400352733686067

threshold=0.011599999999999985
1(112) 0(102) 1(109) 0(88) 1(111) 0(81) 0(85) 1(111) 
0(78) 1(114) 0(87) 1(119) 1(104) 1(114) 1(120) 
0(95) 0(86) 0(99) 0(93) 0(92) 0(87) 
0(96) 1(112) 1(104) 1(103) 1(110) 
1(109) 0(86) 0(94) 0(95) 
1(138) 1(126) 1(143) 
0(98) 1(131) 
1(114) 

0.4722222222222222
precise=0.4909819639278557
recall=0.26175213675213677
F1score=0.34146341463414637

threshold=0.011699999999999985
1(112) 0(102) 1(109) 0(89) 1(111) 0(81) 0(85) 1(111) 
0(78) 1(115) 0(87) 1(119) 1(104) 1(114) 1(120) 
0(95) 0(86) 0(99) 0(93) 0(92) 0(87) 
0(96) 1(112) 1(104) 1(103) 1(110) 
1(109) 0(87) 0(94) 0(95) 
1(138) 1(126) 1(143) 
0(98) 1(131) 
1(115) 

0.4722222222222222
precise=0.4896755162241888
recall=0.263771186440678
F1score=0.34285714285714286

threshold=0.011799999999999984
1(112) 0(102) 1(109) 0(90) 1(112) 0(82) 0(85) 1(111) 
0(78) 1(115) 0(87) 1(119) 1(104) 1(114) 1(120) 
0(95) 0(86) 0(99) 0(93) 0(92) 0(90) 
0(97) 1(112) 1(104) 1(103) 1(110) 
1(109) 0(87) 0(94) 0(95) 
1(139) 1(126) 1(143) 
0(99) 1(132) 
1(115) 

0.4722222222222222
precise=0.48841698841698844
recall=0.2657563025210084
F1score=0.3442176870748299

threshold=0.011899999999999984
1(112) 0(102) 1(110) 0(90) 1(112) 0(82) 0(86) 1(111) 
0(78) 1(115) 0(87) 1(120) 1(104) 1(114) 1(120) 
0(95) 0(86) 0(99) 0(93) 0(92) 0(90) 
0(97) 1(113) 1(104) 1(104) 1(110) 
1(109) 0(88) 0(94) 0(95) 
1(140) 1(128) 1(143) 
0(99) 1(134) 
1(115) 

0.4722222222222222
precise=0.4872037914691943
recall=0.2677083333333333
F1score=0.345546218487395

threshold=0.011999999999999983
1(113) 1(103) 1(110) 0(91) 1(112) 0(82) 0(86) 1(111) 
0(78) 1(116) 0(87) 1(120) 1(104) 1(114) 1(120) 
0(95) 0(86) 0(99) 0(93) 0(92) 0(90) 
0(97) 1(113) 1(104) 1(104) 1(110) 
1(109) 0(89) 0(94) 0(95) 
1(141) 1(128) 1(143) 
0(99) 1(134) 
1(116) 

0.5
precise=0.4865116279069767
recall=0.27014462809917356
F1score=0.3473928927266689

threshold=0.012099999999999982
1(113) 1(103) 1(110) 0(91) 1(112) 0(82) 0(86) 1(111) 
0(78) 1(116) 0(87) 1(120) 1(104) 1(114) 1(120) 
0(95) 0(87) 0(99) 0(93) 0(92) 0(90) 
0(97) 1(113) 1(104) 1(104) 1(110) 
1(109) 0(89) 0(94) 0(95) 
1(142) 1(128) 1(143) 
0(99) 1(134) 
1(118) 

0.5
precise=0.4858447488584475
recall=0.2725409836065574
F1score=0.3491959304233673

threshold=0.012199999999999982
1(113) 1(103) 1(110) 0(91) 1(113) 0(82) 0(86) 1(112) 
0(79) 1(116) 0(88) 1(120) 1(104) 1(114) 1(120) 
0(95) 0(87) 0(99) 0(93) 0(92) 0(90) 
0(97) 1(113) 1(104) 1(104) 1(110) 
1(109) 0(89) 0(94) 0(95) 
1(142) 1(128) 1(143) 
0(99) 1(134) 
1(118) 

0.5
precise=0.4852017937219731
recall=0.27489837398373984
F1score=0.35095686020110284

threshold=0.012299999999999981
1(114) 1(104) 1(110) 0(91) 1(113) 0(82) 0(86) 1(112) 
0(79) 1(116) 0(88) 1(120) 1(104) 1(114) 1(120) 
0(96) 0(88) 0(99) 0(94) 0(92) 0(91) 
0(97) 1(113) 1(104) 1(104) 1(110) 
1(109) 0(89) 0(95) 0(97) 
1(142) 1(129) 1(143) 
0(99) 1(134) 
1(121) 

0.5
precise=0.4845814977973568
recall=0.2772177419354839
F1score=0.3526771401090093

threshold=0.01239999999999998
1(114) 1(105) 1(110) 0(92) 1(114) 0(82) 0(86) 1(112) 
0(79) 1(117) 0(88) 1(120) 1(105) 1(114) 1(120) 
0(96) 0(88) 0(99) 0(94) 0(92) 0(92) 
0(97) 1(113) 1(104) 1(104) 1(111) 
1(109) 0(89) 0(95) 0(97) 
1(142) 1(129) 1(143) 
0(99) 1(134) 
1(124) 

0.5
precise=0.48398268398268396
recall=0.2795
F1score=0.3543581616481775

threshold=0.01249999999999998
1(114) 1(106) 1(110) 0(92) 1(114) 0(82) 0(86) 1(112) 
0(79) 1(117) 0(88) 1(120) 1(105) 1(114) 1(121) 
0(97) 0(89) 0(99) 0(94) 0(92) 0(92) 
0(98) 1(113) 1(104) 1(104) 1(111) 
1(109) 0(89) 0(95) 0(98) 
1(142) 1(129) 1(143) 
0(99) 1(134) 
1(124) 

0.5
precise=0.48340425531914893
recall=0.28174603174603174
F1score=0.3560012535255406

threshold=0.01259999999999998
1(114) 1(106) 1(110) 0(92) 1(114) 0(82) 0(86) 1(112) 
0(79) 1(117) 0(88) 1(120) 1(105) 1(114) 1(121) 
0(97) 0(89) 0(99) 0(94) 0(92) 0(93) 
0(98) 1(113) 1(104) 1(104) 1(112) 
1(109) 0(90) 0(95) 0(99) 
1(142) 1(129) 1(143) 
0(99) 1(134) 
1(125) 

0.5
precise=0.48284518828451883
recall=0.2839566929133858
F1score=0.3576076851564921

threshold=0.012699999999999979
1(114) 1(106) 1(110) 0(92) 1(114) 0(82) 0(86) 1(113) 
0(79) 1(117) 0(90) 1(120) 1(105) 1(114) 1(121) 
0(97) 0(90) 0(99) 0(94) 0(92) 0(93) 
0(98) 1(113) 1(104) 1(104) 1(112) 
1(109) 0(90) 0(95) 0(100) 
1(142) 1(130) 1(143) 
0(100) 1(134) 
1(125) 

0.5
precise=0.4823045267489712
recall=0.2861328125
F1score=0.35917866993564207

threshold=0.012799999999999978
1(114) 1(106) 1(111) 0(92) 1(114) 0(83) 0(86) 1(113) 
0(79) 1(117) 0(91) 1(122) 1(105) 1(114) 1(121) 
0(97) 0(90) 0(99) 0(94) 0(92) 0(93) 
0(98) 1(113) 1(105) 1(104) 1(112) 
1(109) 0(90) 0(95) 0(100) 
1(142) 1(130) 1(143) 
0(100) 1(134) 
1(125) 

0.5
precise=0.4817813765182186
recall=0.2882751937984496
F1score=0.36071536829342227

threshold=0.012899999999999977
1(114) 1(106) 1(111) 0(92) 1(114) 0(84) 0(87) 1(113) 
0(79) 1(118) 0(91) 1(122) 1(105) 1(114) 1(121) 
0(97) 0(90) 0(99) 0(94) 0(93) 0(93) 
0(98) 1(113) 1(105) 1(105) 1(112) 
1(109) 0(90) 0(95) 0(100) 
1(142) 1(130) 1(143) 
0(100) 1(135) 
1(125) 

0.5
precise=0.48127490039840637
recall=0.2903846153846154
F1score=0.3622188905547226

threshold=0.012999999999999977
1(115) 1(107) 1(111) 0(92) 1(114) 0(84) 0(87) 1(113) 
0(79) 1(118) 0(91) 1(122) 1(105) 1(114) 1(121) 
0(97) 0(91) 0(100) 0(94) 0(93) 0(95) 
0(98) 1(113) 1(105) 1(105) 1(112) 
1(109) 0(90) 0(95) 0(100) 
1(142) 1(130) 1(143) 
0(100) 1(135) 
1(126) 

0.5
precise=0.4807843137254902
recall=0.2924618320610687
F1score=0.3636902996143578

threshold=0.013099999999999976
1(115) 1(108) 1(111) 0(92) 1(115) 0(84) 0(87) 1(113) 
0(80) 1(118) 0(91) 1(122) 1(105) 1(114) 1(121) 
0(97) 0(91) 0(101) 0(94) 0(93) 0(95) 
0(98) 1(113) 1(105) 1(105) 1(112) 
1(110) 0(90) 0(95) 0(100) 
1(142) 1(131) 1(143) 
0(100) 1(136) 
1(126) 

0.5
precise=0.4803088803088803
recall=0.29450757575757575
F1score=0.36513061344291164

threshold=0.013199999999999976
1(115) 1(108) 1(111) 0(92) 1(115) 0(84) 0(87) 1(113) 
0(80) 1(118) 0(91) 1(122) 1(105) 1(114) 1(121) 
0(97) 0(92) 0(102) 0(94) 0(93) 0(95) 
0(98) 1(113) 1(105) 1(106) 1(112) 
1(110) 0(90) 0(95) 0(100) 
1(142) 1(131) 1(143) 
0(102) 1(136) 
1(126) 

0.5
precise=0.47984790874524713
recall=0.29652255639097747
F1score=0.36654080743537615

threshold=0.013299999999999975
1(115) 1(108) 1(111) 0(92) 1(115) 0(84) 0(87) 1(113) 
0(80) 1(118) 0(91) 1(122) 1(106) 1(114) 1(121) 
0(97) 0(92) 0(102) 0(94) 0(93) 0(96) 
0(98) 1(113) 1(105) 1(106) 1(112) 
1(110) 0(90) 0(96) 0(100) 
1(142) 1(131) 1(143) 
0(102) 1(136) 
1(126) 

0.5
precise=0.4794007490636704
recall=0.29850746268656714
F1score=0.36792181661396955

threshold=0.013399999999999974
1(115) 1(109) 1(111) 0(92) 1(115) 0(84) 0(87) 1(113) 
0(81) 1(118) 0(91) 1(122) 1(106) 1(114) 1(121) 
0(97) 0(92) 1(103) 0(94) 0(94) 0(96) 
0(98) 1(113) 1(105) 1(106) 1(112) 
1(110) 0(90) 0(96) 0(100) 
1(142) 1(131) 1(143) 
0(102) 1(137) 
1(127) 

0.4722222222222222
precise=0.4786135693215339
recall=0.300462962962963
F1score=0.3691695108077361

threshold=0.013499999999999974
1(115) 1(109) 1(111) 0(92) 1(115) 0(84) 0(88) 1(113) 
0(81) 1(118) 0(91) 1(122) 1(106) 1(114) 1(121) 
0(98) 0(92) 1(103) 0(95) 0(94) 0(97) 
0(98) 1(113) 1(105) 1(106) 1(112) 
1(110) 0(91) 0(96) 0(102) 
1(142) 1(131) 1(143) 
1(103) 1(137) 
1(128) 

0.5
precise=0.4782293178519594
recall=0.30284926470588236
F1score=0.37084974676420934

threshold=0.013599999999999973
1(115) 1(109) 1(111) 0(92) 1(115) 0(84) 0(88) 1(113) 
0(81) 1(118) 0(91) 1(122) 1(106) 1(114) 1(121) 
0(98) 0(93) 1(103) 0(95) 0(94) 0(97) 
0(98) 1(113) 1(105) 1(106) 1(112) 
1(110) 0(92) 0(96) 0(102) 
1(142) 1(131) 1(143) 
1(103) 1(138) 
1(128) 

0.5
precise=0.47785714285714287
recall=0.3052007299270073
F1score=0.3724944320712695

threshold=0.013699999999999973
1(115) 1(109) 1(112) 0(92) 1(115) 0(84) 0(88) 1(113) 
0(81) 1(118) 0(91) 1(122) 1(106) 1(114) 1(121) 
0(98) 0(93) 1(103) 0(95) 0(94) 0(97) 
0(99) 1(113) 1(105) 1(106) 1(112) 
1(110) 0(92) 0(96) 0(102) 
1(142) 1(131) 1(143) 
1(103) 1(138) 
1(129) 

0.5
precise=0.47749648382559773
recall=0.307518115942029
F1score=0.3741046831955923

threshold=0.013799999999999972
1(115) 1(109) 1(112) 0(92) 1(115) 0(84) 0(88) 1(113) 
0(81) 1(118) 0(91) 1(122) 1(106) 1(114) 1(121) 
0(98) 0(93) 1(104) 0(95) 0(94) 0(97) 
0(99) 1(113) 1(105) 1(106) 1(112) 
1(110) 0(92) 0(96) 0(102) 
1(142) 1(131) 1(143) 
1(103) 1(138) 
1(129) 

0.5
precise=0.47714681440443213
recall=0.3098021582733813
F1score=0.3756815703380589

threshold=0.013899999999999971
1(115) 1(110) 1(112) 0(93) 1(115) 0(84) 0(89) 1(113) 
0(83) 1(118) 0(91) 1(122) 1(106) 1(115) 1(121) 
0(98) 0(95) 1(105) 0(95) 0(94) 0(97) 
0(99) 1(113) 1(105) 1(106) 1(112) 
1(110) 0(92) 0(96) 1(103) 
1(142) 1(131) 1(143) 
1(103) 1(138) 
1(129) 

0.4722222222222222
precise=0.47648261758691207
recall=0.31205357142857143
F1score=0.377124359320205

threshold=0.01399999999999997
1(115) 1(110) 1(112) 0(93) 1(115) 0(84) 0(89) 1(113) 
0(83) 1(118) 0(92) 1(122) 1(107) 1(115) 1(121) 
0(99) 0(95) 1(105) 0(95) 0(94) 0(97) 
0(99) 1(113) 1(105) 1(106) 1(112) 
1(110) 0(92) 0(96) 1(103) 
1(142) 1(131) 1(143) 
1(103) 1(138) 
1(129) 

0.4722222222222222
precise=0.47583892617449663
recall=0.31427304964539005
F1score=0.3785371062466631

threshold=0.01409999999999997
1(115) 1(110) 1(112) 0(93) 1(115) 0(84) 0(89) 1(113) 
0(83) 1(118) 0(92) 1(122) 1(107) 1(115) 1(121) 
0(99) 0(95) 1(105) 0(96) 0(94) 0(97) 
0(100) 1(113) 1(105) 1(106) 1(112) 
1(112) 0(93) 0(97) 1(103) 
1(142) 1(132) 1(143) 
1(103) 1(138) 
1(129) 

0.4722222222222222
precise=0.47521480502313285
recall=0.3164612676056338
F1score=0.3799207397622193

threshold=0.01419999999999997
1(115) 1(110) 1(112) 0(93) 1(115) 0(84) 0(89) 1(113) 
0(84) 1(118) 0(92) 1(122) 1(107) 1(115) 1(121) 
0(99) 0(95) 1(106) 0(96) 0(94) 0(97) 
0(100) 1(115) 1(105) 1(106) 1(112) 
1(112) 0(94) 0(97) 1(103) 
1(142) 1(132) 1(144) 
1(103) 1(138) 
1(130) 

0.4722222222222222
precise=0.474609375
recall=0.3186188811188811
F1score=0.38127615062761505

threshold=0.014299999999999969
1(116) 1(110) 1(112) 0(93) 1(115) 0(85) 0(89) 1(113) 
0(85) 1(118) 0(92) 1(122) 1(107) 1(115) 1(121) 
0(100) 0(96) 1(106) 0(96) 0(94) 0(97) 
0(101) 1(115) 1(105) 1(107) 1(113) 
1(112) 0(94) 0(97) 1(104) 
1(142) 1(132) 1(144) 
1(103) 1(138) 
1(132) 

0.4722222222222222
precise=0.4740218088518281
recall=0.3207465277777778
F1score=0.3826041936318923

threshold=0.014399999999999968
1(116) 1(111) 1(112) 0(93) 1(115) 0(85) 0(90) 1(113) 
0(87) 1(118) 0(95) 1(122) 1(107) 1(115) 1(121) 
0(100) 0(96) 1(106) 0(97) 0(94) 0(97) 
0(101) 1(116) 1(106) 1(107) 1(113) 
1(112) 0(94) 0(97) 1(104) 
1(142) 1(133) 1(144) 
1(103) 1(138) 
1(132) 

0.4722222222222222
precise=0.47345132743362833
recall=0.3228448275862069
F1score=0.38390568939005637

threshold=0.014499999999999968
1(116) 1(111) 1(112) 0(93) 1(115) 0(85) 0(90) 1(113) 
0(87) 1(118) 0(95) 1(122) 1(107) 1(115) 1(121) 
0(100) 0(96) 1(106) 0(98) 0(94) 0(98) 
0(101) 1(116) 1(106) 1(107) 1(113) 
1(112) 0(94) 0(97) 1(104) 
1(142) 1(134) 1(144) 
1(103) 1(139) 
1(133) 

0.4722222222222222
precise=0.47289719626168225
recall=0.3249143835616438
F1score=0.3851814260340015

threshold=0.014599999999999967
1(117) 1(111) 1(112) 0(93) 1(115) 0(85) 0(90) 1(113) 
0(87) 1(118) 0(95) 1(122) 1(107) 1(115) 1(121) 
0(101) 0(96) 1(106) 0(99) 0(95) 0(98) 
0(101) 1(116) 1(106) 1(107) 1(113) 
1(112) 0(94) 0(97) 1(104) 
1(142) 1(135) 1(144) 
1(103) 1(139) 
1(133) 

0.4722222222222222
precise=0.47235872235872234
recall=0.32695578231292516
F1score=0.3864321608040201

threshold=0.014699999999999967
1(117) 1(111) 1(112) 0(93) 1(116) 0(86) 0(90) 1(113) 
0(87) 1(118) 0(95) 1(122) 1(107) 1(115) 1(121) 
0(101) 0(96) 1(107) 0(99) 0(95) 0(98) 
0(101) 1(116) 1(106) 1(107) 1(113) 
1(112) 0(94) 0(97) 1(104) 
1(142) 1(135) 1(144) 
1(104) 1(139) 
1(134) 

0.4722222222222222
precise=0.4718352513628104
recall=0.32896959459459457
F1score=0.3876586215476487

threshold=0.014799999999999966
1(117) 1(111) 1(112) 0(93) 1(116) 0(86) 0(90) 1(113) 
0(89) 1(118) 0(95) 1(122) 1(107) 1(116) 1(121) 
0(101) 0(96) 1(107) 0(100) 0(95) 0(98) 
0(101) 1(116) 1(106) 1(107) 1(113) 
1(112) 0(95) 0(98) 1(104) 
1(142) 1(135) 1(144) 
1(104) 1(139) 
1(134) 

0.4722222222222222
precise=0.471326164874552
recall=0.3309563758389262
F1score=0.38886150813208475

threshold=0.014899999999999965
1(117) 1(111) 1(112) 0(93) 1(116) 0(86) 0(90) 1(113) 
0(90) 1(118) 0(95) 1(122) 1(107) 1(116) 1(121) 
0(101) 0(96) 1(108) 0(100) 0(95) 0(98) 
0(102) 1(116) 1(106) 1(107) 1(113) 
1(112) 0(95) 0(98) 1(104) 
1(142) 1(135) 1(144) 
1(104) 1(139) 
1(135) 

0.4722222222222222
precise=0.47083087802003537
recall=0.3329166666666667
F1score=0.3900414937759336

threshold=0.014999999999999965
1(117) 1(111) 1(112) 0(93) 1(116) 0(86) 0(90) 1(113) 
0(90) 1(119) 0(96) 1(122) 1(107) 1(117) 1(121) 
0(101) 0(96) 1(108) 0(100) 0(95) 0(99) 
0(102) 1(116) 1(106) 1(107) 1(113) 
1(112) 0(96) 0(98) 1(104) 
1(142) 1(135) 1(144) 
1(104) 1(139) 
1(135) 

0.4722222222222222
precise=0.4703488372093023
recall=0.3348509933774834
F1score=0.39119922630560927

threshold=0.015099999999999964
1(117) 1(111) 1(112) 0(93) 1(116) 0(86) 0(90) 1(113) 
0(90) 1(119) 0(96) 1(122) 1(107) 1(117) 1(121) 
0(101) 0(96) 1(109) 0(101) 0(95) 0(100) 
0(102) 1(116) 1(107) 1(107) 1(113) 
1(112) 0(96) 0(98) 1(104) 
1(142) 1(135) 1(144) 
1(104) 1(140) 
1(135) 

0.4722222222222222
precise=0.46987951807228917
recall=0.33675986842105265
F1score=0.3923353293413174

threshold=0.015199999999999964
1(117) 1(111) 1(112) 0(93) 1(116) 0(86) 0(90) 1(113) 
0(90) 1(119) 0(96) 1(122) 1(107) 1(117) 1(121) 
0(101) 0(96) 1(109) 0(101) 0(96) 0(100) 
0(102) 1(116) 1(107) 1(107) 1(113) 
1(112) 0(96) 0(99) 1(104) 
1(142) 1(135) 1(144) 
1(104) 1(140) 
1(135) 

0.4722222222222222
precise=0.4694224235560589
recall=0.3386437908496732
F1score=0.39345040341718085

threshold=0.015299999999999963
1(117) 1(111) 1(112) 0(93) 1(116) 0(86) 0(90) 1(113) 
0(91) 1(119) 0(96) 1(122) 1(107) 1(117) 1(121) 
0(102) 0(97) 1(109) 0(101) 0(96) 0(100) 
0(102) 1(116) 1(107) 1(107) 1(113) 
1(112) 0(96) 0(99) 1(104) 
1(142) 1(135) 1(144) 
1(104) 1(140) 
1(135) 

0.4722222222222222
precise=0.4689770821688094
recall=0.3405032467532468
F1score=0.39454502703973665

threshold=0.015399999999999962
1(117) 1(111) 1(113) 0(93) 1(116) 0(86) 0(90) 1(113) 
0(91) 1(119) 0(98) 1(122) 1(108) 1(117) 1(121) 
1(103) 0(97) 1(109) 0(101) 0(96) 0(100) 
0(102) 1(116) 1(107) 1(107) 1(113) 
1(113) 0(96) 0(99) 1(105) 
1(142) 1(135) 1(144) 
1(104) 1(140) 
1(136) 

0.5
precise=0.4688361831218974
recall=0.34274193548387094
F1score=0.39599347775448407

threshold=0.015499999999999962
1(117) 1(111) 1(113) 0(93) 1(116) 0(86) 0(90) 1(113) 
0(92) 1(119) 0(99) 1(122) 1(108) 1(117) 1(122) 
1(103) 0(97) 1(109) 0(102) 0(97) 0(101) 
0(102) 1(116) 1(107) 1(107) 1(113) 
1(113) 0(96) 0(99) 1(105) 
1(142) 1(135) 1(144) 
1(104) 1(140) 
1(136) 

0.5
precise=0.46869896570495373
recall=0.3449519230769231
F1score=0.3974151857835218

threshold=0.015599999999999961
1(117) 1(111) 1(113) 0(93) 1(116) 0(86) 0(90) 1(113) 
0(93) 1(120) 0(99) 1(122) 1(108) 1(117) 1(122) 
1(103) 0(97) 1(109) 0(102) 0(97) 0(102) 
0(102) 1(116) 1(107) 1(107) 1(113) 
1(114) 0(97) 0(99) 1(105) 
1(142) 1(135) 1(144) 
1(104) 1(140) 
1(137) 

0.5
precise=0.46856528747984955
recall=0.3471337579617834
F1score=0.39881088497598904

threshold=0.01569999999999996
1(117) 1(111) 1(113) 0(93) 1(116) 0(86) 0(91) 1(113) 
0(93) 1(120) 0(99) 1(122) 1(109) 1(117) 1(122) 
1(103) 0(97) 1(110) 0(102) 0(97) 0(102) 
0(102) 1(116) 1(107) 1(107) 1(113) 
1(114) 0(97) 0(99) 1(105) 
1(142) 1(135) 1(144) 
1(104) 1(140) 
1(137) 

0.5
precise=0.46843501326259945
recall=0.3492879746835443
F1score=0.40018128257421254

threshold=0.01579999999999996
1(117) 1(111) 1(113) 0(93) 1(116) 0(86) 0(91) 1(113) 
0(94) 1(120) 0(99) 1(122) 1(109) 1(117) 1(122) 
1(103) 0(97) 1(111) 0(102) 0(97) 0(102) 
0(102) 1(116) 1(107) 1(107) 1(113) 
1(114) 0(97) 0(100) 1(105) 
1(142) 1(135) 1(144) 
1(104) 1(140) 
1(137) 

0.5
precise=0.4683080146673651
recall=0.35141509433962265
F1score=0.4015270604087132

threshold=0.01589999999999996
1(117) 1(111) 1(113) 0(93) 1(116) 0(87) 0(91) 1(113) 
0(95) 1(120) 0(99) 1(122) 1(109) 1(117) 1(122) 
1(103) 0(97) 1(111) 0(102) 0(97) 0(102) 
0(102) 1(116) 1(107) 1(107) 1(113) 
1(115) 0(97) 0(100) 1(105) 
1(142) 1(135) 1(144) 
1(104) 1(140) 
1(137) 

0.5
precise=0.46818416968442833
recall=0.353515625
F1score=0.402848876029379

threshold=0.01599999999999996
1(117) 1(111) 1(113) 0(93) 1(116) 0(88) 0(91) 1(114) 
0(96) 1(120) 0(99) 1(122) 1(109) 1(117) 1(122) 
1(103) 0(97) 1(111) 0(102) 0(97) 0(102) 
1(103) 1(116) 1(108) 1(107) 1(114) 
1(115) 0(97) 0(100) 1(106) 
1(142) 1(137) 1(144) 
1(105) 1(140) 
1(137) 

0.5277777777777778
precise=0.46833503575076607
recall=0.35597826086956524
F1score=0.40449933833259816

threshold=0.016099999999999958
1(117) 1(111) 1(113) 0(94) 1(116) 0(89) 0(91) 1(115) 
0(96) 1(120) 0(99) 1(122) 1(110) 1(118) 1(122) 
1(103) 0(97) 1(111) 0(102) 0(97) 0(102) 
1(103) 1(117) 1(108) 1(107) 1(114) 
1(115) 0(97) 0(100) 1(106) 
1(142) 1(137) 1(144) 
1(105) 1(140) 
1(137) 

0.5277777777777778
precise=0.46848209783156836
recall=0.3584104938271605
F1score=0.40612021857923497

threshold=0.016199999999999957
1(117) 1(111) 1(113) 0(94) 1(116) 0(90) 0(91) 1(115) 
0(96) 1(120) 0(99) 1(122) 1(110) 1(118) 1(122) 
1(103) 0(98) 1(111) 0(102) 0(97) 0(102) 
1(103) 1(117) 1(108) 1(108) 1(114) 
1(115) 0(97) 0(100) 1(106) 
1(143) 1(137) 1(144) 
1(106) 1(140) 
1(137) 

0.5277777777777778
precise=0.4686254980079681
recall=0.3608128834355828
F1score=0.40771230502599654

threshold=0.016299999999999957
1(117) 1(111) 1(113) 0(94) 1(116) 0(90) 0(91) 1(115) 
0(96) 1(120) 0(99) 1(122) 1(110) 1(118) 1(122) 
1(103) 0(98) 1(111) 1(103) 0(97) 1(103) 
1(103) 1(117) 1(108) 1(109) 1(114) 
1(115) 0(97) 0(100) 1(106) 
1(143) 1(138) 1(144) 
1(106) 1(140) 
1(137) 

0.4722222222222222
precise=0.4683046683046683
recall=0.3631859756097561
F1score=0.40910066537883666

threshold=0.016399999999999956
1(118) 1(111) 1(113) 0(94) 1(116) 0(90) 0(91) 1(115) 
0(96) 1(120) 0(99) 1(122) 1(110) 1(119) 1(122) 
1(104) 0(98) 1(111) 1(103) 0(97) 1(103) 
1(103) 1(117) 1(108) 1(109) 1(114) 
1(115) 0(97) 0(100) 1(106) 
1(143) 1(138) 1(144) 
1(106) 1(140) 
1(137) 

0.4722222222222222
precise=0.46799224054316196
recall=0.36553030303030304
F1score=0.4104636324968099

threshold=0.016499999999999956
1(118) 1(111) 1(113) 0(94) 1(116) 0(91) 0(91) 1(115) 
0(96) 1(120) 0(100) 1(122) 1(110) 1(119) 1(122) 
1(104) 0(98) 1(111) 1(103) 0(97) 1(103) 
1(104) 1(117) 1(108) 1(109) 1(114) 
1(115) 0(97) 0(100) 1(106) 
1(143) 1(138) 1(144) 
1(106) 1(140) 
1(137) 

0.4722222222222222
precise=0.4676878889420775
recall=0.3678463855421687
F1score=0.41180189673340356

threshold=0.016599999999999955
1(118) 1(111) 1(113) 0(95) 1(116) 0(91) 0(91) 1(115) 
0(96) 1(120) 0(100) 1(122) 1(110) 1(119) 1(122) 
1(104) 0(99) 1(111) 1(103) 0(97) 1(103) 
1(104) 1(117) 1(108) 1(109) 1(114) 
1(115) 0(97) 0(100) 1(106) 
1(143) 1(138) 1(144) 
1(106) 1(140) 
1(138) 

0.4722222222222222
precise=0.4673913043478261
recall=0.37013473053892215
F1score=0.41311612364243944

threshold=0.016699999999999954
1(118) 1(111) 1(113) 0(95) 1(116) 0(91) 0(91) 1(115) 
0(96) 1(120) 0(100) 1(122) 1(111) 1(119) 1(122) 
1(106) 0(100) 1(111) 1(103) 0(98) 1(103) 
1(104) 1(117) 1(108) 1(109) 1(114) 
1(115) 0(97) 0(100) 1(106) 
1(143) 1(138) 1(144) 
1(106) 1(140) 
1(138) 

0.4722222222222222
precise=0.4671021931871209
recall=0.3723958333333333
F1score=0.4144069550817636

threshold=0.016799999999999954
1(118) 1(111) 1(113) 0(96) 1(116) 0(91) 0(91) 1(115) 
0(97) 1(120) 0(100) 1(122) 1(111) 1(119) 1(123) 
1(106) 0(100) 1(111) 1(103) 0(98) 1(103) 
1(104) 1(117) 1(108) 1(109) 1(114) 
1(115) 0(97) 0(100) 1(106) 
1(143) 1(138) 1(144) 
1(106) 1(140) 
1(138) 

0.4722222222222222
precise=0.46682027649769586
recall=0.3746301775147929
F1score=0.41567501025851455

threshold=0.016899999999999953
1(118) 1(111) 1(113) 0(97) 1(116) 0(91) 0(91) 1(116) 
0(97) 1(120) 0(100) 1(122) 1(113) 1(120) 1(123) 
1(107) 0(100) 1(111) 1(103) 0(99) 1(103) 
1(104) 1(117) 1(108) 1(109) 1(114) 
1(115) 0(98) 0(100) 1(106) 
1(143) 1(138) 1(144) 
1(106) 1(140) 
1(138) 

0.4722222222222222
precise=0.46654528903049614
recall=0.37683823529411764
F1score=0.4169208867195444

threshold=0.016999999999999953
1(118) 1(111) 1(113) 0(98) 1(116) 0(92) 0(91) 1(116) 
0(98) 1(120) 0(101) 1(122) 1(113) 1(120) 1(123) 
1(108) 0(100) 1(111) 1(103) 0(99) 1(104) 
1(104) 1(117) 1(108) 1(109) 1(114) 
1(115) 0(98) 0(100) 1(106) 
1(143) 1(138) 1(144) 
1(106) 1(140) 
1(138) 

0.4722222222222222
precise=0.4662769784172662
recall=0.3790204678362573
F1score=0.4181451612903226

threshold=0.017099999999999952
1(118) 1(111) 1(113) 0(98) 1(116) 0(92) 0(91) 1(116) 
0(98) 1(120) 0(101) 1(122) 1(113) 1(120) 1(123) 
1(108) 0(100) 1(112) 1(103) 0(99) 1(104) 
1(104) 1(117) 1(109) 1(109) 1(115) 
1(115) 0(98) 0(100) 1(106) 
1(143) 1(138) 1(144) 
1(106) 1(140) 
1(140) 

0.4722222222222222
precise=0.46601510439804533
recall=0.38117732558139533
F1score=0.41934839096542076

threshold=0.01719999999999995
1(118) 1(111) 1(113) 0(98) 1(116) 0(92) 0(91) 1(116) 
0(98) 1(120) 0(101) 1(122) 1(113) 1(120) 1(123) 
1(108) 0(100) 1(112) 1(103) 0(99) 1(104) 
1(104) 1(117) 1(109) 1(109) 1(115) 
1(115) 0(98) 0(100) 1(106) 
1(143) 1(138) 1(144) 
1(106) 1(140) 
1(140) 

0.4722222222222222
precise=0.46575943810359965
recall=0.3833092485549133
F1score=0.4205311137534681

threshold=0.01729999999999995
1(118) 1(111) 1(113) 0(98) 1(116) 0(92) 0(92) 1(116) 
0(98) 1(120) 0(101) 1(122) 1(113) 1(120) 1(123) 
1(108) 0(100) 1(112) 1(103) 0(99) 1(104) 
1(104) 1(117) 1(109) 1(109) 1(115) 
1(115) 0(98) 0(100) 1(106) 
1(143) 1(138) 1(144) 
1(106) 1(140) 
1(140) 

0.4722222222222222
precise=0.4655097613882863
recall=0.3854166666666667
F1score=0.421693849479269

threshold=0.01739999999999995
1(118) 1(111) 1(113) 0(98) 1(116) 0(92) 0(92) 1(116) 
0(98) 1(120) 0(101) 1(122) 1(113) 1(120) 1(123) 
1(108) 0(101) 1(112) 1(103) 0(99) 1(104) 
1(104) 1(118) 1(109) 1(110) 1(115) 
1(115) 0(98) 0(101) 1(107) 
1(143) 1(138) 1(144) 
1(106) 1(140) 
1(141) 

0.4722222222222222
precise=0.4652658662092624
recall=0.3875
F1score=0.42283710054559626

threshold=0.01749999999999995
1(118) 1(111) 1(113) 0(98) 1(116) 0(92) 0(93) 1(116) 
0(98) 1(120) 0(101) 1(122) 1(113) 1(120) 1(123) 
1(108) 0(101) 1(112) 1(103) 0(99) 1(104) 
1(104) 1(118) 1(109) 1(110) 1(115) 
1(115) 0(98) 0(101) 1(107) 
1(143) 1(138) 1(145) 
1(106) 1(140) 
1(141) 

0.4722222222222222
precise=0.4650275540483256
recall=0.3895596590909091
F1score=0.42396135265700485

threshold=0.01759999999999995
1(118) 1(112) 1(113) 0(98) 1(116) 0(92) 0(93) 1(117) 
0(98) 1(120) 0(101) 1(122) 1(113) 1(120) 1(123) 
1(109) 0(101) 1(112) 1(104) 0(99) 1(104) 
1(104) 1(118) 1(109) 1(111) 1(115) 
1(115) 0(99) 0(101) 1(107) 
1(143) 1(138) 1(145) 
1(106) 1(141) 
1(141) 

0.4722222222222222
precise=0.46479463537300925
recall=0.3915960451977401
F1score=0.42506707550785744

threshold=0.01769999999999995
1(118) 1(113) 1(113) 0(98) 1(117) 0(92) 0(93) 1(117) 
0(100) 1(120) 0(101) 1(122) 1(113) 1(120) 1(124) 
1(109) 0(101) 1(112) 1(104) 0(99) 1(105) 
1(104) 1(118) 1(109) 1(111) 1(115) 
1(115) 0(100) 0(101) 1(107) 
1(143) 1(138) 1(145) 
1(106) 1(141) 
1(141) 

0.4722222222222222
precise=0.4645669291338583
recall=0.39360955056179775
F1score=0.426154723436609

threshold=0.017799999999999948
1(118) 1(113) 1(113) 0(98) 1(117) 0(92) 0(93) 1(117) 
0(100) 1(120) 0(101) 1(122) 1(113) 1(120) 1(124) 
1(109) 0(101) 1(112) 1(104) 0(100) 1(105) 
1(104) 1(118) 1(109) 1(111) 1(115) 
1(115) 0(100) 0(101) 1(107) 
1(143) 1(138) 1(145) 
1(106) 1(141) 
1(141) 

0.4722222222222222
precise=0.46434426229508197
recall=0.3956005586592179
F1score=0.42722473604826544

threshold=0.017899999999999947
1(118) 1(113) 1(113) 0(98) 1(117) 0(92) 0(93) 1(117) 
0(100) 1(121) 0(101) 1(122) 1(113) 1(120) 1(124) 
1(109) 0(101) 1(112) 1(104) 0(100) 1(105) 
1(104) 1(118) 1(109) 1(111) 1(115) 
1(115) 0(100) 0(101) 1(107) 
1(143) 1(138) 1(145) 
1(106) 1(141) 
1(141) 

0.4722222222222222
precise=0.4641264693960276
recall=0.3975694444444444
F1score=0.4282775388068076

threshold=0.017999999999999947
1(118) 1(113) 1(113) 0(98) 1(117) 0(92) 0(93) 1(117) 
0(100) 1(121) 0(101) 1(122) 1(113) 1(120) 1(124) 
1(109) 0(101) 1(112) 1(105) 0(100) 1(105) 
1(104) 1(118) 1(109) 1(111) 1(115) 
1(115) 0(100) 0(101) 1(107) 
1(143) 1(138) 1(145) 
1(106) 1(141) 
1(141) 

0.4722222222222222
precise=0.46391339214113875
recall=0.3995165745856354
F1score=0.4293135435992579

threshold=0.018099999999999946
1(118) 1(113) 1(113) 0(98) 1(117) 0(93) 0(93) 1(117) 
0(101) 1(121) 0(101) 1(122) 1(113) 1(120) 1(124) 
1(110) 0(101) 1(113) 1(105) 0(100) 1(105) 
1(104) 1(118) 1(109) 1(111) 1(115) 
1(115) 0(100) 0(101) 1(107) 
1(144) 1(138) 1(145) 
1(107) 1(141) 
1(141) 

0.4722222222222222
precise=0.4637048790162634
recall=0.4014423076923077
F1score=0.4303331492729615

threshold=0.018199999999999945
1(118) 1(113) 1(113) 0(98) 1(117) 0(93) 0(93) 1(117) 
0(102) 1(121) 0(101) 1(122) 1(113) 1(120) 1(124) 
1(110) 0(102) 1(113) 1(105) 0(100) 1(105) 
1(105) 1(118) 1(109) 1(111) 1(115) 
1(115) 0(101) 0(101) 1(107) 
1(144) 1(138) 1(145) 
1(107) 1(141) 
1(141) 

0.4722222222222222
precise=0.46350078492935637
recall=0.40334699453551914
F1score=0.43133674214755297

threshold=0.018299999999999945
1(119) 1(113) 1(113) 0(98) 1(117) 0(93) 0(93) 1(117) 
1(103) 1(121) 0(101) 1(122) 1(113) 1(120) 1(124) 
1(110) 0(102) 1(113) 1(105) 0(100) 1(105) 
1(106) 1(118) 1(109) 1(111) 1(115) 
1(115) 0(101) 0(101) 1(108) 
1(144) 1(138) 1(145) 
1(107) 1(141) 
1(141) 

0.5
precise=0.4635093167701863
recall=0.405570652173913
F1score=0.4326086956521739

threshold=0.018399999999999944
1(119) 1(114) 1(113) 0(98) 1(117) 0(94) 0(93) 1(117) 
1(104) 1(121) 0(101) 1(122) 1(113) 1(121) 1(124) 
1(110) 0(102) 1(113) 1(107) 0(100) 1(105) 
1(106) 1(118) 1(109) 1(111) 1(115) 
1(115) 0(101) 0(101) 1(108) 
1(144) 1(138) 1(145) 
1(107) 1(141) 
1(141) 

0.5
precise=0.46351766513056836
recall=0.4077702702702703
F1score=0.4338605319913731

threshold=0.018499999999999944
1(119) 1(114) 1(114) 0(98) 1(117) 0(95) 0(94) 1(117) 
1(104) 1(121) 0(101) 1(122) 1(113) 1(121) 1(124) 
1(110) 0(102) 1(113) 1(107) 0(100) 1(105) 
1(106) 1(118) 1(109) 1(111) 1(115) 
1(115) 0(101) 0(101) 1(108) 
1(144) 1(138) 1(145) 
1(108) 1(141) 
1(142) 

0.5
precise=0.4635258358662614
recall=0.4099462365591398
F1score=0.43509272467902993

threshold=0.018599999999999943
1(119) 1(114) 1(114) 0(99) 1(117) 0(95) 0(94) 1(117) 
1(104) 1(121) 0(101) 1(122) 1(113) 1(121) 1(124) 
1(110) 0(102) 1(113) 1(107) 0(100) 1(105) 
1(106) 1(118) 1(110) 1(111) 1(115) 
1(115) 0(101) 0(101) 1(108) 
1(144) 1(138) 1(145) 
1(108) 1(141) 
1(142) 

0.5
precise=0.4635338345864662
recall=0.41209893048128343
F1score=0.43630573248407645

threshold=0.018699999999999942
1(119) 1(114) 1(114) 0(99) 1(117) 0(95) 0(94) 1(117) 
1(105) 1(121) 0(101) 1(122) 1(113) 1(121) 1(124) 
1(110) 0(102) 1(113) 1(107) 0(100) 1(105) 
1(106) 1(118) 1(110) 1(111) 1(115) 
1(115) 0(101) 0(101) 1(108) 
1(144) 1(138) 1(145) 
1(109) 1(141) 
1(142) 

0.5
precise=0.4635416666666667
recall=0.4142287234042553
F1score=0.4375

threshold=0.018799999999999942
1(119) 1(115) 1(114) 0(99) 1(117) 0(96) 0(94) 1(117) 
1(105) 1(121) 0(102) 1(122) 1(113) 1(121) 1(124) 
1(110) 0(102) 1(114) 1(107) 0(100) 1(106) 
1(106) 1(118) 1(110) 1(111) 1(115) 
1(115) 0(102) 0(102) 1(108) 
1(144) 1(138) 1(145) 
1(110) 1(141) 
1(142) 

0.5
precise=0.4635493372606775
recall=0.41633597883597884
F1score=0.4386759581881533

threshold=0.01889999999999994
1(119) 1(115) 1(114) 0(100) 1(117) 0(97) 0(95) 1(117) 
1(107) 1(121) 0(102) 1(122) 1(113) 1(121) 1(124) 
1(110) 0(102) 1(114) 1(107) 0(100) 1(106) 
1(106) 1(118) 1(110) 1(111) 1(115) 
1(115) 1(103) 0(102) 1(108) 
1(144) 1(138) 1(145) 
1(111) 1(141) 
1(142) 

0.4722222222222222
precise=0.4633879781420765
recall=0.41842105263157897
F1score=0.4397579948141746

threshold=0.01899999999999994
1(120) 1(116) 1(114) 0(100) 1(117) 0(98) 0(95) 1(117) 
1(107) 1(121) 0(102) 1(122) 1(113) 1(121) 1(124) 
1(110) 0(102) 1(115) 1(107) 0(100) 1(106) 
1(106) 1(118) 1(110) 1(112) 1(115) 
1(115) 1(103) 0(102) 1(108) 
1(144) 1(138) 1(145) 
1(111) 1(141) 
1(143) 

0.4722222222222222
precise=0.46322999279019467
recall=0.4204842931937173
F1score=0.44082332761578047

threshold=0.01909999999999994
1(120) 1(116) 1(114) 0(100) 1(117) 0(98) 0(95) 1(117) 
1(107) 1(121) 0(102) 1(123) 1(113) 1(121) 1(124) 
1(110) 0(102) 1(115) 1(107) 0(100) 1(106) 
1(106) 1(118) 1(110) 1(112) 1(115) 
1(115) 1(103) 0(102) 1(108) 
1(145) 1(139) 1(145) 
1(111) 1(141) 
1(143) 

0.4722222222222222
precise=0.46307527648947555
recall=0.4225260416666667
F1score=0.4418723404255319

threshold=0.01919999999999994
1(120) 1(116) 1(114) 0(100) 1(117) 0(98) 0(95) 1(117) 
1(108) 1(121) 0(102) 1(123) 1(113) 1(121) 1(124) 
1(110) 0(102) 1(115) 1(107) 0(100) 1(106) 
1(106) 1(118) 1(110) 1(112) 1(115) 
1(115) 1(103) 0(102) 1(108) 
1(145) 1(139) 1(145) 
1(111) 1(141) 
1(143) 

0.4722222222222222
precise=0.4629237288135593
recall=0.42454663212435234
F1score=0.4429054054054054

threshold=0.01929999999999994
1(120) 1(116) 1(114) 0(100) 1(117) 0(98) 0(95) 1(117) 
1(109) 1(121) 0(102) 1(123) 1(113) 1(121) 1(124) 
1(111) 1(104) 1(115) 1(107) 0(100) 1(107) 
1(106) 1(118) 1(111) 1(112) 1(115) 
1(116) 1(104) 1(103) 1(108) 
1(145) 1(139) 1(145) 
1(112) 1(141) 
1(143) 

0.4722222222222222
precise=0.46280125742228434
recall=0.4268685567010309
F1score=0.4441092676386794

threshold=0.019399999999999938
1(120) 1(116) 1(114) 0(100) 1(117) 0(98) 0(95) 1(117) 
1(109) 1(121) 0(102) 1(123) 1(113) 1(121) 1(124) 
1(111) 1(104) 1(115) 1(107) 0(100) 1(107) 
1(106) 1(118) 1(111) 1(112) 1(115) 
1(116) 1(104) 1(104) 1(108) 
1(145) 1(139) 1(145) 
1(112) 1(141) 
1(143) 

0.4722222222222222
precise=0.46268140981340705
recall=0.42916666666666664
F1score=0.4452943132690389

threshold=0.019499999999999938
1(120) 1(116) 1(114) 0(100) 1(117) 0(98) 0(95) 1(117) 
1(110) 1(121) 0(102) 1(123) 1(113) 1(121) 1(124) 
1(111) 1(104) 1(115) 1(107) 0(100) 1(107) 
1(106) 1(118) 1(111) 1(112) 1(115) 
1(116) 1(105) 1(104) 1(108) 
1(145) 1(139) 1(145) 
1(112) 1(141) 
1(144) 

0.4722222222222222
precise=0.4625641025641026
recall=0.43144132653061223
F1score=0.44646098003629764

threshold=0.019599999999999937
1(120) 1(118) 1(114) 0(101) 1(117) 0(98) 0(95) 1(117) 
1(111) 1(121) 0(102) 1(123) 1(113) 1(121) 1(124) 
1(111) 1(104) 1(115) 1(107) 0(100) 1(107) 
1(106) 1(118) 1(111) 1(112) 1(115) 
1(116) 1(105) 1(104) 1(109) 
1(145) 1(139) 1(145) 
1(113) 1(141) 
1(144) 

0.4722222222222222
precise=0.46244925575101486
recall=0.43369289340101524
F1score=0.4476096922069417

threshold=0.019699999999999936
1(120) 1(118) 1(114) 0(101) 1(117) 0(98) 0(95) 1(118) 
1(112) 1(122) 0(102) 1(123) 1(113) 1(121) 1(125) 
1(111) 1(104) 1(115) 1(107) 0(100) 1(107) 
1(106) 1(118) 1(111) 1(112) 1(115) 
1(116) 1(105) 1(105) 1(109) 
1(145) 1(139) 1(145) 
1(113) 1(141) 
1(144) 

0.4722222222222222
precise=0.4623367927686642
recall=0.4359217171717172
F1score=0.4487408610885459

threshold=0.019799999999999936
1(120) 1(118) 1(114) 0(101) 1(117) 0(98) 0(95) 1(118) 
1(112) 1(122) 0(102) 1(123) 1(113) 1(121) 1(126) 
1(113) 1(104) 1(115) 1(107) 0(101) 1(107) 
1(106) 1(118) 1(111) 1(113) 1(115) 
1(116) 1(105) 1(105) 1(109) 
1(145) 1(139) 1(145) 
1(113) 1(141) 
1(144) 

0.4722222222222222
precise=0.46222664015904574
recall=0.4381281407035176
F1score=0.4498548855207997

threshold=0.019899999999999935
1(120) 1(118) 1(114) 0(101) 1(117) 0(98) 0(95) 1(118) 
1(112) 1(122) 0(102) 1(123) 1(113) 1(121) 1(126) 
1(113) 1(104) 1(115) 1(107) 0(101) 1(107) 
1(106) 1(118) 1(111) 1(114) 1(115) 
1(116) 1(105) 1(105) 1(109) 
1(145) 1(139) 1(145) 
1(113) 1(141) 
1(144) 

0.4722222222222222
precise=0.46211872745162347
recall=0.4403125
F1score=0.4509521523443751

threshold=0.019999999999999934
1(120) 1(118) 1(114) 0(101) 1(117) 0(98) 0(95) 1(118) 
1(112) 1(122) 0(102) 1(123) 1(113) 1(121) 1(126) 
1(113) 1(104) 1(115) 1(107) 0(101) 1(107) 
1(106) 1(118) 1(111) 1(114) 1(115) 
1(116) 1(105) 1(105) 1(109) 
1(145) 1(139) 1(145) 
1(113) 1(141) 
1(144) 

0.4722222222222222
precise=0.462012987012987
recall=0.44247512437810943
F1score=0.45203303684879287

Max accuracy is 0.6111111111111112 at threshold 0.007200000000000006
Max precise is 1.0 at threshold 0.0006000000000000001
Max recall is 0.44247512437810943 at threshold 0.019999999999999934
Max F1score is 0.45203303684879287 at threshold 0.019999999999999934
