threshold=0.0
0(0) 0(0) 0(11) 0(0) 0(56) 0(0) 0(0) 
0(0) 0(11) 0(0) 0(56) 0(0) 0(0) 
0(11) 0(0) 0(56) 0(0) 0(0) 
0(11) 0(62) 0(11) 0(11) 
0(56) 0(0) 0(0) 
0(56) 0(56) 
0(0) 

0.5357142857142857
precise=0.516805485942575
recall=0.0
F1score=0.0

threshold=0.02
0(9) 0(9) 0(28) 0(6) 0(57) 0(2) 0(4) 
0(8) 0(32) 0(1) 0(58) 0(3) 0(14) 
0(17) 0(16) 0(57) 0(4) 0(4) 
0(14) 0(62) 0(11) 0(22) 
0(59) 0(1) 0(1) 
0(58) 0(58) 
0(5) 

0.5357142857142857
precise=0.516805485942575
recall=0.0
F1score=0.0

threshold=0.04
0(19) 0(13) 0(43) 0(9) 0(59) 0(7) 0(4) 
0(12) 0(38) 0(2) 0(60) 0(4) 0(19) 
0(22) 0(28) 0(57) 0(5) 0(7) 
0(22) 0(63) 0(11) 0(29) 
0(60) 0(2) 0(2) 
0(61) 0(62) 
0(9) 

0.5357142857142857
precise=0.516805485942575
recall=0.0
F1score=0.0

threshold=0.06
0(22) 0(14) 0(52) 0(15) 0(59) 0(9) 0(6) 
0(15) 0(44) 0(6) 0(62) 0(11) 0(24) 
0(25) 0(31) 0(57) 0(9) 0(9) 
0(28) 0(63) 0(19) 0(36) 
0(61) 0(3) 0(2) 
0(62) 0(66) 
0(12) 

0.5357142857142857
precise=0.516805485942575
recall=0.0
F1score=0.0

threshold=0.08
0(33) 0(17) 0(59) 0(22) 0(60) 0(13) 0(9) 
0(18) 0(49) 0(7) 0(65) 0(14) 0(28) 
0(27) 0(35) 0(60) 0(12) 0(12) 
0(35) 0(66) 0(22) 0(36) 
0(61) 0(4) 0(4) 
0(65) 0(69) 
0(16) 

0.5357142857142857
precise=0.516805485942575
recall=0.0
F1score=0.0

threshold=0.1
0(35) 0(19) 0(62) 0(37) 0(60) 0(17) 0(13) 
0(21) 0(54) 0(16) 0(67) 0(19) 0(29) 
0(30) 0(40) 0(61) 0(14) 0(13) 
0(41) 0(66) 0(24) 0(37) 
0(62) 0(7) 0(5) 
0(68) 0(70) 
0(23) 

0.5357142857142857
precise=0.516805485942575
recall=0.0
F1score=0.0

threshold=0.12000000000000001
0(38) 0(23) 0(67) 0(45) 0(61) 0(19) 0(13) 
0(23) 0(56) 0(22) 0(69) 0(20) 0(31) 
0(40) 0(50) 0(62) 0(17) 0(17) 
0(46) 0(66) 0(28) 0(38) 
0(62) 0(10) 0(10) 
0(68) 0(71) 
0(28) 

0.5357142857142857
precise=0.516805485942575
recall=0.0
F1score=0.0

threshold=0.14
0(43) 0(28) 0(72) 0(48) 0(61) 0(23) 0(15) 
0(26) 0(61) 0(26) 0(70) 0(24) 0(36) 
0(43) 0(55) 0(63) 0(19) 0(20) 
0(46) 0(66) 0(31) 0(38) 
0(63) 0(12) 0(11) 
0(72) 0(72) 
0(32) 

0.5357142857142857
precise=0.516805485942575
recall=0.0
F1score=0.0

threshold=0.16
0(47) 0(36) 0(78) 0(52) 0(64) 0(24) 0(19) 
0(31) 0(64) 0(29) 0(71) 0(26) 0(38) 
0(46) 0(57) 0(64) 0(22) 0(20) 
0(48) 0(66) 0(34) 0(40) 
0(64) 0(17) 0(14) 
0(74) 0(73) 
0(42) 

0.5357142857142857
precise=0.516805485942575
recall=0.0
F1score=0.0

threshold=0.18
0(49) 0(42) 0(80) 0(58) 0(64) 0(27) 0(23) 
0(33) 0(69) 0(37) 0(73) 0(29) 0(40) 
0(50) 0(58) 0(64) 0(23) 0(22) 
0(51) 0(66) 0(38) 0(42) 
0(65) 0(19) 0(17) 
0(74) 0(75) 
0(49) 

0.5357142857142857
precise=0.516805485942575
recall=0.0
F1score=0.0

threshold=0.19999999999999998
0(50) 0(46) 0(82) 0(61) 0(64) 0(27) 0(24) 
0(36) 0(73) 0(39) 0(73) 0(30) 0(41) 
0(58) 0(60) 0(65) 0(26) 0(23) 
0(56) 0(67) 0(38) 0(43) 
0(68) 0(24) 0(18) 
0(78) 0(75) 
0(52) 

0.5357142857142857
precise=0.516805485942575
recall=0.0
F1score=0.0

threshold=0.21999999999999997
0(51) 0(53) 0(86) 0(62) 0(64) 0(28) 0(26) 
0(41) 0(76) 0(47) 0(74) 0(31) 0(42) 
0(59) 0(63) 0(65) 0(29) 0(26) 
0(60) 0(67) 0(39) 0(44) 
0(68) 0(28) 0(19) 
0(78) 0(76) 
0(54) 

0.5357142857142857
precise=0.516805485942575
recall=0.0
F1score=0.0

threshold=0.23999999999999996
0(52) 0(56) 0(87) 0(67) 0(65) 0(29) 0(26) 
0(41) 0(76) 0(52) 0(75) 0(33) 0(42) 
0(62) 0(63) 0(65) 0(30) 0(27) 
0(61) 0(68) 0(40) 0(45) 
0(68) 0(28) 0(20) 
0(80) 0(77) 
0(55) 

0.5357142857142857
precise=0.516805485942575
recall=0.0
F1score=0.0

threshold=0.25999999999999995
0(53) 0(58) 0(89) 0(69) 0(66) 0(32) 0(29) 
0(49) 0(78) 0(53) 0(78) 0(34) 0(42) 
0(62) 0(64) 0(65) 0(33) 0(27) 
0(64) 0(69) 0(41) 0(46) 
0(68) 0(30) 0(23) 
0(81) 0(78) 
0(62) 

0.5357142857142857
precise=0.516805485942575
recall=0.0
F1score=0.0

threshold=0.27999999999999997
0(56) 0(60) 0(91) 0(70) 0(68) 0(33) 0(30) 
0(57) 0(80) 0(55) 0(81) 0(37) 0(42) 
0(65) 0(65) 0(66) 0(35) 0(29) 
0(68) 0(69) 0(42) 0(46) 
0(68) 0(32) 0(23) 
0(82) 0(78) 
0(65) 

0.5357142857142857
precise=0.516805485942575
recall=0.0
F1score=0.0

threshold=0.3
0(60) 0(60) 0(95) 0(71) 0(68) 0(36) 0(31) 
0(59) 0(81) 0(57) 0(82) 0(39) 0(42) 
0(67) 0(65) 0(68) 0(37) 0(31) 
0(69) 0(69) 0(43) 0(46) 
0(68) 0(34) 0(26) 
0(82) 0(78) 
0(69) 

0.5357142857142857
precise=0.516805485942575
recall=0.0
F1score=0.0

threshold=0.32
0(62) 0(65) 1(96) 0(74) 0(68) 0(36) 0(32) 
0(60) 0(83) 0(58) 0(83) 0(39) 0(44) 
0(68) 0(66) 0(68) 0(37) 0(31) 
0(72) 0(69) 0(44) 0(47) 
0(68) 0(36) 0(28) 
0(83) 0(78) 
0(71) 

0.5714285714285714
precise=1.0
recall=0.004524886877828055
F1score=0.009009009009009009

threshold=0.34
0(64) 0(66) 1(96) 0(74) 0(69) 0(37) 0(34) 
0(64) 0(83) 0(62) 0(83) 0(40) 0(47) 
0(69) 0(68) 0(68) 0(38) 0(32) 
0(73) 0(69) 0(46) 0(47) 
0(68) 0(38) 0(31) 
0(84) 0(78) 
0(74) 

0.5714285714285714
precise=1.0
recall=0.008547008547008548
F1score=0.01694915254237288

threshold=0.36000000000000004
0(66) 0(67) 1(96) 0(76) 0(69) 0(38) 0(36) 
0(67) 0(83) 0(63) 0(84) 0(43) 0(47) 
0(71) 0(68) 0(69) 0(40) 0(36) 
0(76) 0(69) 0(46) 0(49) 
0(69) 0(40) 0(35) 
0(86) 0(78) 
0(76) 

0.5714285714285714
precise=1.0
recall=0.012145748987854251
F1score=0.024

threshold=0.38000000000000006
0(66) 0(67) 1(98) 0(76) 0(70) 0(42) 0(37) 
0(72) 0(84) 0(68) 0(84) 0(43) 0(48) 
0(71) 0(71) 0(70) 0(41) 0(37) 
0(78) 0(70) 0(46) 0(50) 
0(69) 0(41) 0(36) 
0(86) 0(78) 
0(77) 

0.5714285714285714
precise=1.0
recall=0.015384615384615385
F1score=0.030303030303030304

threshold=0.4000000000000001
0(66) 0(68) 1(99) 0(80) 0(70) 0(44) 0(39) 
0(73) 0(88) 0(68) 0(84) 0(44) 0(49) 
0(72) 0(72) 0(71) 0(41) 0(39) 
0(78) 0(70) 0(48) 0(50) 
0(69) 0(44) 0(37) 
0(86) 0(80) 
0(78) 

0.5714285714285714
precise=1.0
recall=0.018315018315018316
F1score=0.03597122302158273

threshold=0.4200000000000001
0(68) 0(70) 1(99) 0(82) 0(70) 0(46) 0(41) 
0(74) 0(89) 0(69) 0(85) 0(44) 0(49) 
0(73) 0(73) 0(72) 0(42) 0(41) 
0(80) 0(70) 0(50) 0(51) 
0(70) 0(45) 0(37) 
0(86) 0(80) 
0(80) 

0.5714285714285714
precise=1.0
recall=0.02097902097902098
F1score=0.0410958904109589

threshold=0.4400000000000001
0(69) 0(72) 1(100) 0(84) 0(71) 0(47) 0(43) 
0(77) 0(90) 0(70) 0(85) 0(48) 0(49) 
0(74) 0(75) 0(72) 0(43) 0(41) 
0(81) 0(71) 0(51) 0(51) 
0(71) 0(47) 0(39) 
0(86) 0(80) 
0(81) 

0.5714285714285714
precise=1.0
recall=0.023411371237458192
F1score=0.0457516339869281

threshold=0.46000000000000013
0(71) 0(74) 1(100) 0(86) 0(71) 0(47) 0(43) 
0(79) 0(90) 0(72) 0(85) 0(49) 0(49) 
0(74) 0(76) 0(73) 0(44) 0(43) 
0(83) 0(72) 0(52) 0(51) 
0(71) 0(47) 0(40) 
0(87) 0(81) 
0(82) 

0.5714285714285714
precise=1.0
recall=0.02564102564102564
F1score=0.05

threshold=0.48000000000000015
0(72) 0(75) 1(102) 0(88) 0(71) 0(48) 0(44) 
0(80) 0(90) 0(72) 0(87) 0(49) 0(50) 
0(74) 0(78) 0(76) 0(44) 0(43) 
0(83) 0(72) 0(55) 0(51) 
0(71) 0(48) 0(42) 
0(88) 0(81) 
0(83) 

0.5714285714285714
precise=1.0
recall=0.027692307692307693
F1score=0.05389221556886228

threshold=0.5000000000000001
0(73) 0(75) 1(102) 0(89) 0(71) 0(49) 0(47) 
0(83) 0(91) 0(73) 0(87) 0(49) 0(51) 
0(79) 0(80) 0(77) 0(45) 0(44) 
0(84) 0(72) 0(55) 0(53) 
0(72) 0(48) 0(42) 
0(88) 0(84) 
0(83) 

0.5714285714285714
precise=1.0
recall=0.029585798816568046
F1score=0.05747126436781609

threshold=0.5200000000000001
0(73) 0(78) 1(102) 0(91) 0(71) 0(50) 0(47) 
0(83) 0(93) 0(74) 0(88) 0(50) 0(52) 
0(79) 0(80) 0(77) 0(45) 0(47) 
0(85) 0(72) 0(58) 0(53) 
0(72) 0(49) 0(44) 
0(91) 0(88) 
0(83) 

0.5714285714285714
precise=1.0
recall=0.03133903133903134
F1score=0.06077348066298342

threshold=0.5400000000000001
0(74) 0(78) 1(102) 0(91) 0(71) 0(52) 0(50) 
0(85) 0(93) 0(76) 0(89) 0(51) 0(52) 
0(80) 0(81) 0(77) 0(45) 0(47) 
0(88) 0(74) 0(60) 0(53) 
0(72) 0(50) 0(46) 
0(92) 0(90) 
0(86) 

0.5714285714285714
precise=1.0
recall=0.03296703296703297
F1score=0.06382978723404255

threshold=0.5600000000000002
0(76) 0(79) 1(102) 0(91) 0(71) 0(55) 0(50) 
0(86) 0(93) 0(78) 0(90) 0(52) 0(52) 
0(81) 0(84) 0(77) 0(48) 0(47) 
0(90) 0(74) 0(61) 0(54) 
0(73) 0(53) 0(49) 
0(93) 0(90) 
0(87) 

0.5714285714285714
precise=1.0
recall=0.034482758620689655
F1score=0.06666666666666667

threshold=0.5800000000000002
0(77) 0(80) 1(102) 0(91) 0(71) 0(57) 0(51) 
0(86) 0(93) 0(78) 0(90) 0(52) 0(54) 
0(81) 0(84) 0(77) 0(50) 0(47) 
0(91) 0(75) 0(61) 0(54) 
0(73) 0(55) 0(51) 
0(93) 0(92) 
0(87) 

0.5714285714285714
precise=1.0
recall=0.035897435897435895
F1score=0.06930693069306931

threshold=0.6000000000000002
0(77) 0(81) 1(102) 0(92) 0(71) 0(58) 0(52) 
0(88) 0(93) 0(79) 0(90) 0(52) 0(54) 
0(81) 0(84) 0(77) 0(51) 0(48) 
0(91) 0(75) 0(62) 0(54) 
0(74) 0(56) 0(51) 
0(93) 0(92) 
0(88) 

0.5714285714285714
precise=1.0
recall=0.03722084367245657
F1score=0.07177033492822966

threshold=0.6200000000000002
0(78) 0(82) 1(103) 0(95) 0(71) 0(58) 0(52) 
0(88) 0(93) 0(82) 0(92) 0(52) 0(56) 
0(81) 0(84) 0(78) 0(52) 0(49) 
0(91) 0(75) 0(63) 0(54) 
0(74) 0(57) 0(52) 
0(93) 0(93) 
0(89) 

0.5714285714285714
precise=1.0
recall=0.038461538461538464
F1score=0.07407407407407407

threshold=0.6400000000000002
0(80) 0(82) 1(103) 1(98) 0(71) 0(60) 0(52) 
0(91) 0(93) 0(82) 0(92) 0(52) 0(58) 
0(85) 0(84) 0(79) 0(53) 0(50) 
0(91) 0(76) 0(63) 0(54) 
0(76) 0(59) 0(54) 
0(93) 0(95) 
0(90) 

0.6071428571428571
precise=1.0
recall=0.04195804195804196
F1score=0.08053691275167785

threshold=0.6600000000000003
0(83) 0(82) 1(104) 1(98) 0(71) 0(61) 0(53) 
0(91) 0(95) 0(84) 0(92) 0(54) 0(58) 
0(85) 0(85) 0(79) 0(55) 0(51) 
0(91) 0(78) 0(63) 0(55) 
0(77) 0(60) 0(54) 
0(93) 1(96) 
0(91) 

0.6428571428571429
precise=1.0
recall=0.04751131221719457
F1score=0.09071274298056156

threshold=0.6800000000000003
0(84) 0(82) 1(105) 1(100) 0(72) 0(61) 0(53) 
0(92) 0(95) 0(85) 0(92) 0(54) 0(58) 
0(85) 0(88) 0(79) 0(56) 0(51) 
0(92) 0(78) 0(64) 0(55) 
0(77) 0(60) 0(54) 
0(94) 1(96) 
0(91) 

0.6428571428571429
precise=1.0
recall=0.05274725274725275
F1score=0.10020876826722339

threshold=0.7000000000000003
0(85) 0(82) 1(105) 1(104) 0(72) 0(63) 0(56) 
0(93) 0(95) 0(85) 0(92) 0(55) 0(59) 
0(85) 0(88) 0(79) 0(57) 0(51) 
0(92) 0(78) 0(65) 0(56) 
0(78) 0(65) 0(55) 
0(94) 1(96) 
0(92) 

0.6428571428571429
precise=1.0
recall=0.057692307692307696
F1score=0.10909090909090909

threshold=0.7200000000000003
0(86) 0(83) 1(106) 1(105) 0(73) 0(64) 0(56) 
0(94) 0(95) 0(85) 0(92) 0(55) 0(59) 
0(86) 0(89) 0(79) 0(57) 0(52) 
0(92) 0(78) 0(65) 0(56) 
0(78) 0(66) 0(56) 
0(94) 1(96) 
0(92) 

0.6428571428571429
precise=1.0
recall=0.062370062370062374
F1score=0.11741682974559686

threshold=0.7400000000000003
0(87) 0(84) 1(106) 1(107) 0(73) 0(64) 0(56) 
0(95) 1(96) 0(85) 0(92) 0(56) 0(59) 
0(88) 0(89) 0(79) 0(58) 0(52) 
0(93) 0(78) 0(65) 0(57) 
0(78) 0(66) 0(57) 
0(94) 1(97) 
1(96) 

0.7142857142857143
precise=1.0
recall=0.0708502024291498
F1score=0.1323251417769376

threshold=0.7600000000000003
0(88) 0(84) 1(106) 1(107) 0(73) 0(65) 0(57) 
1(97) 1(96) 0(86) 0(92) 0(57) 0(62) 
0(88) 0(89) 0(79) 0(59) 0(53) 
0(93) 0(78) 0(65) 0(57) 
0(78) 0(66) 0(57) 
0(94) 1(97) 
1(96) 

0.75
precise=1.0
recall=0.08086785009861933
F1score=0.14963503649635038

threshold=0.7800000000000004
0(88) 0(85) 1(107) 1(109) 0(73) 0(65) 0(58) 
1(97) 1(97) 0(86) 0(92) 0(57) 0(63) 
0(89) 0(91) 0(79) 0(59) 0(55) 
0(93) 0(78) 0(65) 0(57) 
0(78) 0(67) 0(58) 
0(94) 1(97) 
1(96) 

0.75
precise=1.0
recall=0.09038461538461538
F1score=0.1657848324514991

threshold=0.8000000000000004
0(88) 0(86) 1(108) 1(109) 0(73) 0(65) 0(59) 
1(97) 1(98) 0(86) 0(93) 0(58) 0(63) 
0(90) 0(93) 0(79) 0(59) 0(56) 
0(93) 0(79) 0(66) 0(57) 
0(79) 0(69) 0(59) 
0(94) 1(97) 
1(96) 

0.75
precise=1.0
recall=0.09943714821763602
F1score=0.18088737201365188

threshold=0.8200000000000004
0(89) 0(88) 1(109) 1(109) 0(73) 0(65) 0(59) 
1(98) 1(99) 0(86) 0(93) 0(58) 0(64) 
0(91) 0(93) 0(80) 0(59) 0(57) 
0(93) 0(81) 0(66) 0(57) 
0(81) 0(70) 0(59) 
1(96) 1(98) 
1(96) 

0.7857142857142857
precise=1.0
recall=0.10989010989010989
F1score=0.19801980198019803

threshold=0.8400000000000004
0(90) 0(89) 1(109) 1(109) 0(73) 0(65) 0(59) 
1(99) 1(100) 0(86) 0(93) 0(61) 0(64) 
0(91) 0(93) 0(81) 0(62) 0(57) 
0(93) 0(83) 0(67) 0(57) 
0(81) 0(70) 0(59) 
1(96) 1(99) 
1(96) 

0.7857142857142857
precise=1.0
recall=0.11985688729874776
F1score=0.21405750798722045

threshold=0.8600000000000004
0(90) 0(91) 1(109) 1(110) 0(73) 0(65) 0(59) 
1(100) 1(100) 0(87) 0(93) 0(62) 0(65) 
0(91) 0(94) 0(81) 0(63) 0(59) 
0(95) 0(83) 0(68) 0(58) 
0(81) 0(72) 0(60) 
1(96) 1(99) 
1(96) 

0.7857142857142857
precise=1.0
recall=0.12937062937062938
F1score=0.22910216718266255

threshold=0.8800000000000004
0(91) 0(93) 1(109) 1(110) 0(73) 0(66) 0(59) 
1(100) 1(100) 0(87) 0(94) 0(63) 0(65) 
0(91) 0(94) 0(81) 0(64) 0(60) 
0(95) 0(83) 0(68) 0(58) 
0(81) 0(74) 0(60) 
1(96) 1(100) 
1(98) 

0.7857142857142857
precise=1.0
recall=0.13846153846153847
F1score=0.24324324324324326

threshold=0.9000000000000005
0(92) 0(93) 1(109) 1(110) 0(73) 0(66) 0(59) 
1(100) 1(101) 0(87) 0(94) 0(63) 0(66) 
0(91) 0(94) 0(82) 0(65) 0(61) 
1(96) 0(84) 0(68) 0(58) 
0(81) 0(75) 0(60) 
1(96) 1(100) 
1(98) 

0.8214285714285714
precise=1.0
recall=0.1488294314381271
F1score=0.2590975254730713

threshold=0.9200000000000005
0(93) 0(93) 1(110) 1(110) 0(74) 0(66) 0(59) 
1(100) 1(102) 0(87) 0(95) 0(63) 0(66) 
0(91) 1(97) 0(82) 0(65) 0(62) 
1(97) 0(85) 0(70) 0(58) 
0(81) 0(76) 0(60) 
1(97) 1(100) 
1(98) 

0.8571428571428571
precise=1.0
recall=0.16039279869067102
F1score=0.2764456981664316

threshold=0.9400000000000005
0(94) 0(94) 1(110) 1(110) 0(74) 0(67) 0(59) 
1(100) 1(104) 0(87) 0(95) 0(64) 0(67) 
0(91) 1(98) 0(82) 0(65) 0(62) 
1(97) 0(85) 0(72) 0(58) 
0(81) 0(76) 0(60) 
1(97) 1(100) 
1(98) 

0.8571428571428571
precise=1.0
recall=0.17147435897435898
F1score=0.292749658002736

threshold=0.9600000000000005
0(94) 0(95) 1(110) 1(110) 0(74) 0(67) 0(60) 
1(100) 1(105) 0(88) 0(95) 0(65) 0(67) 
0(91) 1(100) 0(82) 0(66) 0(62) 
1(97) 0(85) 0(73) 0(58) 
0(81) 0(76) 0(60) 
1(97) 1(100) 
1(98) 

0.8571428571428571
precise=1.0
recall=0.18210361067503925
F1score=0.30810092961487384

threshold=0.9800000000000005
1(97) 1(98) 1(112) 1(110) 0(74) 0(67) 0(60) 
1(100) 1(106) 0(89) 0(95) 0(66) 0(68) 
0(91) 1(100) 0(82) 0(67) 0(63) 
1(98) 0(85) 0(73) 0(60) 
0(82) 0(77) 0(60) 
1(97) 1(101) 
1(98) 

0.9285714285714286
precise=1.0
recall=0.19538461538461538
F1score=0.3268983268983269

threshold=1.0000000000000004
1(98) 1(99) 1(113) 1(110) 0(76) 0(67) 0(60) 
1(102) 1(106) 0(89) 0(95) 0(68) 0(68) 
0(92) 1(101) 0(82) 0(70) 0(63) 
1(99) 0(86) 0(73) 0(60) 
0(82) 0(78) 0(61) 
1(98) 1(101) 
1(98) 

0.9285714285714286
precise=1.0
recall=0.2081447963800905
F1score=0.3445692883895131

threshold=1.0200000000000005
1(98) 1(99) 1(114) 1(110) 0(76) 0(67) 0(60) 
1(103) 1(107) 0(89) 0(95) 0(68) 0(69) 
0(93) 1(102) 0(83) 0(70) 0(63) 
1(101) 0(86) 0(75) 0(62) 
0(82) 0(78) 0(61) 
1(98) 1(101) 
1(100) 

0.9285714285714286
precise=1.0
recall=0.22041420118343194
F1score=0.3612121212121212

threshold=1.0400000000000005
1(100) 1(99) 1(114) 1(110) 0(77) 0(69) 0(60) 
1(103) 1(107) 0(89) 0(95) 0(68) 0(70) 
0(93) 1(102) 0(84) 0(71) 0(63) 
1(101) 0(86) 0(76) 0(62) 
0(83) 0(78) 0(61) 
1(98) 1(101) 
1(101) 

0.9285714285714286
precise=1.0
recall=0.23222060957910015
F1score=0.37691401648998824

threshold=1.0600000000000005
1(101) 1(99) 1(114) 1(110) 0(77) 0(70) 0(60) 
1(103) 1(107) 0(90) 0(95) 0(68) 0(71) 
0(93) 1(102) 0(85) 0(71) 0(64) 
1(101) 0(86) 0(76) 0(64) 
0(83) 0(79) 0(61) 
1(98) 1(101) 
1(101) 

0.9285714285714286
precise=1.0
recall=0.24358974358974358
F1score=0.3917525773195876

threshold=1.0800000000000005
1(101) 1(99) 1(114) 1(111) 0(78) 0(70) 0(62) 
1(105) 1(107) 0(90) 0(95) 0(69) 0(71) 
1(96) 1(102) 0(85) 0(72) 0(64) 
1(105) 0(86) 0(76) 0(64) 
0(83) 0(79) 0(61) 
1(98) 1(104) 
1(101) 

0.9642857142857143
precise=1.0
recall=0.25594405594405595
F1score=0.40757238307349664

threshold=1.1000000000000005
1(103) 1(100) 1(114) 1(111) 0(78) 0(71) 0(64) 
1(107) 1(107) 0(91) 0(95) 0(69) 0(71) 
1(96) 1(103) 0(85) 0(73) 0(64) 
1(105) 0(86) 0(77) 0(65) 
0(83) 0(80) 0(62) 
1(98) 1(104) 
1(102) 

0.9642857142857143
precise=1.0
recall=0.26785714285714285
F1score=0.4225352112676056

threshold=1.1200000000000006
1(104) 1(100) 1(115) 1(112) 0(78) 0(73) 0(65) 
1(107) 1(108) 0(93) 0(95) 0(70) 0(72) 
1(96) 1(103) 0(85) 0(73) 0(65) 
1(105) 0(87) 0(78) 0(65) 
0(84) 0(80) 0(63) 
1(99) 1(104) 
1(104) 

0.9642857142857143
precise=1.0
recall=0.2793522267206478
F1score=0.43670886075949367

threshold=1.1400000000000006
1(104) 1(100) 1(115) 1(112) 0(78) 0(74) 0(65) 
1(107) 1(109) 0(95) 0(95) 0(71) 0(73) 
1(96) 1(104) 0(85) 0(74) 0(67) 
1(106) 0(87) 0(78) 0(65) 
0(84) 0(81) 0(64) 
1(100) 1(104) 
1(104) 

0.9642857142857143
precise=1.0
recall=0.29045092838196285
F1score=0.4501541623843782

threshold=1.1600000000000006
1(104) 1(100) 1(115) 1(112) 0(78) 0(74) 0(65) 
1(107) 1(110) 1(97) 0(95) 0(72) 0(74) 
1(96) 1(104) 0(85) 0(74) 0(67) 
1(106) 0(87) 0(80) 0(65) 
0(85) 0(82) 0(65) 
1(100) 1(104) 
1(105) 

1.0
precise=1.0
recall=0.30247718383311606
F1score=0.4644644644644645

threshold=1.1800000000000006
1(105) 1(100) 1(115) 1(113) 0(78) 0(75) 0(65) 
1(107) 1(110) 1(97) 0(95) 0(73) 0(74) 
1(96) 1(106) 0(85) 0(74) 0(67) 
1(106) 0(88) 0(80) 0(66) 
0(85) 0(82) 0(65) 
1(100) 1(104) 
1(105) 

1.0
precise=1.0
recall=0.3141025641025641
F1score=0.47804878048780486

threshold=1.2000000000000006
1(105) 1(100) 1(115) 1(114) 0(78) 0(75) 0(67) 
1(107) 1(111) 1(98) 0(95) 0(73) 0(75) 
1(98) 1(107) 0(86) 0(74) 0(67) 
1(106) 0(89) 0(81) 0(66) 
0(86) 0(82) 0(65) 
1(100) 1(104) 
1(106) 

1.0
precise=1.0
recall=0.3253467843631778
F1score=0.49096098953377737

threshold=1.2200000000000006
1(105) 1(100) 1(115) 1(115) 0(78) 0(76) 0(67) 
1(108) 1(111) 1(99) 0(95) 0(75) 0(75) 
1(98) 1(107) 0(86) 0(76) 0(67) 
1(107) 0(89) 0(81) 0(68) 
0(86) 0(83) 0(65) 
1(100) 1(104) 
1(107) 

1.0
precise=1.0
recall=0.3362282878411911
F1score=0.5032497678737233

threshold=1.2400000000000007
1(106) 1(100) 1(115) 1(115) 0(79) 0(76) 0(67) 
1(108) 1(112) 1(99) 0(95) 0(77) 0(77) 
1(98) 1(107) 0(86) 0(76) 0(67) 
1(108) 0(89) 0(81) 0(69) 
0(86) 0(83) 0(66) 
1(100) 1(104) 
1(108) 

1.0
precise=1.0
recall=0.34676434676434675
F1score=0.514959202175884

threshold=1.2600000000000007
1(107) 1(100) 1(115) 1(115) 0(80) 0(76) 0(67) 
1(108) 1(114) 1(101) 1(96) 0(79) 0(77) 
1(100) 1(107) 0(87) 0(76) 0(67) 
1(108) 0(89) 0(81) 0(70) 
0(87) 0(86) 0(66) 
1(100) 1(104) 
1(108) 

0.9642857142857143
precise=0.9966442953020134
recall=0.35697115384615385
F1score=0.5256637168141592

threshold=1.2800000000000007
1(107) 1(100) 1(115) 1(116) 0(80) 0(77) 0(67) 
1(108) 1(114) 1(102) 1(96) 0(79) 0(77) 
1(100) 1(107) 0(87) 0(76) 0(67) 
1(108) 0(89) 0(82) 0(71) 
0(87) 0(87) 0(66) 
1(100) 1(104) 
1(109) 

0.9642857142857143
precise=0.9935897435897436
recall=0.3668639053254438
F1score=0.5358686257562663

threshold=1.3000000000000007
1(107) 1(100) 1(116) 1(116) 0(80) 0(78) 0(67) 
1(108) 1(114) 1(102) 1(96) 0(79) 0(77) 
1(100) 1(107) 0(88) 0(77) 0(67) 
1(108) 0(89) 0(82) 0(72) 
0(87) 0(88) 0(66) 
1(101) 1(104) 
1(109) 

0.9642857142857143
precise=0.99079754601227
recall=0.3764568764568765
F1score=0.5456081081081081

threshold=1.3200000000000007
1(107) 1(100) 1(116) 1(116) 0(80) 0(78) 0(67) 
1(108) 1(115) 1(102) 1(96) 0(79) 0(77) 
1(100) 1(107) 0(89) 0(77) 0(67) 
1(108) 0(89) 0(83) 0(72) 
0(88) 0(88) 0(67) 
1(101) 1(104) 
1(110) 

0.9642857142857143
precise=0.9882352941176471
recall=0.3857634902411022
F1score=0.5549132947976878

threshold=1.3400000000000007
1(107) 1(100) 1(116) 1(116) 0(80) 0(78) 0(68) 
1(108) 1(115) 1(103) 1(96) 0(80) 0(77) 
1(101) 1(107) 0(89) 0(77) 0(67) 
1(108) 0(89) 0(83) 0(72) 
0(88) 0(89) 0(67) 
1(102) 1(104) 
1(110) 

0.9642857142857143
precise=0.9858757062146892
recall=0.3947963800904977
F1score=0.5638126009693053

threshold=1.3600000000000008
1(108) 1(100) 1(116) 1(116) 0(80) 0(79) 0(70) 
1(108) 1(115) 1(103) 1(96) 0(80) 0(77) 
1(101) 1(107) 0(90) 0(79) 0(67) 
1(108) 0(89) 0(83) 0(72) 
0(88) 0(89) 0(68) 
1(102) 1(104) 
1(110) 

0.9642857142857143
precise=0.9836956521739131
recall=0.4035674470457079
F1score=0.5723320158102767

threshold=1.3800000000000008
1(108) 1(100) 1(118) 1(116) 0(80) 0(80) 0(70) 
1(108) 1(115) 1(104) 1(96) 0(80) 0(77) 
1(101) 1(107) 0(90) 0(79) 0(68) 
1(109) 0(90) 0(83) 0(72) 
0(88) 0(89) 0(68) 
1(102) 1(104) 
1(110) 

0.9642857142857143
precise=0.981675392670157
recall=0.41208791208791207
F1score=0.5804953560371517

threshold=1.4000000000000008
1(108) 1(101) 1(118) 1(116) 0(80) 0(82) 0(70) 
1(108) 1(115) 1(104) 1(96) 0(80) 0(77) 
1(101) 1(107) 0(91) 0(81) 0(68) 
1(109) 0(90) 0(83) 0(72) 
0(88) 0(89) 0(68) 
1(102) 1(104) 
1(110) 

0.9642857142857143
precise=0.9797979797979798
recall=0.42036836403033584
F1score=0.5883244882486732

threshold=1.4200000000000008
1(108) 1(101) 1(118) 1(116) 0(81) 0(82) 0(70) 
1(108) 1(116) 1(104) 1(96) 0(80) 0(77) 
1(101) 1(108) 0(91) 0(81) 0(68) 
1(110) 0(90) 0(84) 0(72) 
0(88) 0(89) 0(68) 
1(102) 1(104) 
1(110) 

0.9642857142857143
precise=0.9780487804878049
recall=0.4284188034188034
F1score=0.5958395245170877

threshold=1.4400000000000008
1(108) 1(101) 1(118) 1(116) 0(81) 0(83) 0(71) 
1(108) 1(116) 1(105) 1(96) 0(80) 0(78) 
1(101) 1(108) 0(91) 0(81) 0(68) 
1(110) 0(90) 0(85) 0(72) 
0(88) 0(89) 0(68) 
1(102) 1(105) 
1(110) 

0.9642857142857143
precise=0.9764150943396226
recall=0.4362486828240253
F1score=0.6030589949016751

threshold=1.4600000000000009
1(108) 1(102) 1(118) 1(116) 0(81) 0(83) 0(71) 
1(108) 1(116) 1(105) 1(97) 0(81) 0(78) 
1(101) 1(108) 0(91) 0(83) 0(68) 
1(111) 0(90) 0(85) 0(73) 
0(88) 0(89) 0(71) 
1(102) 1(105) 
1(110) 

0.9642857142857143
precise=0.9748858447488584
recall=0.44386694386694386
F1score=0.61

threshold=1.4800000000000009
1(108) 1(102) 1(118) 1(117) 0(82) 0(84) 0(73) 
1(108) 1(116) 1(108) 1(97) 0(81) 0(78) 
1(101) 1(109) 0(91) 0(83) 0(70) 
1(111) 0(90) 0(85) 0(73) 
0(88) 0(89) 0(73) 
1(102) 1(105) 
1(110) 

0.9642857142857143
precise=0.9734513274336283
recall=0.4512820512820513
F1score=0.6166783461807989

threshold=1.5000000000000009
1(108) 1(102) 1(118) 1(118) 0(82) 0(84) 0(73) 
1(108) 1(118) 1(108) 1(97) 0(82) 0(78) 
1(101) 1(109) 0(91) 0(83) 0(70) 
1(111) 0(90) 0(85) 0(74) 
0(88) 0(89) 0(73) 
1(102) 1(105) 
1(110) 

0.9642857142857143
precise=0.9721030042918455
recall=0.458502024291498
F1score=0.6231086657496562

threshold=1.520000000000001
1(108) 1(102) 1(118) 1(118) 0(82) 0(84) 0(73) 
1(109) 1(118) 1(108) 1(97) 0(82) 0(78) 
1(102) 1(109) 0(91) 0(84) 0(70) 
1(111) 0(92) 0(85) 0(74) 
0(88) 0(90) 0(74) 
1(102) 1(105) 
1(110) 

0.9642857142857143
precise=0.9708333333333333
recall=0.46553446553446554
F1score=0.6293045239702904

threshold=1.540000000000001
1(108) 1(102) 1(118) 1(118) 0(82) 0(84) 0(75) 
1(109) 1(118) 1(108) 1(97) 0(83) 0(78) 
1(103) 1(109) 0(91) 0(84) 0(71) 
1(111) 0(92) 0(85) 0(74) 
0(90) 0(90) 0(76) 
1(102) 1(105) 
1(110) 

0.9642857142857143
precise=0.9696356275303644
recall=0.4723865877712032
F1score=0.6352785145888594

threshold=1.560000000000001
1(108) 1(103) 1(118) 1(118) 0(82) 0(85) 0(75) 
1(109) 1(119) 1(108) 1(97) 0(84) 0(79) 
1(103) 1(109) 0(92) 0(85) 0(71) 
1(111) 0(92) 0(85) 0(75) 
0(90) 0(90) 0(76) 
1(102) 1(105) 
1(110) 

0.9642857142857143
precise=0.968503937007874
recall=0.4790652385589094
F1score=0.641042345276873

threshold=1.580000000000001
1(108) 1(103) 1(118) 1(119) 0(82) 0(85) 0(75) 
1(109) 1(120) 1(108) 1(97) 0(84) 0(81) 
1(103) 1(109) 0(92) 0(85) 0(71) 
1(111) 0(92) 0(85) 0(75) 
0(91) 0(91) 0(76) 
1(102) 1(105) 
1(110) 

0.9642857142857143
precise=0.9674329501915708
recall=0.4855769230769231
F1score=0.646606914212548

threshold=1.600000000000001
1(111) 1(103) 1(118) 1(120) 0(83) 0(86) 0(75) 
1(109) 1(120) 1(108) 1(97) 0(84) 0(81) 
1(103) 1(110) 0(92) 0(85) 0(72) 
1(111) 0(92) 0(85) 0(75) 
0(91) 0(91) 0(76) 
1(102) 1(105) 
1(111) 

0.9642857142857143
precise=0.9664179104477612
recall=0.4919278252611586
F1score=0.6519823788546255

threshold=1.620000000000001
1(111) 1(106) 1(118) 1(120) 0(83) 0(86) 0(75) 
1(109) 1(120) 1(108) 1(97) 0(84) 0(81) 
1(103) 1(110) 0(92) 0(85) 0(73) 
1(111) 0(92) 0(85) 0(75) 
0(91) 0(91) 0(76) 
1(102) 1(105) 
1(111) 

0.9642857142857143
precise=0.9654545454545455
recall=0.4981238273921201
F1score=0.6571782178217822

threshold=1.640000000000001
1(112) 1(106) 1(118) 1(120) 0(83) 0(86) 0(75) 
1(109) 1(120) 1(108) 1(97) 0(84) 0(82) 
1(103) 1(110) 0(93) 0(85) 0(73) 
1(111) 0(93) 0(86) 0(75) 
0(91) 0(92) 0(76) 
1(104) 1(105) 
1(112) 

0.9642857142857143
precise=0.9645390070921985
recall=0.5041705282669138
F1score=0.6622032866707243

threshold=1.660000000000001
1(112) 1(107) 1(119) 1(120) 0(84) 0(86) 0(75) 
1(109) 1(120) 1(109) 1(97) 0(84) 0(82) 
1(103) 1(110) 0(93) 0(85) 0(73) 
1(112) 0(93) 0(87) 0(75) 
0(91) 0(92) 0(76) 
1(105) 1(105) 
1(112) 

0.9642857142857143
precise=0.9636678200692042
recall=0.51007326007326
F1score=0.667065868263473

threshold=1.680000000000001
1(112) 1(107) 1(119) 1(120) 0(84) 0(86) 0(75) 
1(109) 1(120) 1(109) 1(97) 0(85) 0(84) 
1(103) 1(110) 0(93) 0(85) 0(73) 
1(112) 0(93) 0(87) 0(75) 
0(91) 0(92) 0(77) 
1(106) 1(105) 
1(112) 

0.9642857142857143
precise=0.9628378378378378
recall=0.5158371040723982
F1score=0.6717737183264585

threshold=1.700000000000001
1(112) 1(107) 1(119) 1(120) 0(85) 0(86) 0(75) 
1(109) 1(120) 1(110) 1(97) 0(86) 0(84) 
1(103) 1(110) 0(93) 0(85) 0(73) 
1(112) 0(93) 0(88) 0(75) 
0(91) 0(92) 0(78) 
1(106) 1(105) 
1(112) 

0.9642857142857143
precise=0.9620462046204621
recall=0.5214669051878354
F1score=0.6763341067285383

threshold=1.720000000000001
1(112) 1(107) 1(120) 1(120) 0(87) 0(87) 0(75) 
1(110) 1(120) 1(110) 1(97) 0(87) 0(84) 
1(103) 1(110) 0(94) 0(85) 0(73) 
1(112) 0(93) 0(88) 0(75) 
0(91) 0(92) 0(78) 
1(106) 1(106) 
1(112) 

0.9642857142857143
precise=0.9612903225806452
recall=0.5269672855879752
F1score=0.6807538549400343

threshold=1.740000000000001
1(112) 1(107) 1(121) 1(120) 0(87) 0(87) 0(75) 
1(110) 1(120) 1(110) 1(98) 0(88) 0(85) 
1(103) 1(110) 0(94) 0(85) 0(73) 
1(112) 0(93) 0(88) 0(75) 
0(91) 0(92) 0(78) 
1(106) 1(107) 
1(113) 

0.9642857142857143
precise=0.9605678233438486
recall=0.5323426573426573
F1score=0.6850393700787402

threshold=1.7600000000000011
1(112) 1(109) 1(121) 1(120) 0(90) 0(87) 0(75) 
1(110) 1(120) 1(110) 1(98) 0(88) 0(85) 
1(103) 1(110) 0(94) 0(85) 0(73) 
1(112) 0(93) 0(88) 0(75) 
0(91) 0(92) 0(78) 
1(107) 1(107) 
1(113) 

0.9642857142857143
precise=0.9598765432098766
recall=0.5375972342264477
F1score=0.689196675900277

threshold=1.7800000000000011
1(112) 1(109) 1(122) 1(120) 0(90) 0(87) 0(75) 
1(110) 1(120) 1(110) 1(98) 0(90) 0(86) 
1(104) 1(110) 0(94) 0(85) 0(73) 
1(113) 0(93) 0(88) 0(75) 
0(91) 0(93) 0(78) 
1(107) 1(107) 
1(115) 

0.9642857142857143
precise=0.959214501510574
recall=0.5427350427350427
F1score=0.6932314410480349

threshold=1.8000000000000012
1(112) 1(110) 1(122) 1(120) 0(90) 0(88) 0(75) 
1(110) 1(120) 1(110) 1(98) 0(90) 0(87) 
1(104) 1(110) 0(94) 0(85) 0(73) 
1(113) 0(94) 0(88) 0(75) 
0(91) 0(93) 0(78) 
1(107) 1(107) 
1(115) 

0.9642857142857143
precise=0.9585798816568047
recall=0.547759932375317
F1score=0.6971490048413125

threshold=1.8200000000000012
1(112) 1(110) 1(122) 1(120) 0(90) 0(88) 0(76) 
1(110) 1(120) 1(110) 1(99) 0(91) 0(87) 
1(105) 1(110) 0(94) 0(85) 0(74) 
1(113) 0(94) 0(88) 0(76) 
0(91) 0(93) 0(78) 
1(107) 1(107) 
1(115) 

0.9642857142857143
precise=0.9579710144927536
recall=0.552675585284281
F1score=0.7009544008483564

threshold=1.8400000000000012
1(113) 1(110) 1(122) 1(120) 0(91) 0(89) 0(77) 
1(110) 1(120) 1(110) 1(99) 0(91) 0(87) 
1(105) 1(110) 0(94) 0(85) 0(74) 
1(113) 0(94) 0(88) 0(77) 
0(91) 0(94) 0(78) 
1(108) 1(107) 
1(115) 

0.9642857142857143
precise=0.9573863636363636
recall=0.5574855252274608
F1score=0.7046523784631469

threshold=1.8600000000000012
1(114) 1(110) 1(122) 1(120) 0(91) 0(89) 0(77) 
1(110) 1(120) 1(111) 1(99) 0(91) 0(87) 
1(106) 1(110) 0(94) 0(85) 0(74) 
1(113) 0(94) 0(88) 0(77) 
0(91) 0(94) 0(78) 
1(108) 1(107) 
1(116) 

0.9642857142857143
precise=0.9568245125348189
recall=0.5621931260229133
F1score=0.7082474226804124

threshold=1.8800000000000012
1(116) 1(110) 1(122) 1(120) 0(92) 0(89) 0(79) 
1(111) 1(120) 1(111) 1(99) 0(91) 0(87) 
1(106) 1(111) 0(94) 0(85) 0(74) 
1(113) 0(95) 0(88) 0(79) 
0(92) 0(94) 0(79) 
1(109) 1(107) 
1(116) 

0.9642857142857143
precise=0.9562841530054644
recall=0.5668016194331984
F1score=0.7117437722419929

threshold=1.9000000000000012
1(116) 1(110) 1(122) 1(120) 0(92) 0(89) 0(79) 
1(111) 1(120) 1(111) 1(99) 0(91) 0(87) 
1(107) 1(111) 0(94) 0(85) 0(75) 
1(113) 1(96) 0(89) 0(80) 
0(93) 0(95) 0(80) 
1(109) 1(107) 
1(116) 

0.9285714285714286
precise=0.9544846050870147
recall=0.5713141025641025
F1score=0.7147869674185464

threshold=1.9200000000000013
1(116) 1(110) 1(122) 1(120) 0(93) 0(89) 0(79) 
1(111) 1(120) 1(111) 1(99) 0(92) 0(87) 
1(107) 1(111) 0(95) 0(86) 0(75) 
1(113) 1(97) 0(89) 0(80) 
0(93) 0(95) 0(80) 
1(109) 1(108) 
1(116) 

0.9285714285714286
precise=0.952755905511811
recall=0.5757335448057097
F1score=0.717745921898171

threshold=1.9400000000000013
1(116) 1(110) 1(122) 1(120) 0(93) 0(89) 0(79) 
1(111) 1(120) 1(111) 1(99) 0(92) 0(87) 
1(107) 1(111) 0(95) 0(86) 0(76) 
1(113) 1(97) 0(89) 0(81) 
0(94) 0(95) 0(80) 
1(109) 1(108) 
1(116) 

0.9285714285714286
precise=0.9510939510939511
recall=0.5800627943485086
F1score=0.7206240858117992

threshold=1.9600000000000013
1(116) 1(110) 1(122) 1(120) 0(93) 0(89) 0(79) 
1(111) 1(120) 1(111) 1(99) 0(92) 0(88) 
1(107) 1(111) 0(95) 0(86) 0(76) 
1(113) 1(97) 0(90) 0(82) 
0(94) 0(95) 0(80) 
1(109) 1(108) 
1(116) 

0.9285714285714286
precise=0.9494949494949495
recall=0.5843045843045843
F1score=0.7234247234247234

threshold=1.9800000000000013
1(117) 1(110) 1(122) 1(120) 0(93) 0(91) 0(79) 
1(111) 1(120) 1(111) 1(99) 0(92) 0(90) 
1(107) 1(112) 1(96) 0(87) 0(76) 
1(113) 1(97) 0(90) 0(82) 
0(95) 0(95) 0(81) 
1(109) 1(108) 
1(116) 

0.8928571428571429
precise=0.9467821782178217
recall=0.5884615384615385
F1score=0.7258064516129032

threshold=2.0000000000000013
1(117) 1(110) 1(122) 1(120) 0(93) 0(92) 0(79) 
1(111) 1(120) 1(111) 1(99) 0(92) 0(91) 
1(107) 1(112) 1(96) 0(87) 0(76) 
1(113) 1(97) 0(90) 0(82) 
0(95) 1(96) 0(81) 
1(109) 1(108) 
1(116) 

0.8571428571428571
precise=0.943030303030303
recall=0.5925361766945926
F1score=0.7277829747427502

threshold=2.0200000000000014
1(117) 1(110) 1(122) 1(120) 0(94) 0(92) 0(79) 
1(111) 1(120) 1(111) 1(99) 0(93) 0(91) 
1(107) 1(112) 1(96) 0(87) 0(76) 
1(113) 1(98) 0(91) 0(82) 
0(95) 1(96) 0(81) 
1(110) 1(108) 
1(116) 

0.8571428571428571
precise=0.9394299287410927
recall=0.5965309200603318
F1score=0.7297047970479705

threshold=2.0400000000000014
1(117) 1(110) 1(122) 1(120) 0(94) 0(92) 0(79) 
1(111) 1(121) 1(112) 1(100) 0(93) 0(91) 
1(107) 1(113) 1(96) 0(87) 0(77) 
1(113) 1(98) 0(91) 0(83) 
0(95) 1(96) 0(82) 
1(110) 1(108) 
1(116) 

0.8571428571428571
precise=0.9359720605355064
recall=0.6004480955937267
F1score=0.7315741583257507

threshold=2.0600000000000014
1(117) 1(111) 1(122) 1(120) 0(94) 0(92) 0(80) 
1(111) 1(121) 1(112) 1(100) 0(93) 0(91) 
1(108) 1(113) 1(96) 0(87) 0(77) 
1(113) 1(98) 0(91) 0(83) 
0(95) 1(96) 0(83) 
1(110) 1(108) 
1(116) 

0.8571428571428571
precise=0.932648401826484
recall=0.6042899408284024
F1score=0.7333931777378815

threshold=2.0800000000000014
1(117) 1(111) 1(122) 1(120) 0(94) 0(93) 0(80) 
1(111) 1(121) 1(113) 1(100) 0(93) 0(91) 
1(108) 1(113) 1(96) 0(87) 0(79) 
1(113) 1(98) 0(91) 0(83) 
0(95) 1(96) 0(84) 
1(110) 1(108) 
1(116) 

0.8571428571428571
precise=0.9294512877939529
recall=0.608058608058608
F1score=0.7351638618246236

threshold=2.1000000000000014
1(117) 1(111) 1(122) 1(120) 0(94) 0(94) 0(81) 
1(111) 1(121) 1(113) 1(101) 0(93) 0(91) 
1(108) 1(113) 1(96) 0(87) 0(79) 
1(113) 1(98) 0(91) 0(84) 
0(95) 1(96) 0(84) 
1(110) 1(108) 
1(116) 

0.8571428571428571
precise=0.9263736263736264
recall=0.611756168359942
F1score=0.7368881118881119

threshold=2.1200000000000014
1(117) 1(111) 1(122) 1(120) 0(94) 0(94) 0(82) 
1(111) 1(121) 1(113) 1(101) 0(93) 0(91) 
1(108) 1(113) 1(96) 0(87) 0(79) 
1(113) 1(99) 0(91) 0(84) 
1(96) 1(96) 0(84) 
1(110) 1(108) 
1(116) 

0.8214285714285714
precise=0.9224137931034483
recall=0.6153846153846154
F1score=0.7382492453643812

threshold=2.1400000000000015
1(117) 1(111) 1(122) 1(120) 0(94) 0(94) 0(83) 
1(111) 1(121) 1(113) 1(101) 0(93) 0(91) 
1(108) 1(113) 1(96) 0(87) 0(79) 
1(113) 1(99) 0(91) 0(85) 
1(96) 1(96) 0(84) 
1(110) 1(108) 
1(116) 

0.8214285714285714
precise=0.9186046511627907
recall=0.6189458689458689
F1score=0.7395744680851064

threshold=2.1600000000000015
1(117) 1(111) 1(122) 1(120) 0(94) 0(94) 0(85) 
1(111) 1(121) 1(113) 1(101) 0(93) 0(92) 
1(108) 1(113) 1(96) 0(87) 0(79) 
1(114) 1(99) 0(91) 0(86) 
1(97) 1(97) 0(84) 
1(110) 1(108) 
1(116) 

0.8214285714285714
precise=0.9149377593360996
recall=0.6224417784050812
F1score=0.740865182696346

threshold=2.1800000000000015
1(117) 1(111) 1(122) 1(121) 0(94) 0(95) 0(85) 
1(111) 1(121) 1(113) 1(102) 0(93) 0(93) 
1(108) 1(113) 1(96) 0(87) 0(79) 
1(114) 1(99) 0(91) 0(86) 
1(97) 1(97) 0(85) 
1(110) 1(108) 
1(116) 

0.8214285714285714
precise=0.9114052953156823
recall=0.6258741258741258
F1score=0.74212271973466

threshold=2.2000000000000015
1(117) 1(111) 1(122) 1(122) 0(94) 0(95) 0(86) 
1(111) 1(121) 1(113) 1(103) 0(93) 0(93) 
1(109) 1(114) 1(96) 0(87) 0(79) 
1(114) 1(99) 0(91) 0(86) 
1(98) 1(97) 0(86) 
1(110) 1(108) 
1(116) 

0.8214285714285714
precise=0.908
recall=0.6292446292446292
F1score=0.7433483422022104

threshold=2.2200000000000015
1(117) 1(111) 1(122) 1(123) 0(94) 0(95) 0(86) 
1(111) 1(121) 1(113) 1(103) 0(93) 0(93) 
1(109) 1(114) 1(96) 0(88) 0(81) 
1(114) 1(100) 0(91) 0(86) 
1(98) 1(98) 0(88) 
1(110) 1(108) 
1(116) 

0.8214285714285714
precise=0.9047151277013753
recall=0.632554945054945
F1score=0.7445432497978981

threshold=2.2400000000000015
1(118) 1(111) 1(122) 1(124) 0(94) 0(95) 0(86) 
1(111) 1(121) 1(113) 1(103) 0(93) 0(93) 
1(109) 1(115) 1(96) 0(89) 0(81) 
1(114) 1(100) 0(91) 0(86) 
1(98) 1(99) 0(89) 
1(110) 1(109) 
1(116) 

0.8214285714285714
precise=0.9015444015444015
recall=0.6358066712049013
F1score=0.7457085828343314

threshold=2.2600000000000016
1(118) 1(111) 1(122) 1(124) 0(95) 0(95) 0(86) 
1(111) 1(121) 1(113) 1(103) 0(93) 0(93) 
1(109) 1(115) 1(96) 0(89) 0(83) 
1(115) 1(100) 0(91) 0(86) 
1(98) 1(100) 0(89) 
1(110) 1(109) 
1(116) 

0.8214285714285714
precise=0.8984819734345351
recall=0.6390013495276653
F1score=0.7468454258675079

threshold=2.2800000000000016
1(118) 1(111) 1(122) 1(124) 1(97) 0(95) 0(87) 
1(111) 1(121) 1(113) 1(103) 0(93) 0(93) 
1(109) 1(115) 1(96) 0(89) 0(83) 
1(115) 1(101) 0(91) 0(86) 
1(98) 1(100) 0(89) 
1(110) 1(109) 
1(116) 

0.7857142857142857
precise=0.8946877912395154
recall=0.6421404682274248
F1score=0.7476635514018691

threshold=2.3000000000000016
1(118) 1(111) 1(122) 1(124) 1(97) 0(95) 0(88) 
1(111) 1(121) 1(113) 1(103) 0(94) 0(93) 
1(109) 1(115) 1(96) 0(89) 0(84) 
1(115) 1(101) 0(91) 0(86) 
1(98) 1(100) 0(89) 
1(110) 1(109) 
1(116) 

0.7857142857142857
precise=0.8910256410256411
recall=0.6452254641909815
F1score=0.7484615384615385

threshold=2.3200000000000016
1(119) 1(112) 1(122) 1(124) 1(98) 0(95) 0(89) 
1(111) 1(121) 1(113) 1(104) 0(95) 0(94) 
1(109) 1(115) 1(96) 0(89) 0(84) 
1(115) 1(101) 0(91) 0(86) 
1(98) 1(100) 0(90) 
1(111) 1(109) 
1(116) 

0.7857142857142857
precise=0.8874887488748875
recall=0.6482577251808022
F1score=0.7492401215805471

threshold=2.3400000000000016
1(119) 1(113) 1(122) 1(124) 1(98) 0(95) 0(90) 
1(111) 1(121) 1(114) 1(104) 0(95) 0(95) 
1(109) 1(116) 1(96) 0(89) 0(84) 
1(115) 1(101) 0(91) 0(87) 
1(98) 1(101) 0(90) 
1(111) 1(109) 
1(116) 

0.7857142857142857
precise=0.8840707964601769
recall=0.651238591916558
F1score=0.75

threshold=2.3600000000000017
1(119) 1(113) 1(122) 1(125) 1(98) 0(95) 0(90) 
1(111) 1(121) 1(114) 1(104) 1(96) 0(95) 
1(109) 1(116) 1(97) 0(89) 0(84) 
1(115) 1(101) 0(92) 0(87) 
1(99) 1(101) 0(90) 
1(112) 1(109) 
1(117) 

0.75
precise=0.88
recall=0.654169360051713
F1score=0.7504634779384501

threshold=2.3800000000000017
1(119) 1(113) 1(122) 1(125) 1(99) 0(95) 0(91) 
1(111) 1(121) 1(114) 1(104) 1(96) 0(95) 
1(109) 1(116) 1(98) 0(89) 0(84) 
1(115) 1(101) 0(92) 0(87) 
1(99) 1(101) 0(91) 
1(112) 1(109) 
1(117) 

0.75
precise=0.8760683760683761
recall=0.657051282051282
F1score=0.7509157509157509

threshold=2.4000000000000017
1(119) 1(114) 1(122) 1(125) 1(99) 0(95) 0(91) 
1(111) 1(121) 1(114) 1(104) 1(97) 0(95) 
1(109) 1(116) 1(98) 0(89) 0(84) 
1(115) 1(101) 0(92) 0(89) 
1(99) 1(101) 0(91) 
1(112) 1(109) 
1(117) 

0.75
precise=0.8722689075630252
recall=0.6598855689764781
F1score=0.751357220412595

threshold=2.4200000000000017
1(119) 1(114) 1(122) 1(125) 1(99) 0(95) 0(91) 
1(111) 1(122) 1(114) 1(104) 1(97) 0(95) 
1(109) 1(116) 1(99) 0(90) 0(86) 
1(116) 1(101) 0(92) 0(89) 
1(99) 1(101) 0(91) 
1(112) 1(109) 
1(117) 

0.75
precise=0.868595041322314
recall=0.6626733921815889
F1score=0.751788268955651

threshold=2.4400000000000017
1(119) 1(114) 1(122) 1(125) 1(99) 0(95) 0(91) 
1(113) 1(122) 1(114) 1(104) 1(98) 0(95) 
1(109) 1(116) 1(99) 0(90) 0(87) 
1(116) 1(101) 0(92) 0(90) 
1(99) 1(101) 0(92) 
1(112) 1(109) 
1(117) 

0.75
precise=0.865040650406504
recall=0.66541588492808
F1score=0.752209261223047

threshold=2.4600000000000017
1(119) 1(115) 1(122) 1(125) 1(99) 0(95) 0(92) 
1(113) 1(122) 1(114) 1(104) 1(98) 1(96) 
1(110) 1(118) 1(99) 0(90) 0(87) 
1(116) 1(101) 0(92) 0(90) 
1(99) 1(101) 0(92) 
1(112) 1(109) 
1(117) 

0.7142857142857143
precise=0.8609112709832134
recall=0.6681141439205955
F1score=0.7523576667830947

threshold=2.4800000000000018
1(120) 1(115) 1(122) 1(125) 1(100) 1(96) 0(92) 
1(113) 1(122) 1(114) 1(104) 1(98) 1(96) 
1(110) 1(118) 1(99) 0(90) 0(88) 
1(116) 1(101) 0(92) 0(90) 
1(101) 1(101) 0(92) 
1(112) 1(109) 
1(117) 

0.6785714285714286
precise=0.8562450903377847
recall=0.6707692307692308
F1score=0.7522429261559697

threshold=2.5000000000000018
1(121) 1(115) 1(122) 1(125) 1(100) 1(96) 0(93) 
1(113) 1(122) 1(114) 1(104) 1(98) 1(96) 
1(111) 1(118) 1(99) 0(90) 0(88) 
1(116) 1(101) 0(92) 0(90) 
1(102) 1(101) 0(92) 
1(112) 1(109) 
1(117) 

0.6785714285714286
precise=0.8517374517374517
recall=0.6733821733821734
F1score=0.7521309239686328

threshold=2.520000000000002
1(121) 1(115) 1(122) 1(125) 1(100) 1(96) 0(93) 
1(113) 1(122) 1(114) 1(104) 1(98) 1(96) 
1(111) 1(118) 1(99) 0(90) 0(91) 
1(116) 1(101) 0(92) 0(90) 
1(102) 1(101) 0(93) 
1(112) 1(109) 
1(117) 

0.6785714285714286
precise=0.8473804100227791
recall=0.67595396729255
F1score=0.7520215633423181

threshold=2.540000000000002
1(121) 1(115) 1(122) 1(125) 1(101) 1(96) 0(93) 
1(113) 1(122) 1(114) 1(104) 1(98) 1(96) 
1(111) 1(118) 1(99) 0(90) 0(91) 
1(116) 1(101) 0(92) 0(90) 
1(102) 1(101) 0(95) 
1(112) 1(109) 
1(117) 

0.6785714285714286
precise=0.8431665421956684
recall=0.6784855769230769
F1score=0.7519147519147519

threshold=2.560000000000002
1(121) 1(115) 1(122) 1(125) 1(101) 1(96) 0(94) 
1(113) 1(122) 1(114) 1(104) 1(98) 1(96) 
1(111) 1(118) 1(99) 0(90) 0(91) 
1(116) 1(101) 0(92) 0(91) 
1(102) 1(101) 0(95) 
1(113) 1(109) 
1(117) 

0.6785714285714286
precise=0.8390889052167524
recall=0.6809779367918902
F1score=0.7518104015799868

threshold=2.580000000000002
1(121) 1(115) 1(122) 1(125) 1(101) 1(96) 0(94) 
1(113) 1(122) 1(114) 1(105) 1(98) 1(96) 
1(111) 1(118) 1(99) 0(90) 0(91) 
1(116) 1(101) 0(92) 0(93) 
1(102) 1(101) 0(95) 
1(113) 1(109) 
1(117) 

0.6785714285714286
precise=0.8351409978308026
recall=0.6834319526627219
F1score=0.7517084282460137

threshold=2.600000000000002
1(121) 1(115) 1(122) 1(125) 1(101) 1(97) 0(94) 
1(113) 1(123) 1(114) 1(105) 1(98) 1(96) 
1(112) 1(120) 1(99) 0(90) 0(91) 
1(116) 1(101) 0(92) 0(93) 
1(102) 1(101) 0(95) 
1(113) 1(109) 
1(117) 

0.6785714285714286
precise=0.8313167259786477
recall=0.6858485026423957
F1score=0.7516087516087516

threshold=2.620000000000002
1(121) 1(115) 1(122) 1(126) 1(101) 1(97) 0(94) 
1(113) 1(123) 1(114) 1(105) 1(98) 1(96) 
1(112) 1(120) 1(99) 0(90) 0(91) 
1(116) 1(101) 0(92) 0(93) 
1(102) 1(101) 0(95) 
1(113) 1(109) 
1(117) 

0.6785714285714286
precise=0.8276103714085494
recall=0.6882284382284383
F1score=0.751511294941139

threshold=2.640000000000002
1(121) 1(116) 1(122) 1(126) 1(101) 1(97) 0(94) 
1(113) 1(123) 1(114) 1(105) 1(98) 1(96) 
1(112) 1(121) 1(99) 0(90) 0(91) 
1(116) 1(102) 0(92) 0(93) 
1(102) 1(101) 1(98) 
1(113) 1(109) 
1(117) 

0.6428571428571429
precise=0.8234482758620689
recall=0.6905725853094274
F1score=0.7511796162315193

threshold=2.660000000000002
1(121) 1(116) 1(122) 1(126) 1(102) 1(97) 0(94) 
1(114) 1(123) 1(114) 1(105) 1(99) 1(96) 
1(112) 1(121) 1(100) 0(91) 0(92) 
1(116) 1(102) 0(92) 0(93) 
1(102) 1(102) 1(98) 
1(113) 1(109) 
1(117) 

0.6428571428571429
precise=0.8194161575016972
recall=0.6928817451205511
F1score=0.7508553654743391

threshold=2.680000000000002
1(121) 1(116) 1(122) 1(126) 1(102) 1(97) 0(94) 
1(114) 1(123) 1(115) 1(105) 1(99) 1(96) 
1(112) 1(121) 1(100) 0(91) 0(92) 
1(117) 1(102) 0(92) 0(94) 
1(102) 1(102) 1(98) 
1(113) 1(110) 
1(117) 

0.6428571428571429
precise=0.8155080213903744
recall=0.6951566951566952
F1score=0.750538295908951

threshold=2.700000000000002
1(121) 1(116) 1(122) 1(126) 1(102) 1(97) 0(95) 
1(115) 1(123) 1(115) 1(105) 1(99) 1(96) 
1(112) 1(121) 1(100) 0(92) 0(93) 
1(117) 1(102) 0(92) 0(94) 
1(102) 1(102) 1(99) 
1(113) 1(110) 
1(118) 

0.6428571428571429
precise=0.8117182356813694
recall=0.6973981900452488
F1score=0.750228171585032

threshold=2.720000000000002
1(121) 1(116) 1(123) 1(126) 1(102) 1(98) 1(96) 
1(115) 1(123) 1(115) 1(105) 1(99) 1(97) 
1(113) 1(121) 1(100) 0(92) 0(93) 
1(117) 1(102) 0(92) 0(95) 
1(102) 1(102) 1(99) 
1(113) 1(110) 
1(118) 

0.6071428571428571
precise=0.8075178224238496
recall=0.699606962380685
F1score=0.7496991576413959

threshold=2.740000000000002
1(121) 1(117) 1(123) 1(126) 1(102) 1(98) 1(96) 
1(115) 1(123) 1(115) 1(105) 1(99) 1(97) 
1(113) 1(121) 1(100) 0(92) 0(93) 
1(117) 1(102) 0(92) 0(95) 
1(102) 1(102) 1(99) 
1(113) 1(110) 
1(118) 

0.6071428571428571
precise=0.803446075303127
recall=0.701783723522854
F1score=0.7491817911335912

threshold=2.760000000000002
1(122) 1(117) 1(123) 1(126) 1(102) 1(98) 1(96) 
1(115) 1(124) 1(115) 1(105) 1(99) 1(97) 
1(113) 1(121) 1(100) 0(92) 0(93) 
1(117) 1(102) 0(92) 1(96) 
1(102) 1(102) 1(99) 
1(113) 1(110) 
1(118) 

0.5714285714285714
precise=0.7989949748743719
recall=0.703929164360819
F1score=0.7484554280670785

threshold=2.780000000000002
1(122) 1(117) 1(124) 1(126) 1(102) 1(99) 1(96) 
1(115) 1(125) 1(115) 1(105) 1(99) 1(97) 
1(113) 1(121) 1(100) 0(93) 0(93) 
1(117) 1(102) 0(92) 1(97) 
1(102) 1(102) 1(99) 
1(113) 1(110) 
1(118) 

0.5714285714285714
precise=0.7946815089672232
recall=0.7060439560439561
F1score=0.7477451265638638

threshold=2.800000000000002
1(122) 1(117) 1(124) 1(126) 1(102) 1(99) 1(96) 
1(115) 1(125) 1(115) 1(105) 1(99) 1(97) 
1(113) 1(122) 1(100) 0(94) 0(94) 
1(117) 1(102) 0(92) 1(97) 
1(102) 1(102) 1(100) 
1(113) 1(110) 
1(118) 

0.5714285714285714
precise=0.7904993909866017
recall=0.7081287506819421
F1score=0.7470503597122302

threshold=2.820000000000002
1(122) 1(118) 1(124) 1(126) 1(102) 1(99) 1(96) 
1(115) 1(125) 1(115) 1(105) 1(99) 1(97) 
1(113) 1(122) 1(100) 0(94) 0(94) 
1(117) 1(102) 0(92) 1(97) 
1(102) 1(103) 1(100) 
1(113) 1(110) 
1(118) 

0.5714285714285714
precise=0.7864427114577085
recall=0.710184182015168
F1score=0.7463706233988044

threshold=2.840000000000002
1(122) 1(118) 1(124) 1(126) 1(102) 1(99) 1(96) 
1(115) 1(125) 1(115) 1(105) 1(99) 1(97) 
1(113) 1(122) 1(100) 0(94) 0(94) 
1(117) 1(102) 0(92) 1(97) 
1(102) 1(103) 1(100) 
1(113) 1(111) 
1(118) 

0.5714285714285714
precise=0.7825059101654847
recall=0.7122108660570199
F1score=0.7457054350887075

threshold=2.860000000000002
1(122) 1(118) 1(124) 1(127) 1(102) 1(99) 1(96) 
1(115) 1(125) 1(115) 1(105) 1(99) 1(97) 
1(113) 1(122) 1(100) 0(94) 0(94) 
1(117) 1(102) 0(92) 1(97) 
1(102) 1(103) 1(102) 
1(113) 1(111) 
1(118) 

0.5714285714285714
precise=0.778683750728014
recall=0.7142094017094017
F1score=0.7450543326831987

threshold=2.880000000000002
1(122) 1(119) 1(124) 1(127) 1(102) 1(99) 1(96) 
1(115) 1(125) 1(115) 1(105) 1(99) 1(97) 
1(113) 1(122) 1(100) 0(95) 0(94) 
1(117) 1(102) 0(92) 1(97) 
1(102) 1(103) 1(102) 
1(113) 1(111) 
1(118) 

0.5714285714285714
precise=0.7749712973593571
recall=0.7161803713527851
F1score=0.7444168734491315

threshold=2.900000000000002
1(122) 1(119) 1(124) 1(127) 1(102) 1(99) 1(96) 
1(115) 1(125) 1(115) 1(105) 1(99) 1(97) 
1(113) 1(122) 1(100) 0(95) 0(94) 
1(117) 1(102) 0(92) 1(97) 
1(102) 1(103) 1(102) 
1(113) 1(111) 
1(118) 

0.5714285714285714
precise=0.7713638936049801
recall=0.7181243414120126
F1score=0.7437926330150069

threshold=2.920000000000002
1(122) 1(119) 1(124) 1(127) 1(102) 1(99) 1(97) 
1(115) 1(125) 1(115) 1(105) 1(99) 1(98) 
1(113) 1(122) 1(100) 0(95) 0(94) 
1(117) 1(102) 0(92) 1(97) 
1(102) 1(104) 1(102) 
1(113) 1(111) 
1(118) 

0.5714285714285714
precise=0.7678571428571429
recall=0.7200418628990057
F1score=0.7431812044288415

threshold=2.940000000000002
1(122) 1(119) 1(125) 1(127) 1(102) 1(99) 1(97) 
1(115) 1(125) 1(115) 1(105) 1(100) 1(98) 
1(114) 1(122) 1(100) 0(95) 0(94) 
1(117) 1(102) 0(92) 1(97) 
1(102) 1(104) 1(102) 
1(113) 1(111) 
1(118) 

0.5714285714285714
precise=0.7644468904788112
recall=0.7219334719334719
F1score=0.7425821972734563

threshold=2.960000000000002
1(122) 1(119) 1(126) 1(127) 1(102) 1(99) 1(98) 
1(115) 1(125) 1(115) 1(105) 1(100) 1(98) 
1(114) 1(122) 1(100) 0(95) 0(94) 
1(117) 1(102) 0(92) 1(97) 
1(102) 1(104) 1(102) 
1(113) 1(111) 
1(118) 

0.5714285714285714
precise=0.761129207383279
recall=0.7237996902426432
F1score=0.7419952368351416

threshold=2.980000000000002
1(122) 1(119) 1(127) 1(127) 1(102) 1(99) 1(98) 
1(115) 1(125) 1(115) 1(105) 1(100) 1(98) 
1(114) 1(122) 1(100) 0(95) 0(94) 
1(117) 1(102) 0(92) 1(97) 
1(102) 1(104) 1(102) 
1(113) 1(111) 
1(118) 

0.5714285714285714
precise=0.7579003749330476
recall=0.7256410256410256
F1score=0.7414199633219806

threshold=3.000000000000002
1(122) 1(119) 1(127) 1(127) 1(102) 1(99) 1(99) 
1(115) 1(125) 1(115) 1(105) 1(100) 1(98) 
1(114) 1(122) 1(100) 0(95) 0(94) 
1(117) 1(102) 0(94) 1(97) 
1(102) 1(104) 1(102) 
1(113) 1(111) 
1(118) 

0.5714285714285714
precise=0.7547568710359408
recall=0.7274579724910851
F1score=0.7408560311284047

threshold=3.0200000000000022
1(122) 1(119) 1(127) 1(127) 1(102) 1(99) 1(99) 
1(115) 1(125) 1(116) 1(105) 1(100) 1(98) 
1(114) 1(122) 1(100) 0(95) 0(94) 
1(118) 1(102) 0(94) 1(97) 
1(102) 1(104) 1(102) 
1(113) 1(111) 
1(118) 

0.5714285714285714
precise=0.7516953573291602
recall=0.729251012145749
F1score=0.7403031081428204

threshold=3.0400000000000023
1(122) 1(119) 1(127) 1(127) 1(102) 1(99) 1(99) 
1(115) 1(125) 1(116) 1(105) 1(101) 1(98) 
1(114) 1(122) 1(100) 0(95) 0(94) 
1(118) 1(102) 0(94) 1(97) 
1(102) 1(104) 1(102) 
1(113) 1(111) 
1(119) 

0.5714285714285714
precise=0.748712667353244
recall=0.7310206133735545
F1score=0.7397608750953956

threshold=3.0600000000000023
1(122) 1(119) 1(127) 1(127) 1(102) 1(99) 1(99) 
1(115) 1(125) 1(116) 1(105) 1(101) 1(98) 
1(114) 1(122) 1(100) 0(95) 0(94) 
1(118) 1(102) 0(94) 1(97) 
1(102) 1(104) 1(102) 
1(113) 1(111) 
1(119) 

0.5714285714285714
precise=0.7458057956278596
recall=0.7327672327672328
F1score=0.7392290249433107

threshold=3.0800000000000023
1(122) 1(119) 1(127) 1(127) 1(103) 1(99) 1(99) 
1(115) 1(125) 1(116) 1(105) 1(101) 1(98) 
1(115) 1(122) 1(100) 0(95) 0(94) 
1(118) 1(102) 0(94) 1(97) 
1(102) 1(104) 1(102) 
1(113) 1(111) 
1(119) 

0.5714285714285714
precise=0.7429718875502008
recall=0.7344913151364765
F1score=0.7387072622909908

threshold=3.1000000000000023
1(122) 1(119) 1(127) 1(127) 1(103) 1(99) 1(100) 
1(115) 1(125) 1(116) 1(105) 1(101) 1(98) 
1(115) 1(122) 1(100) 0(95) 0(94) 
1(118) 1(102) 0(94) 1(97) 
1(102) 1(104) 1(102) 
1(113) 1(111) 
1(119) 

0.5714285714285714
precise=0.7402082300446208
recall=0.7361932938856016
F1score=0.738195302843016

threshold=3.1200000000000023
1(122) 1(119) 1(128) 1(127) 1(103) 1(99) 1(100) 
1(115) 1(125) 1(117) 1(105) 1(101) 1(98) 
1(115) 1(122) 1(100) 0(95) 0(94) 
1(118) 1(102) 0(94) 1(97) 
1(102) 1(104) 1(102) 
1(113) 1(111) 
1(119) 

0.5714285714285714
precise=0.7375122428991185
recall=0.7378735913767761
F1score=0.7376928728875827

threshold=3.1400000000000023
1(122) 1(120) 1(128) 1(127) 1(103) 1(99) 1(100) 
1(115) 1(125) 1(118) 1(105) 1(101) 1(98) 
1(115) 1(122) 1(101) 0(95) 0(94) 
1(118) 1(102) 0(94) 1(97) 
1(102) 1(104) 1(102) 
1(113) 1(111) 
1(119) 

0.5714285714285714
precise=0.7348814707305273
recall=0.7395326192794547
F1score=0.7371997088085416

threshold=3.1600000000000024
1(122) 1(120) 1(128) 1(127) 1(103) 1(99) 1(100) 
1(115) 1(125) 1(119) 1(105) 1(101) 1(98) 
1(115) 1(122) 1(101) 0(95) 0(94) 
1(118) 1(102) 0(94) 1(98) 
1(103) 1(104) 1(102) 
1(113) 1(111) 
1(119) 

0.5714285714285714
precise=0.7323135755258127
recall=0.741170778906628
F1score=0.7367155566241885

threshold=3.1800000000000024
1(123) 1(120) 1(128) 1(127) 1(103) 1(99) 1(100) 
1(115) 1(125) 1(119) 1(105) 1(101) 1(98) 
1(115) 1(122) 1(101) 0(95) 0(94) 
1(118) 1(102) 0(95) 1(98) 
1(103) 1(104) 1(102) 
1(113) 1(111) 
1(119) 

0.5714285714285714
precise=0.7298063297118564
recall=0.7427884615384616
F1score=0.7362401715511079

threshold=3.2000000000000024
1(123) 1(120) 1(128) 1(127) 1(103) 1(99) 1(100) 
1(115) 1(125) 1(119) 1(105) 1(102) 1(98) 
1(115) 1(122) 1(102) 1(96) 0(94) 
1(118) 1(102) 0(95) 1(98) 
1(103) 1(105) 1(102) 
1(113) 1(111) 
1(119) 

0.5357142857142857
precise=0.7270181987867476
recall=0.7443860487338748
F1score=0.7355996222851747

threshold=3.2200000000000024
1(123) 1(120) 1(128) 1(127) 1(104) 1(99) 1(100) 
1(115) 1(125) 1(119) 1(105) 1(103) 1(98) 
1(115) 1(122) 1(102) 1(96) 0(94) 
1(118) 1(102) 0(95) 1(98) 
1(103) 1(105) 1(102) 
1(113) 1(111) 
1(119) 

0.5357142857142857
precise=0.7242969110189027
recall=0.7459639126305793
F1score=0.7349707602339182

threshold=3.2400000000000024
1(123) 1(120) 1(128) 1(127) 1(104) 1(99) 1(100) 
1(115) 1(126) 1(119) 1(105) 1(103) 1(98) 
1(115) 1(122) 1(102) 1(96) 0(94) 
1(118) 1(102) 0(95) 1(98) 
1(103) 1(105) 1(102) 
1(113) 1(111) 
1(119) 

0.5357142857142857
precise=0.7216400911161731
recall=0.7475224162340727
F1score=0.7343532684283728

threshold=3.2600000000000025
1(123) 1(120) 1(128) 1(127) 1(104) 1(99) 1(100) 
1(115) 1(126) 1(120) 1(105) 1(103) 1(98) 
1(115) 1(122) 1(102) 1(97) 0(94) 
1(118) 1(102) 0(95) 1(98) 
1(103) 1(105) 1(102) 
1(113) 1(111) 
1(119) 

0.5357142857142857
precise=0.7190454750112562
recall=0.74906191369606
F1score=0.7337468412589019

threshold=3.2800000000000025
1(123) 1(120) 1(128) 1(127) 1(104) 1(99) 1(100) 
1(116) 1(126) 1(120) 1(105) 1(103) 1(98) 
1(115) 1(122) 1(102) 1(97) 0(94) 
1(118) 1(102) 0(95) 1(98) 
1(103) 1(105) 1(102) 
1(113) 1(111) 
1(119) 

0.5357142857142857
precise=0.7165109034267912
recall=0.7505827505827506
F1score=0.7331511839708561

threshold=3.3000000000000025
1(123) 1(120) 1(128) 1(127) 1(104) 1(99) 1(100) 
1(116) 1(126) 1(121) 1(105) 1(103) 1(98) 
1(115) 1(122) 1(102) 1(97) 0(94) 
1(118) 1(102) 0(95) 1(98) 
1(105) 1(105) 1(102) 
1(113) 1(111) 
1(119) 

0.5357142857142857
precise=0.7140343158820941
recall=0.7520852641334569
F1score=0.7325660121868652

threshold=3.3200000000000025
1(123) 1(120) 1(128) 1(127) 1(104) 1(99) 1(100) 
1(116) 1(126) 1(121) 1(106) 1(103) 1(98) 
1(115) 1(122) 1(102) 1(97) 0(94) 
1(118) 1(102) 0(95) 1(98) 
1(105) 1(105) 1(102) 
1(113) 1(111) 
1(119) 

0.5357142857142857
precise=0.711613745106568
recall=0.7535697835099032
F1score=0.7319910514541387

threshold=3.3400000000000025
1(123) 1(120) 1(128) 1(127) 1(104) 1(100) 1(100) 
1(116) 1(126) 1(121) 1(106) 1(103) 1(98) 
1(115) 1(122) 1(102) 1(98) 0(94) 
1(118) 1(102) 0(95) 1(98) 
1(105) 1(105) 1(103) 
1(113) 1(111) 
1(119) 

0.5357142857142857
precise=0.709247311827957
recall=0.75503663003663
F1score=0.7314260368152584

threshold=3.3600000000000025
1(123) 1(120) 1(128) 1(127) 1(104) 1(100) 1(100) 
1(116) 1(126) 1(122) 1(106) 1(103) 1(98) 
1(116) 1(122) 1(102) 1(98) 0(94) 
1(118) 1(102) 0(95) 1(99) 
1(105) 1(105) 1(103) 
1(113) 1(111) 
1(119) 

0.5357142857142857
precise=0.7069332199064228
recall=0.756486117432863
F1score=0.7308707124010554

threshold=3.3800000000000026
1(124) 1(120) 1(128) 1(127) 1(104) 1(100) 1(101) 
1(116) 1(127) 1(122) 1(106) 1(103) 1(98) 
1(117) 1(122) 1(104) 1(98) 0(94) 
1(118) 1(102) 0(95) 1(99) 
1(105) 1(105) 1(103) 
1(113) 1(111) 
1(119) 

0.5357142857142857
precise=0.704669751787968
recall=0.7579185520361991
F1score=0.7303248310442555

threshold=3.4000000000000026
1(124) 1(121) 1(128) 1(127) 1(104) 1(100) 1(101) 
1(116) 1(127) 1(122) 1(106) 1(103) 1(98) 
1(117) 1(122) 1(104) 1(98) 0(95) 
1(119) 1(102) 0(95) 1(99) 
1(105) 1(105) 1(103) 
1(113) 1(111) 
1(119) 

0.5357142857142857
precise=0.7024552642530171
recall=0.7593342330184435
F1score=0.7297881539126675

threshold=3.4200000000000026
1(124) 1(121) 1(128) 1(127) 1(104) 1(101) 1(101) 
1(116) 1(127) 1(122) 1(106) 1(104) 1(98) 
1(117) 1(122) 1(104) 1(98) 0(95) 
1(119) 1(102) 0(95) 1(99) 
1(105) 1(105) 1(103) 
1(114) 1(111) 
1(119) 

0.5357142857142857
precise=0.7002881844380403
recall=0.7607334525939177
F1score=0.7292604501607717

threshold=3.4400000000000026
1(124) 1(122) 1(128) 1(127) 1(104) 1(101) 1(101) 
1(116) 1(127) 1(122) 1(106) 1(105) 1(98) 
1(117) 1(122) 1(104) 1(98) 0(95) 
1(119) 1(102) 0(95) 1(100) 
1(105) 1(105) 1(103) 
1(114) 1(111) 
1(119) 

0.5357142857142857
precise=0.6981670061099796
recall=0.7621164962205424
F1score=0.7287414965986394

threshold=3.4600000000000026
1(124) 1(122) 1(128) 1(127) 1(104) 1(102) 1(102) 
1(116) 1(127) 1(122) 1(106) 1(105) 1(98) 
1(117) 1(122) 1(104) 1(98) 0(95) 
1(119) 1(102) 0(95) 1(100) 
1(105) 1(105) 1(103) 
1(114) 1(111) 
1(119) 

0.5357142857142857
precise=0.6960902861749295
recall=0.7634836427939876
F1score=0.7282310773771874

threshold=3.4800000000000026
1(124) 1(122) 1(128) 1(127) 1(104) 1(102) 1(102) 
1(116) 1(127) 1(122) 1(106) 1(105) 1(98) 
1(117) 1(122) 1(105) 1(98) 0(95) 
1(119) 1(102) 0(95) 1(100) 
1(105) 1(106) 1(103) 
1(114) 1(111) 
1(119) 

0.5357142857142857
precise=0.6940566414040686
recall=0.7648351648351648
F1score=0.7277289836888331

threshold=3.5000000000000027
1(124) 1(122) 1(128) 1(127) 1(104) 1(102) 1(102) 
1(116) 1(127) 1(122) 1(106) 1(105) 1(98) 
1(117) 1(122) 1(105) 1(98) 0(95) 
1(119) 1(103) 0(95) 1(100) 
1(105) 1(106) 1(103) 
1(114) 1(111) 
1(119) 

0.5357142857142857
precise=0.6920647453612317
recall=0.7661713286713286
F1score=0.7272350134826799

threshold=3.5200000000000027
1(124) 1(122) 1(128) 1(128) 1(104) 1(102) 1(102) 
1(116) 1(127) 1(122) 1(106) 1(105) 1(99) 
1(117) 1(122) 1(106) 1(99) 0(95) 
1(119) 1(103) 0(95) 1(100) 
1(105) 1(106) 1(103) 
1(114) 1(111) 
1(119) 

0.5357142857142857
precise=0.6901133255177804
recall=0.7674923946110387
F1score=0.7267489711934156

threshold=3.5400000000000027
1(124) 1(122) 1(128) 1(128) 1(104) 1(102) 1(102) 
1(116) 1(127) 1(122) 1(106) 1(105) 1(99) 
1(117) 1(122) 1(106) 1(99) 1(96) 
1(119) 1(103) 0(95) 1(100) 
1(105) 1(106) 1(104) 
1(114) 1(111) 
1(119) 

0.5
precise=0.6879350348027842
recall=0.7687986171132238
F1score=0.7261224489795919

threshold=3.5600000000000027
1(124) 1(122) 1(128) 1(128) 1(104) 1(102) 1(102) 
1(116) 1(127) 1(122) 1(106) 1(106) 1(99) 
1(117) 1(122) 1(106) 1(99) 1(96) 
1(119) 1(103) 0(95) 1(100) 
1(105) 1(106) 1(104) 
1(115) 1(111) 
1(119) 

0.5
precise=0.6858017604286261
recall=0.7700902449505801
F1score=0.725506072874494

threshold=3.5800000000000027
1(124) 1(122) 1(128) 1(128) 1(104) 1(102) 1(103) 
1(117) 1(127) 1(122) 1(106) 1(106) 1(99) 
1(117) 1(122) 1(106) 1(99) 1(96) 
1(119) 1(104) 0(95) 1(100) 
1(105) 1(106) 1(104) 
1(115) 1(111) 
1(119) 

0.5
precise=0.6837121212121212
recall=0.7713675213675214
F1score=0.7248995983935743

threshold=3.6000000000000028
1(124) 1(122) 1(128) 1(128) 1(104) 1(102) 1(103) 
1(117) 1(127) 1(122) 1(106) 1(106) 1(99) 
1(117) 1(122) 1(106) 1(99) 1(96) 
1(119) 1(104) 0(95) 1(101) 
1(105) 1(106) 1(104) 
1(115) 1(111) 
1(119) 

0.5
precise=0.6816647919010124
recall=0.7726306842328942
F1score=0.7243027888446215

threshold=3.6200000000000028
1(124) 1(122) 1(128) 1(128) 1(104) 1(102) 1(103) 
1(117) 1(127) 1(122) 1(106) 1(106) 1(100) 
1(117) 1(122) 1(106) 1(99) 1(96) 
1(119) 1(104) 0(95) 1(101) 
1(105) 1(108) 1(104) 
1(115) 1(111) 
1(119) 

0.5
precise=0.6796585003711952
recall=0.7738799661876585
F1score=0.7237154150197629

threshold=3.640000000000003
1(124) 1(122) 1(128) 1(128) 1(104) 1(102) 1(103) 
1(117) 1(127) 1(122) 1(106) 1(106) 1(100) 
1(117) 1(122) 1(106) 1(99) 1(96) 
1(119) 1(104) 0(95) 1(101) 
1(105) 1(108) 1(104) 
1(115) 1(111) 
1(119) 

0.5
precise=0.6776920249908122
recall=0.775115594787726
F1score=0.7231372549019608

threshold=3.660000000000003
1(124) 1(122) 1(128) 1(128) 1(104) 1(102) 1(103) 
1(117) 1(127) 1(122) 1(106) 1(106) 1(100) 
1(117) 1(122) 1(106) 1(99) 1(96) 
1(119) 1(104) 0(95) 1(101) 
1(105) 1(108) 1(104) 
1(115) 1(111) 
1(119) 

0.5
precise=0.675764192139738
recall=0.7763377926421404
F1score=0.722568093385214

threshold=3.680000000000003
1(124) 1(122) 1(129) 1(128) 1(104) 1(103) 1(103) 
1(117) 1(127) 1(122) 1(106) 1(106) 1(100) 
1(117) 1(122) 1(106) 1(99) 1(96) 
1(119) 1(105) 0(95) 1(101) 
1(105) 1(108) 1(104) 
1(115) 1(111) 
1(119) 

0.5
precise=0.6738738738738739
recall=0.7775467775467776
F1score=0.722007722007722

threshold=3.700000000000003
1(124) 1(122) 1(129) 1(128) 1(104) 1(103) 1(103) 
1(117) 1(127) 1(122) 1(106) 1(106) 1(100) 
1(117) 1(122) 1(107) 1(100) 1(96) 
1(119) 1(105) 0(95) 1(102) 
1(105) 1(108) 1(104) 
1(115) 1(111) 
1(119) 

0.5
precise=0.6720199857244825
recall=0.7787427626137303
F1score=0.721455938697318

threshold=3.720000000000003
1(124) 1(122) 1(129) 1(128) 1(105) 1(104) 1(103) 
1(117) 1(127) 1(123) 1(106) 1(106) 1(100) 
1(117) 1(122) 1(107) 1(100) 1(96) 
1(119) 1(105) 0(95) 1(102) 
1(105) 1(108) 1(104) 
1(115) 1(111) 
1(119) 

0.5
precise=0.6702014846235419
recall=0.7799259563965446
F1score=0.7209125475285171

threshold=3.740000000000003
1(124) 1(122) 1(129) 1(128) 1(106) 1(104) 1(103) 
1(118) 1(127) 1(123) 1(106) 1(107) 1(100) 
1(117) 1(122) 1(107) 1(100) 1(96) 
1(119) 1(105) 1(96) 1(102) 
1(105) 1(108) 1(104) 
1(116) 1(111) 
1(119) 

0.4642857142857143
precise=0.6681834091704585
recall=0.7810965630114566
F1score=0.7202414638747406

threshold=3.760000000000003
1(124) 1(122) 1(129) 1(128) 1(106) 1(104) 1(103) 
1(118) 1(127) 1(123) 1(106) 1(107) 1(100) 
1(117) 1(122) 1(107) 1(100) 1(96) 
1(119) 1(105) 1(96) 1(102) 
1(105) 1(108) 1(104) 
1(117) 1(111) 
1(119) 

0.4642857142857143
precise=0.6662045060658579
recall=0.7822547822547823
F1score=0.7195806813927368

threshold=3.780000000000003
1(124) 1(122) 1(129) 1(128) 1(106) 1(104) 1(103) 
1(118) 1(127) 1(123) 1(106) 1(107) 1(100) 
1(117) 1(122) 1(107) 1(100) 1(96) 
1(120) 1(105) 1(96) 1(102) 
1(105) 1(108) 1(104) 
1(117) 1(111) 
1(119) 

0.4642857142857143
precise=0.6642636457260556
recall=0.7834008097165992
F1score=0.7189299647036969

threshold=3.800000000000003
1(124) 1(122) 1(129) 1(128) 1(106) 1(104) 1(104) 
1(118) 1(127) 1(123) 1(106) 1(107) 1(100) 
1(118) 1(123) 1(107) 1(100) 1(96) 
1(120) 1(105) 1(97) 1(102) 
1(105) 1(109) 1(104) 
1(118) 1(112) 
1(120) 

0.4642857142857143
precise=0.6623597415844951
recall=0.7845348368908578
F1score=0.7182890855457227

threshold=3.820000000000003
1(124) 1(122) 1(129) 1(128) 1(108) 1(104) 1(104) 
1(118) 1(127) 1(123) 1(107) 1(107) 1(100) 
1(118) 1(123) 1(108) 1(101) 1(97) 
1(120) 1(105) 1(97) 1(102) 
1(105) 1(109) 1(104) 
1(118) 1(112) 
1(120) 

0.4642857142857143
precise=0.660491748063321
recall=0.7856570512820513
F1score=0.7176578225068618

threshold=3.840000000000003
1(124) 1(122) 1(129) 1(128) 1(108) 1(104) 1(104) 
1(118) 1(127) 1(123) 1(107) 1(107) 1(100) 
1(118) 1(123) 1(108) 1(101) 1(97) 
1(120) 1(105) 1(97) 1(102) 
1(105) 1(109) 1(104) 
1(118) 1(112) 
1(120) 

0.4642857142857143
precise=0.6586586586586587
recall=0.7867676365085692
F1score=0.717035960770069

threshold=3.860000000000003
1(124) 1(122) 1(129) 1(128) 1(108) 1(104) 1(104) 
1(118) 1(127) 1(123) 1(107) 1(107) 1(100) 
1(118) 1(123) 1(108) 1(101) 1(97) 
1(120) 1(105) 1(97) 1(102) 
1(105) 1(109) 1(104) 
1(118) 1(112) 
1(120) 

0.4642857142857143
precise=0.6568595041322314
recall=0.7878667724028549
F1score=0.716423291869479

threshold=3.880000000000003
1(124) 1(122) 1(129) 1(128) 1(109) 1(104) 1(104) 
1(118) 1(127) 1(123) 1(107) 1(108) 1(100) 
1(118) 1(123) 1(108) 1(101) 1(97) 
1(120) 1(105) 1(97) 1(102) 
1(105) 1(109) 1(104) 
1(118) 1(112) 
1(120) 

0.4642857142857143
precise=0.6550933508024893
recall=0.7889546351084813
F1score=0.7158196134574087

threshold=3.900000000000003
1(124) 1(122) 1(129) 1(128) 1(109) 1(104) 1(104) 
1(118) 1(127) 1(123) 1(107) 1(108) 1(100) 
1(118) 1(123) 1(108) 1(101) 1(97) 
1(121) 1(105) 1(97) 1(102) 
1(105) 1(109) 1(104) 
1(118) 1(113) 
1(120) 

0.4642857142857143
precise=0.6533592989289192
recall=0.7900313971742543
F1score=0.715224729081542

threshold=3.920000000000003
1(124) 1(122) 1(129) 1(128) 1(109) 1(104) 1(104) 
1(118) 1(127) 1(123) 1(107) 1(108) 1(100) 
1(118) 1(123) 1(108) 1(101) 1(97) 
1(121) 1(106) 1(97) 1(102) 
1(106) 1(109) 1(104) 
1(119) 1(113) 
1(120) 

0.4642857142857143
precise=0.6516564811836604
recall=0.791097227645451
F1score=0.7146384479717813

threshold=3.940000000000003
1(124) 1(122) 1(129) 1(128) 1(109) 1(104) 1(104) 
1(118) 1(127) 1(123) 1(107) 1(108) 1(100) 
1(118) 1(123) 1(108) 1(101) 1(97) 
1(121) 1(107) 1(97) 1(102) 
1(106) 1(109) 1(104) 
1(119) 1(113) 
1(120) 

0.4642857142857143
precise=0.6499840612049729
recall=0.7921522921522921
F1score=0.7140605848362809

threshold=3.960000000000003
1(124) 1(123) 1(129) 1(128) 1(109) 1(104) 1(104) 
1(118) 1(127) 1(123) 1(107) 1(108) 1(100) 
1(118) 1(123) 1(108) 1(101) 1(97) 
1(121) 1(107) 1(97) 1(102) 
1(106) 1(109) 1(104) 
1(119) 1(113) 
1(120) 

0.4642857142857143
precise=0.6483412322274882
recall=0.793196752995748
F1score=0.713490959666203

threshold=3.980000000000003
1(124) 1(123) 1(129) 1(128) 1(109) 1(104) 1(104) 
1(118) 1(128) 1(123) 1(107) 1(108) 1(100) 
1(120) 1(123) 1(108) 1(101) 1(97) 
1(121) 1(107) 1(97) 1(102) 
1(106) 1(109) 1(104) 
1(119) 1(113) 
1(120) 

0.4642857142857143
precise=0.6467272157845286
recall=0.7942307692307692
F1score=0.7129293975487657

threshold=4.000000000000003
1(124) 1(123) 1(130) 1(128) 1(109) 1(104) 1(104) 
1(118) 1(128) 1(123) 1(107) 1(108) 1(100) 
1(120) 1(123) 1(108) 1(101) 1(97) 
1(121) 1(107) 1(97) 1(102) 
1(106) 1(109) 1(104) 
1(119) 1(113) 
1(120) 

0.4642857142857143
precise=0.6451412604781124
recall=0.7952544967470341
F1score=0.7123757284881728

threshold=4.020000000000002
1(124) 1(123) 1(130) 1(128) 1(109) 1(104) 1(104) 
1(118) 1(128) 1(123) 1(107) 1(108) 1(100) 
1(120) 1(123) 1(108) 1(101) 1(98) 
1(122) 1(107) 1(97) 1(102) 
1(106) 1(109) 1(104) 
1(119) 1(113) 
1(120) 

0.4642857142857143
precise=0.6435826408125577
recall=0.7962680883472962
F1score=0.7118297872340426

threshold=4.040000000000002
1(124) 1(123) 1(130) 1(128) 1(109) 1(104) 1(104) 
1(118) 1(128) 1(123) 1(107) 1(108) 1(100) 
1(120) 1(123) 1(108) 1(101) 1(98) 
1(122) 1(107) 1(99) 1(102) 
1(106) 1(109) 1(104) 
1(119) 1(113) 
1(120) 

0.4642857142857143
precise=0.6420506560878853
recall=0.797271693823418
F1score=0.711291413116971

threshold=4.060000000000001
1(124) 1(123) 1(131) 1(128) 1(109) 1(106) 1(104) 
1(118) 1(128) 1(123) 1(107) 1(108) 1(100) 
1(120) 1(123) 1(109) 1(101) 1(98) 
1(123) 1(107) 1(99) 1(102) 
1(106) 1(109) 1(104) 
1(119) 1(113) 
1(120) 

0.4642857142857143
precise=0.6405446293494705
recall=0.798265460030166
F1score=0.7107604498908847

threshold=4.080000000000001
1(124) 1(124) 1(131) 1(128) 1(109) 1(106) 1(104) 
1(118) 1(128) 1(123) 1(107) 1(108) 1(101) 
1(120) 1(123) 1(109) 1(101) 1(99) 
1(123) 1(107) 1(100) 1(102) 
1(106) 1(109) 1(104) 
1(119) 1(113) 
1(120) 

0.4642857142857143
precise=0.639063906390639
recall=0.799249530956848
F1score=0.7102367455818607

threshold=4.1000000000000005
1(124) 1(124) 1(131) 1(128) 1(109) 1(106) 1(105) 
1(118) 1(128) 1(123) 1(107) 1(108) 1(101) 
1(120) 1(123) 1(109) 1(101) 1(99) 
1(123) 1(107) 1(100) 1(103) 
1(106) 1(109) 1(104) 
1(119) 1(113) 
1(120) 

0.4642857142857143
precise=0.6376078548051175
recall=0.8002240477968633
F1score=0.7097201523431032

threshold=4.12
1(124) 1(124) 1(131) 1(128) 1(109) 1(106) 1(105) 
1(118) 1(128) 1(123) 1(107) 1(108) 1(101) 
1(120) 1(123) 1(109) 1(101) 1(99) 
1(123) 1(107) 1(100) 1(103) 
1(106) 1(110) 1(104) 
1(119) 1(113) 
1(120) 

0.4642857142857143
precise=0.6361758630864561
recall=0.801189149015236
F1score=0.7092105263157895

threshold=4.14
1(124) 1(124) 1(131) 1(128) 1(109) 1(106) 1(105) 
1(118) 1(128) 1(123) 1(107) 1(108) 1(102) 
1(120) 1(123) 1(109) 1(101) 1(99) 
1(123) 1(107) 1(100) 1(103) 
1(106) 1(110) 1(104) 
1(119) 1(113) 
1(120) 

0.4642857142857143
precise=0.6347673397717296
recall=0.8021449704142012
F1score=0.7087077274955073

threshold=4.159999999999999
1(124) 1(124) 1(131) 1(128) 1(109) 1(106) 1(105) 
1(118) 1(128) 1(123) 1(107) 1(108) 1(102) 
1(120) 1(123) 1(109) 1(101) 1(99) 
1(123) 1(107) 1(100) 1(103) 
1(106) 1(110) 1(105) 
1(119) 1(113) 
1(120) 

0.4642857142857143
precise=0.6333817126269956
recall=0.8030916451969083
F1score=0.7082116196040247

threshold=4.179999999999999
1(124) 1(124) 1(131) 1(128) 1(109) 1(106) 1(105) 
1(118) 1(128) 1(123) 1(107) 1(108) 1(102) 
1(120) 1(123) 1(109) 1(101) 1(99) 
1(123) 1(107) 1(100) 1(104) 
1(107) 1(111) 1(105) 
1(119) 1(113) 
1(120) 

0.4642857142857143
precise=0.6320184278721567
recall=0.8040293040293041
F1score=0.7077220699661454

threshold=4.199999999999998
1(124) 1(124) 1(131) 1(128) 1(109) 1(106) 1(105) 
1(118) 1(128) 1(123) 1(107) 1(108) 1(102) 
1(120) 1(123) 1(109) 1(101) 1(99) 
1(123) 1(107) 1(100) 1(104) 
1(107) 1(111) 1(105) 
1(119) 1(113) 
1(120) 

0.4642857142857143
precise=0.6306769494430163
recall=0.8049580751002552
F1score=0.7072389493914157

threshold=4.219999999999998
1(124) 1(124) 1(132) 1(128) 1(109) 1(106) 1(105) 
1(118) 1(128) 1(123) 1(107) 1(108) 1(102) 
1(120) 1(123) 1(109) 1(101) 1(99) 
1(123) 1(107) 1(100) 1(104) 
1(107) 1(111) 1(106) 
1(119) 1(113) 
1(120) 

0.4642857142857143
precise=0.6293567582884669
recall=0.805878084179971
F1score=0.7067621320604615

threshold=4.2399999999999975
1(124) 1(124) 1(132) 1(128) 1(109) 1(106) 1(105) 
1(118) 1(128) 1(123) 1(107) 1(108) 1(102) 
1(120) 1(123) 1(109) 1(101) 1(99) 
1(123) 1(107) 1(100) 1(104) 
1(107) 1(111) 1(106) 
1(119) 1(113) 
1(120) 

0.4642857142857143
precise=0.6280573517008715
recall=0.8067894546767787
F1score=0.7062914954157445

threshold=4.259999999999997
1(124) 1(124) 1(132) 1(128) 1(110) 1(106) 1(105) 
1(118) 1(128) 1(123) 1(107) 1(108) 1(102) 
1(120) 1(123) 1(109) 1(102) 1(99) 
1(123) 1(107) 1(100) 1(104) 
1(107) 1(111) 1(106) 
1(119) 1(113) 
1(120) 

0.4642857142857143
precise=0.6267782426778242
recall=0.8076923076923077
F1score=0.7058269200565416

threshold=4.279999999999997
1(124) 1(124) 1(132) 1(128) 1(110) 1(106) 1(105) 
1(118) 1(128) 1(123) 1(107) 1(108) 1(102) 
1(120) 1(123) 1(109) 1(102) 1(99) 
1(123) 1(107) 1(100) 1(104) 
1(107) 1(111) 1(106) 
1(119) 1(113) 
1(120) 

0.4642857142857143
precise=0.6255189593135898
recall=0.8085867620751341
F1score=0.7053682896379525

threshold=4.299999999999996
1(124) 1(124) 1(132) 1(128) 1(110) 1(106) 1(105) 
1(118) 1(128) 1(123) 1(107) 1(108) 1(102) 
1(120) 1(123) 1(109) 1(102) 1(99) 
1(123) 1(107) 1(100) 1(104) 
1(107) 1(111) 1(106) 
1(119) 1(113) 
1(120) 

0.4642857142857143
precise=0.6242790442186212
recall=0.8094729344729344
F1score=0.7049154907737634

threshold=4.319999999999996
1(124) 1(124) 1(132) 1(128) 1(110) 1(106) 1(105) 
1(118) 1(128) 1(123) 1(107) 1(108) 1(103) 
1(120) 1(123) 1(109) 1(102) 1(99) 
1(123) 1(107) 1(100) 1(104) 
1(107) 1(111) 1(106) 
1(119) 1(113) 
1(120) 

0.4642857142857143
precise=0.6230580539656582
recall=0.8103509393831975
F1score=0.7044684129429892

threshold=4.339999999999995
1(124) 1(124) 1(132) 1(128) 1(110) 1(106) 1(105) 
1(118) 1(128) 1(123) 1(107) 1(108) 1(103) 
1(120) 1(123) 1(109) 1(102) 1(99) 
1(123) 1(107) 1(100) 1(104) 
1(107) 1(111) 1(106) 
1(119) 1(113) 
1(120) 

0.4642857142857143
precise=0.6218555585609954
recall=0.8112208892025405
F1score=0.7040269483999387

threshold=4.359999999999995
1(125) 1(124) 1(132) 1(129) 1(110) 1(106) 1(105) 
1(118) 1(128) 1(123) 1(107) 1(108) 1(103) 
1(120) 1(123) 1(109) 1(103) 1(99) 
1(123) 1(107) 1(100) 1(104) 
1(107) 1(112) 1(106) 
1(119) 1(113) 
1(120) 

0.4642857142857143
precise=0.6206711409395973
recall=0.8120828942746751
F1score=0.7035909920876445

threshold=4.379999999999995
1(125) 1(124) 1(132) 1(129) 1(110) 1(106) 1(105) 
1(118) 1(128) 1(123) 1(107) 1(108) 1(103) 
1(120) 1(123) 1(109) 1(103) 1(100) 
1(123) 1(107) 1(100) 1(104) 
1(107) 1(112) 1(106) 
1(119) 1(115) 
1(120) 

0.4642857142857143
precise=0.6195043964828137
recall=0.8129370629370629
F1score=0.7031604415545138

threshold=4.399999999999994
1(125) 1(124) 1(132) 1(129) 1(110) 1(106) 1(105) 
1(118) 1(128) 1(123) 1(107) 1(108) 1(103) 
1(120) 1(123) 1(109) 1(103) 1(100) 
1(123) 1(107) 1(100) 1(104) 
1(107) 1(112) 1(106) 
1(119) 1(115) 
1(120) 

0.4642857142857143
precise=0.6183549325575245
recall=0.813783501566307
F1score=0.7027351968740607

threshold=4.419999999999994
1(125) 1(124) 1(132) 1(129) 1(110) 1(106) 1(106) 
1(119) 1(128) 1(123) 1(107) 1(108) 1(103) 
1(120) 1(123) 1(109) 1(103) 1(100) 
1(123) 1(107) 1(100) 1(104) 
1(107) 1(112) 1(106) 
1(119) 1(115) 
1(120) 

0.4642857142857143
precise=0.6172223680756104
recall=0.8146223146223146
F1score=0.7023151605675878

threshold=4.439999999999993
1(125) 1(124) 1(132) 1(129) 1(110) 1(106) 1(106) 
1(119) 1(128) 1(123) 1(107) 1(108) 1(103) 
1(120) 1(123) 1(109) 1(104) 1(100) 
1(123) 1(108) 1(100) 1(105) 
1(107) 1(112) 1(106) 
1(119) 1(115) 
1(120) 

0.4642857142857143
precise=0.616106333072713
recall=0.8154536046912728
F1score=0.7019002375296912

threshold=4.459999999999993
1(125) 1(124) 1(132) 1(129) 1(110) 1(107) 1(106) 
1(119) 1(128) 1(123) 1(107) 1(108) 1(103) 
1(120) 1(123) 1(109) 1(104) 1(100) 
1(123) 1(108) 1(100) 1(105) 
1(107) 1(112) 1(106) 
1(119) 1(115) 
1(121) 

0.4642857142857143
precise=0.615006468305304
recall=0.8162774725274725
F1score=0.7014903349564704

threshold=4.479999999999992
1(125) 1(124) 1(132) 1(129) 1(110) 1(107) 1(106) 
1(119) 1(128) 1(123) 1(107) 1(109) 1(103) 
1(120) 1(123) 1(109) 1(104) 1(100) 
1(123) 1(109) 1(100) 1(106) 
1(107) 1(112) 1(106) 
1(119) 1(115) 
1(121) 

0.4642857142857143
precise=0.6139224248651426
recall=0.8170940170940171
F1score=0.7010853622763273

threshold=4.499999999999992
1(125) 1(124) 1(132) 1(129) 1(111) 1(107) 1(106) 
1(119) 1(128) 1(123) 1(107) 1(110) 1(103) 
1(120) 1(123) 1(109) 1(104) 1(100) 
1(123) 1(109) 1(101) 1(106) 
1(107) 1(112) 1(107) 
1(120) 1(115) 
1(121) 

0.4642857142857143
precise=0.6128538638102525
recall=0.8179033356024507
F1score=0.7006852310832483

threshold=4.519999999999992
1(125) 1(124) 1(132) 1(129) 1(111) 1(107) 1(106) 
1(119) 1(128) 1(123) 1(107) 1(110) 1(103) 
1(120) 1(123) 1(109) 1(104) 1(100) 
1(123) 1(109) 1(101) 1(106) 
1(107) 1(112) 1(107) 
1(120) 1(115) 
1(121) 

0.4642857142857143
precise=0.6118004558115979
recall=0.8187055235513385
F1score=0.7002898550724638

threshold=4.539999999999991
1(125) 1(124) 1(132) 1(130) 1(111) 1(107) 1(106) 
1(119) 1(128) 1(123) 1(107) 1(110) 1(103) 
1(120) 1(123) 1(109) 1(104) 1(100) 
1(123) 1(109) 1(101) 1(106) 
1(107) 1(113) 1(107) 
1(120) 1(115) 
1(121) 

0.4642857142857143
precise=0.6107618808146844
recall=0.8195006747638327
F1score=0.6998991499783893

threshold=4.559999999999991
1(125) 1(124) 1(132) 1(130) 1(111) 1(107) 1(106) 
1(119) 1(129) 1(123) 1(107) 1(110) 1(104) 
1(120) 1(123) 1(109) 1(105) 1(100) 
1(123) 1(109) 1(101) 1(106) 
1(108) 1(114) 1(107) 
1(120) 1(115) 
1(122) 

0.4642857142857143
precise=0.6097378277153558
recall=0.8202888814242526
F1score=0.6995130335147522

threshold=4.57999999999999
1(125) 1(124) 1(132) 1(130) 1(111) 1(107) 1(106) 
1(119) 1(129) 1(123) 1(107) 1(110) 1(104) 
1(120) 1(123) 1(109) 1(105) 1(100) 
1(123) 1(110) 1(101) 1(107) 
1(108) 1(114) 1(107) 
1(120) 1(116) 
1(122) 

0.4642857142857143
precise=0.608727994049095
recall=0.8210702341137124
F1score=0.6991314253168162

threshold=4.59999999999999
1(125) 1(124) 1(132) 1(130) 1(112) 1(107) 1(107) 
1(119) 1(129) 1(123) 1(107) 1(110) 1(104) 
1(120) 1(123) 1(109) 1(105) 1(100) 
1(123) 1(110) 1(101) 1(107) 
1(108) 1(114) 1(107) 
1(120) 1(116) 
1(122) 

0.4642857142857143
precise=0.607732085693179
recall=0.8218448218448219
F1score=0.6987542468856173

threshold=4.6199999999999894
1(125) 1(124) 1(132) 1(130) 1(112) 1(107) 1(107) 
1(119) 1(129) 1(123) 1(107) 1(111) 1(104) 
1(120) 1(123) 1(109) 1(105) 1(101) 
1(123) 1(110) 1(101) 1(107) 
1(108) 1(114) 1(107) 
1(120) 1(116) 
1(122) 

0.4642857142857143
precise=0.6067498165810712
recall=0.8226127320954907
F1score=0.6983814215341309

threshold=4.639999999999989
1(125) 1(124) 1(132) 1(130) 1(112) 1(107) 1(107) 
1(119) 1(129) 1(123) 1(107) 1(111) 1(104) 
1(120) 1(123) 1(109) 1(105) 1(101) 
1(123) 1(110) 1(101) 1(107) 
1(108) 1(114) 1(107) 
1(120) 1(116) 
1(122) 

0.4642857142857143
precise=0.6057809084284673
recall=0.823374050841862
F1score=0.6980128743352925

threshold=4.659999999999989
1(125) 1(124) 1(132) 1(130) 1(112) 1(107) 1(107) 
1(119) 1(129) 1(124) 1(107) 1(111) 1(104) 
1(120) 1(123) 1(109) 1(105) 1(101) 
1(123) 1(110) 1(101) 1(107) 
1(108) 1(114) 1(107) 
1(120) 1(116) 
1(122) 

0.4642857142857143
precise=0.6048250904704463
recall=0.8241288625904011
F1score=0.6976485320717963

threshold=4.679999999999988
1(125) 1(124) 1(132) 1(130) 1(112) 1(107) 1(107) 
1(119) 1(129) 1(124) 1(107) 1(111) 1(104) 
1(120) 1(123) 1(109) 1(105) 1(101) 
1(123) 1(110) 1(102) 1(107) 
1(108) 1(114) 1(107) 
1(120) 1(116) 
1(122) 

0.4642857142857143
precise=0.603882099209202
recall=0.8248772504091653
F1score=0.6972883231876038

threshold=4.699999999999988
1(125) 1(125) 1(132) 1(130) 1(112) 1(107) 1(107) 
1(119) 1(129) 1(124) 1(107) 1(111) 1(104) 
1(120) 1(123) 1(109) 1(105) 1(101) 
1(123) 1(110) 1(102) 1(107) 
1(108) 1(114) 1(107) 
1(120) 1(116) 
1(123) 

0.4642857142857143
precise=0.6029516781718638
recall=0.825619295958279
F1score=0.6969321777410923

threshold=4.719999999999987
1(125) 1(125) 1(132) 1(130) 1(112) 1(107) 1(107) 
1(119) 1(129) 1(125) 1(107) 1(111) 1(104) 
1(120) 1(123) 1(109) 1(105) 1(101) 
1(123) 1(110) 1(102) 1(107) 
1(108) 1(114) 1(107) 
1(120) 1(116) 
1(123) 

0.4642857142857143
precise=0.6020335776779381
recall=0.8263550795196365
F1score=0.6965800273597811

threshold=4.739999999999987
1(125) 1(125) 1(132) 1(130) 1(112) 1(108) 1(108) 
1(119) 1(129) 1(125) 1(107) 1(111) 1(104) 
1(120) 1(123) 1(110) 1(105) 1(101) 
1(123) 1(110) 1(102) 1(107) 
1(108) 1(114) 1(107) 
1(120) 1(116) 
1(123) 

0.4642857142857143
precise=0.6011275546159267
recall=0.8270846800258564
F1score=0.6962318051965719

threshold=4.7599999999999865
1(125) 1(125) 1(132) 1(130) 1(112) 1(108) 1(108) 
1(119) 1(129) 1(125) 1(107) 1(111) 1(104) 
1(120) 1(123) 1(110) 1(105) 1(101) 
1(123) 1(110) 1(102) 1(107) 
1(108) 1(114) 1(107) 
1(120) 1(116) 
1(123) 

0.4642857142857143
precise=0.6002333722287048
recall=0.8278081750885098
F1score=0.6958874458874459

threshold=4.779999999999986
1(125) 1(125) 1(132) 1(130) 1(112) 1(108) 1(108) 
1(119) 1(129) 1(125) 1(107) 1(111) 1(104) 
1(120) 1(123) 1(110) 1(105) 1(102) 
1(123) 1(111) 1(103) 1(107) 
1(108) 1(114) 1(107) 
1(120) 1(117) 
1(123) 

0.4642857142857143
precise=0.5993507999072571
recall=0.8285256410256411
F1score=0.695546885510561

threshold=4.799999999999986
1(125) 1(125) 1(132) 1(130) 1(112) 1(108) 1(108) 
1(119) 1(129) 1(125) 1(107) 1(111) 1(104) 
1(120) 1(123) 1(110) 1(105) 1(102) 
1(123) 1(111) 1(103) 1(107) 
1(108) 1(114) 1(107) 
1(120) 1(117) 
1(123) 

0.4642857142857143
precise=0.598479612992398
recall=0.8292371528886052
F1score=0.6952100615466952

threshold=4.819999999999985
1(125) 1(125) 1(132) 1(130) 1(112) 1(108) 1(108) 
1(119) 1(129) 1(125) 1(107) 1(111) 1(104) 
1(120) 1(123) 1(110) 1(105) 1(102) 
1(123) 1(111) 1(103) 1(107) 
1(109) 1(114) 1(107) 
1(120) 1(117) 
1(123) 

0.4642857142857143
precise=0.5976195925841153
recall=0.829942784488239
F1score=0.6948769128409847

threshold=4.839999999999985
1(125) 1(125) 1(132) 1(130) 1(112) 1(109) 1(108) 
1(119) 1(129) 1(125) 1(107) 1(111) 1(104) 
1(120) 1(123) 1(110) 1(105) 1(102) 
1(123) 1(111) 1(103) 1(107) 
1(109) 1(114) 1(107) 
1(120) 1(117) 
1(123) 

0.4642857142857143
precise=0.5967705253581987
recall=0.8306426084203862
F1score=0.6945473795659078

threshold=4.859999999999984
1(125) 1(125) 1(132) 1(130) 1(113) 1(109) 1(108) 
1(119) 1(129) 1(125) 1(107) 1(111) 1(105) 
1(120) 1(123) 1(110) 1(105) 1(102) 
1(123) 1(111) 1(103) 1(107) 
1(110) 1(114) 1(107) 
1(120) 1(117) 
1(123) 

0.4642857142857143
precise=0.5959322033898306
recall=0.8313366960907944
F1score=0.694221403185468

threshold=4.879999999999984
1(125) 1(125) 1(132) 1(130) 1(113) 1(109) 1(108) 
1(119) 1(129) 1(125) 1(107) 1(111) 1(105) 
1(120) 1(124) 1(110) 1(105) 1(102) 
1(123) 1(111) 1(104) 1(107) 
1(110) 1(114) 1(107) 
1(120) 1(118) 
1(123) 

0.4642857142857143
precise=0.5951044239838311
recall=0.8320251177394035
F1score=0.693898926420529

threshold=4.8999999999999835
1(125) 1(125) 1(132) 1(130) 1(113) 1(109) 1(108) 
1(119) 1(129) 1(125) 1(107) 1(111) 1(105) 
1(120) 1(124) 1(110) 1(105) 1(102) 
1(124) 1(111) 1(104) 1(107) 
1(110) 1(114) 1(107) 
1(120) 1(118) 
1(123) 

0.4642857142857143
precise=0.5942869895112698
recall=0.83270794246404
F1score=0.6935798932152624

threshold=4.919999999999983
1(125) 1(125) 1(132) 1(130) 1(113) 1(109) 1(108) 
1(119) 1(129) 1(125) 1(107) 1(111) 1(105) 
1(120) 1(124) 1(110) 1(105) 1(102) 
1(124) 1(111) 1(104) 1(107) 
1(111) 1(114) 1(107) 
1(120) 1(118) 
1(123) 

0.4642857142857143
precise=0.5934797072521624
recall=0.8333852382435378
F1score=0.6932642487046632

threshold=4.939999999999983
1(125) 1(126) 1(132) 1(130) 1(113) 1(109) 1(108) 
1(119) 1(129) 1(125) 1(108) 1(111) 1(105) 
1(120) 1(124) 1(110) 1(106) 1(102) 
1(124) 1(111) 1(104) 1(107) 
1(111) 1(114) 1(108) 
1(120) 1(118) 
1(123) 

0.4642857142857143
precise=0.5926823892439939
recall=0.8340570719602978
F1score=0.692951939183095

threshold=4.959999999999982
1(125) 1(126) 1(132) 1(130) 1(113) 1(109) 1(109) 
1(119) 1(129) 1(125) 1(108) 1(111) 1(105) 
1(120) 1(124) 1(110) 1(106) 1(102) 
1(124) 1(111) 1(104) 1(107) 
1(111) 1(114) 1(108) 
1(120) 1(118) 
1(123) 

0.4642857142857143
precise=0.5918948521358159
recall=0.8347235094223046
F1score=0.6926429120738272

threshold=4.979999999999982
1(125) 1(126) 1(132) 1(130) 1(113) 1(109) 1(109) 
1(119) 1(129) 1(125) 1(108) 1(111) 1(105) 
1(120) 1(124) 1(110) 1(106) 1(102) 
1(124) 1(111) 1(104) 1(107) 
1(111) 1(115) 1(108) 
1(120) 1(118) 
1(123) 

0.4642857142857143
precise=0.5911169170476812
recall=0.8353846153846154
F1score=0.6923371158995283

threshold=4.999999999999981
1(125) 1(126) 1(132) 1(130) 1(113) 1(109) 1(109) 
1(119) 1(129) 1(125) 1(108) 1(111) 1(105) 
1(120) 1(124) 1(110) 1(106) 1(103) 
1(124) 1(111) 1(104) 1(107) 
1(111) 1(115) 1(108) 
1(120) 1(118) 
1(123) 

0.4642857142857143
precise=0.5903484094351872
recall=0.8360404535703341
F1score=0.6920345002536783

threshold=5.019999999999981
1(125) 1(126) 1(132) 1(130) 1(113) 1(110) 1(109) 
1(119) 1(129) 1(126) 1(108) 1(111) 1(105) 
1(120) 1(124) 1(110) 1(107) 1(104) 
1(124) 1(111) 1(104) 1(107) 
1(111) 1(115) 1(108) 
1(120) 1(118) 
1(123) 

0.4642857142857143
precise=0.589589158958916
recall=0.8366910866910867
F1score=0.6917350157728707

threshold=5.0399999999999805
1(125) 1(126) 1(132) 1(130) 1(113) 1(110) 1(109) 
1(119) 1(129) 1(126) 1(109) 1(111) 1(105) 
1(120) 1(124) 1(110) 1(107) 1(104) 
1(124) 1(111) 1(104) 1(107) 
1(111) 1(115) 1(108) 
1(120) 1(118) 
1(123) 

0.4642857142857143
precise=0.5888389993585632
recall=0.8373365764670112
F1score=0.6914386141099673

threshold=5.05999999999998
1(125) 1(126) 1(132) 1(130) 1(113) 1(110) 1(109) 
1(119) 1(129) 1(126) 1(109) 1(111) 1(105) 
1(120) 1(124) 1(111) 1(107) 1(104) 
1(124) 1(111) 1(104) 1(107) 
1(111) 1(115) 1(108) 
1(121) 1(118) 
1(123) 

0.4642857142857143
precise=0.5880977683315621
recall=0.8379769836462749
F1score=0.6911452479080804

threshold=5.07999999999998
1(125) 1(126) 1(132) 1(130) 1(113) 1(110) 1(109) 
1(119) 1(129) 1(126) 1(109) 1(111) 1(105) 
1(120) 1(124) 1(111) 1(107) 1(105) 
1(124) 1(112) 1(104) 1(107) 
1(111) 1(115) 1(108) 
1(121) 1(118) 
1(123) 

0.4642857142857143
precise=0.5873653074160152
recall=0.8386123680241327
F1score=0.6908548707753479

threshold=5.099999999999979
1(125) 1(126) 1(132) 1(130) 1(113) 1(110) 1(109) 
1(119) 1(129) 1(126) 1(109) 1(111) 1(105) 
1(120) 1(124) 1(111) 1(107) 1(105) 
1(124) 1(112) 1(104) 1(107) 
1(111) 1(115) 1(108) 
1(121) 1(118) 
1(123) 

0.4642857142857143
precise=0.5866414618777568
recall=0.8392427884615384
F1score=0.6905674372604772

threshold=5.119999999999979
1(125) 1(126) 1(132) 1(130) 1(113) 1(110) 1(109) 
1(119) 1(129) 1(126) 1(109) 1(111) 1(105) 
1(120) 1(124) 1(111) 1(107) 1(105) 
1(124) 1(112) 1(104) 1(107) 
1(111) 1(115) 1(108) 
1(121) 1(118) 
1(123) 

0.4642857142857143
precise=0.5859260806013782
recall=0.8398683029033224
F1score=0.6902829028290283

threshold=5.139999999999978
1(125) 1(126) 1(132) 1(130) 1(113) 1(110) 1(109) 
1(119) 1(129) 1(126) 1(109) 1(111) 1(105) 
1(120) 1(124) 1(111) 1(107) 1(105) 
1(124) 1(112) 1(104) 1(107) 
1(111) 1(115) 1(108) 
1(121) 1(118) 
1(123) 

0.4642857142857143
precise=0.585219015985053
recall=0.8404889683959451
F1score=0.6900012238404112

threshold=5.159999999999978
1(125) 1(126) 1(132) 1(130) 1(113) 1(110) 1(109) 
1(119) 1(129) 1(126) 1(109) 1(111) 1(105) 
1(120) 1(124) 1(111) 1(107) 1(105) 
1(124) 1(112) 1(104) 1(107) 
1(111) 1(115) 1(108) 
1(121) 1(118) 
1(123) 

0.4642857142857143
precise=0.5845201238390093
recall=0.8411048411048411
F1score=0.6897223575255723

threshold=5.1799999999999775
1(125) 1(126) 1(132) 1(130) 1(113) 1(110) 1(109) 
1(119) 1(129) 1(126) 1(109) 1(111) 1(105) 
1(120) 1(124) 1(111) 1(107) 1(105) 
1(124) 1(112) 1(104) 1(107) 
1(112) 1(115) 1(108) 
1(121) 1(118) 
1(123) 

0.4642857142857143
precise=0.5838292632875026
recall=0.841715976331361
F1score=0.689446261965346

threshold=5.199999999999977
1(125) 1(126) 1(133) 1(130) 1(113) 1(110) 1(109) 
1(119) 1(129) 1(126) 1(109) 1(111) 1(105) 
1(120) 1(124) 1(111) 1(107) 1(106) 
1(124) 1(113) 1(104) 1(107) 
1(112) 1(115) 1(108) 
1(121) 1(118) 
1(123) 

0.4642857142857143
precise=0.5831462966741481
recall=0.842322428529325
F1score=0.6891728960694478

threshold=5.219999999999977
1(125) 1(126) 1(133) 1(130) 1(114) 1(110) 1(109) 
1(119) 1(129) 1(126) 1(109) 1(111) 1(105) 
1(120) 1(124) 1(111) 1(107) 1(106) 
1(124) 1(113) 1(104) 1(107) 
1(112) 1(115) 1(108) 
1(121) 1(118) 
1(123) 

0.4642857142857143
precise=0.5824710894704809
recall=0.8429242513211979
F1score=0.6889022195560888

threshold=5.239999999999976
1(125) 1(126) 1(133) 1(132) 1(114) 1(110) 1(109) 
1(119) 1(129) 1(126) 1(109) 1(111) 1(106) 
1(120) 1(124) 1(111) 1(107) 1(106) 
1(124) 1(113) 1(104) 1(107) 
1(112) 1(115) 1(108) 
1(121) 1(118) 
1(123) 

0.4642857142857143
precise=0.5818035101876134
recall=0.8435214975138929
F1score=0.6886341929321872

threshold=5.259999999999976
1(125) 1(126) 1(133) 1(132) 1(114) 1(110) 1(109) 
1(119) 1(129) 1(126) 1(109) 1(111) 1(106) 
1(120) 1(124) 1(111) 1(107) 1(106) 
1(124) 1(113) 1(104) 1(107) 
1(112) 1(115) 1(108) 
1(121) 1(118) 
1(123) 

0.4642857142857143
precise=0.5811434302908726
recall=0.8441142191142191
F1score=0.6883687774741595

threshold=5.279999999999975
1(125) 1(126) 1(133) 1(132) 1(114) 1(110) 1(109) 
1(119) 1(129) 1(126) 1(109) 1(111) 1(106) 
1(120) 1(124) 1(111) 1(107) 1(106) 
1(124) 1(113) 1(104) 1(107) 
1(112) 1(115) 1(108) 
1(122) 1(118) 
1(123) 

0.4642857142857143
precise=0.5804907241172951
recall=0.8447024673439768
F1score=0.6881059352092693

threshold=5.299999999999975
1(125) 1(126) 1(133) 1(132) 1(114) 1(111) 1(109) 
1(119) 1(129) 1(126) 1(109) 1(111) 1(106) 
1(120) 1(124) 1(111) 1(107) 1(106) 
1(124) 1(113) 1(104) 1(107) 
1(112) 1(115) 1(109) 
1(122) 1(118) 
1(123) 

0.4642857142857143
precise=0.5798452687958738
recall=0.8452862926547137
F1score=0.6878456288975173

threshold=5.3199999999999745
1(125) 1(126) 1(133) 1(132) 1(114) 1(111) 1(109) 
1(119) 1(129) 1(126) 1(109) 1(111) 1(106) 
1(120) 1(124) 1(112) 1(107) 1(106) 
1(124) 1(113) 1(104) 1(107) 
1(112) 1(115) 1(109) 
1(122) 1(118) 
1(123) 

0.4642857142857143
precise=0.5792069441704478
recall=0.8458657447421493
F1score=0.6875878220140516

threshold=5.339999999999974
1(125) 1(126) 1(133) 1(132) 1(114) 1(111) 1(109) 
1(119) 1(129) 1(126) 1(109) 1(111) 1(106) 
1(120) 1(124) 1(112) 1(107) 1(106) 
1(124) 1(113) 1(104) 1(107) 
1(112) 1(115) 1(109) 
1(122) 1(118) 
1(123) 

0.4642857142857143
precise=0.5785756327251325
recall=0.8464408725602756
F1score=0.6873324787320825

threshold=5.359999999999974
1(125) 1(126) 1(133) 1(132) 1(114) 1(112) 1(109) 
1(119) 1(129) 1(126) 1(109) 1(111) 1(106) 
1(120) 1(124) 1(112) 1(107) 1(106) 
1(124) 1(113) 1(104) 1(107) 
1(112) 1(115) 1(109) 
1(122) 1(118) 
1(123) 

0.4642857142857143
precise=0.5779512195121951
recall=0.8470117243351444
F1score=0.6870795639062862

threshold=5.379999999999973
1(125) 1(126) 1(133) 1(132) 1(115) 1(113) 1(109) 
1(119) 1(129) 1(126) 1(109) 1(111) 1(106) 
1(120) 1(124) 1(112) 1(107) 1(106) 
1(124) 1(113) 1(104) 1(107) 
1(112) 1(115) 1(109) 
1(122) 1(118) 
1(123) 

0.4642857142857143
precise=0.5773335920822822
recall=0.8475783475783476
F1score=0.6868290430566778

threshold=5.399999999999973
1(125) 1(126) 1(133) 1(132) 1(115) 1(113) 1(109) 
1(119) 1(129) 1(126) 1(109) 1(111) 1(106) 
1(120) 1(124) 1(112) 1(107) 1(106) 
1(124) 1(113) 1(104) 1(107) 
1(112) 1(115) 1(109) 
1(122) 1(118) 
1(123) 

0.4642857142857143
precise=0.5767226404169079
recall=0.8481407891001987
F1score=0.6865808823529411

threshold=5.419999999999972
1(125) 1(126) 1(133) 1(132) 1(115) 1(113) 1(109) 
1(119) 1(129) 1(126) 1(109) 1(111) 1(106) 
1(120) 1(124) 1(112) 1(108) 1(106) 
1(124) 1(113) 1(104) 1(107) 
1(112) 1(115) 1(109) 
1(122) 1(118) 
1(123) 

0.4642857142857143
precise=0.5761182568631216
recall=0.8486990950226244
F1score=0.6863350485991996

threshold=5.439999999999972
1(125) 1(126) 1(133) 1(132) 1(115) 1(113) 1(109) 
1(119) 1(129) 1(127) 1(109) 1(111) 1(106) 
1(120) 1(124) 1(112) 1(108) 1(106) 
1(124) 1(113) 1(104) 1(107) 
1(112) 1(115) 1(109) 
1(122) 1(118) 
1(123) 

0.4642857142857143
precise=0.5755203360702692
recall=0.8492533107917724
F1score=0.6860915092192124

threshold=5.4599999999999715
1(125) 1(126) 1(133) 1(132) 1(115) 1(113) 1(109) 
1(119) 1(129) 1(127) 1(109) 1(111) 1(106) 
1(120) 1(124) 1(112) 1(108) 1(106) 
1(124) 1(113) 1(104) 1(107) 
1(112) 1(115) 1(109) 
1(122) 1(118) 
1(123) 

0.4642857142857143
precise=0.5749287749287749
recall=0.8498034811903425
F1score=0.6858502322419848

threshold=5.479999999999971
1(125) 1(126) 1(133) 1(132) 1(115) 1(113) 1(109) 
1(119) 1(129) 1(127) 1(109) 1(111) 1(106) 
1(120) 1(124) 1(112) 1(108) 1(106) 
1(124) 1(113) 1(104) 1(107) 
1(112) 1(115) 1(109) 
1(122) 1(118) 
1(123) 

0.4642857142857143
precise=0.5743434725108634
recall=0.8503496503496504
F1score=0.6856111862877763

threshold=5.499999999999971
1(125) 1(126) 1(133) 1(132) 1(115) 1(113) 1(109) 
1(119) 1(129) 1(127) 1(109) 1(111) 1(106) 
1(120) 1(124) 1(112) 1(109) 1(106) 
1(124) 1(113) 1(104) 1(108) 
1(113) 1(115) 1(109) 
1(122) 1(118) 
1(123) 

0.4642857142857143
precise=0.5737643300131554
recall=0.850891861761427
F1score=0.6853743405544954

threshold=5.51999999999997
1(125) 1(126) 1(133) 1(132) 1(115) 1(113) 1(109) 
1(119) 1(129) 1(127) 1(109) 1(111) 1(106) 
1(120) 1(124) 1(112) 1(109) 1(106) 
1(124) 1(113) 1(104) 1(108) 
1(113) 1(115) 1(109) 
1(122) 1(118) 
1(123) 

0.4642857142857143
precise=0.5731912507010656
recall=0.8514301582893641
F1score=0.6851396648044693

threshold=5.53999999999997
1(125) 1(126) 1(133) 1(132) 1(116) 1(113) 1(109) 
1(119) 1(129) 1(127) 1(109) 1(112) 1(107) 
1(120) 1(124) 1(112) 1(110) 1(106) 
1(124) 1(113) 1(104) 1(109) 
1(113) 1(115) 1(109) 
1(122) 1(118) 
1(123) 

0.4642857142857143
precise=0.5726241398549377
recall=0.8519645821804095
F1score=0.6849071293515738

threshold=5.559999999999969
1(125) 1(126) 1(133) 1(132) 1(116) 1(113) 1(109) 
1(119) 1(129) 1(127) 1(109) 1(112) 1(107) 
1(120) 1(124) 1(112) 1(110) 1(106) 
1(124) 1(113) 1(104) 1(109) 
1(113) 1(115) 1(109) 
1(122) 1(118) 
1(123) 

0.4642857142857143
precise=0.5720629047178538
recall=0.8524951750758203
F1score=0.6846767050487157

threshold=5.579999999999969
1(126) 1(126) 1(133) 1(132) 1(116) 1(113) 1(109) 
1(119) 1(129) 1(127) 1(109) 1(112) 1(107) 
1(120) 1(124) 1(112) 1(110) 1(106) 
1(124) 1(113) 1(104) 1(110) 
1(113) 1(115) 1(109) 
1(123) 1(118) 
1(123) 

0.4642857142857143
precise=0.571507454445058
recall=0.853021978021978
F1score=0.6844483632756531

threshold=5.599999999999969
1(126) 1(126) 1(133) 1(132) 1(116) 1(113) 1(109) 
1(119) 1(129) 1(127) 1(110) 1(112) 1(107) 
1(120) 1(124) 1(112) 1(110) 1(106) 
1(124) 1(113) 1(104) 1(110) 
1(113) 1(115) 1(109) 
1(123) 1(118) 
1(123) 

0.4642857142857143
precise=0.570957700054935
recall=0.8535450314809745
F1score=0.684222075927145

threshold=5.619999999999968
1(126) 1(126) 1(133) 1(132) 1(116) 1(113) 1(109) 
1(119) 1(129) 1(127) 1(110) 1(112) 1(107) 
1(120) 1(124) 1(112) 1(110) 1(107) 
1(124) 1(113) 1(104) 1(110) 
1(113) 1(115) 1(109) 
1(123) 1(118) 
1(123) 

0.4642857142857143
precise=0.5704135543814902
recall=0.8540643753409711
F1score=0.68399781540142

threshold=5.639999999999968
1(126) 1(126) 1(133) 1(132) 1(116) 1(113) 1(109) 
1(119) 1(129) 1(127) 1(110) 1(112) 1(107) 
1(120) 1(124) 1(112) 1(110) 1(107) 
1(124) 1(113) 1(105) 1(110) 
1(113) 1(115) 1(109) 
1(123) 1(118) 
1(123) 

0.4642857142857143
precise=0.5698749320282762
recall=0.8545800489263387
F1score=0.6837755545889517

threshold=5.659999999999967
1(126) 1(126) 1(133) 1(132) 1(116) 1(113) 1(109) 
1(119) 1(129) 1(127) 1(110) 1(112) 1(107) 
1(120) 1(124) 1(112) 1(110) 1(107) 
1(124) 1(113) 1(105) 1(110) 
1(113) 1(115) 1(109) 
1(123) 1(118) 
1(123) 

0.4642857142857143
precise=0.5693417493237151
recall=0.855092091007584
F1score=0.6835552668615351

threshold=5.679999999999967
1(126) 1(126) 1(133) 1(132) 1(116) 1(113) 1(109) 
1(119) 1(129) 1(127) 1(110) 1(112) 1(107) 
1(120) 1(124) 1(112) 1(111) 1(107) 
1(124) 1(113) 1(105) 1(110) 
1(113) 1(115) 1(109) 
1(123) 1(118) 
1(123) 

0.4642857142857143
precise=0.5688139242777678
recall=0.8556005398110661
F1score=0.6833369260616512

threshold=5.699999999999966
1(126) 1(126) 1(133) 1(132) 1(116) 1(113) 1(109) 
1(119) 1(129) 1(127) 1(110) 1(112) 1(107) 
1(120) 1(124) 1(112) 1(111) 1(107) 
1(124) 1(113) 1(105) 1(111) 
1(113) 1(115) 1(109) 
1(123) 1(118) 
1(123) 

0.4642857142857143
precise=0.5682913765399036
recall=0.8561054330285099
F1score=0.6831205064921129

threshold=5.719999999999966
1(126) 1(126) 1(133) 1(132) 1(116) 1(113) 1(109) 
1(119) 1(129) 1(127) 1(110) 1(112) 1(107) 
1(120) 1(124) 1(112) 1(111) 1(107) 
1(124) 1(113) 1(105) 1(111) 
1(113) 1(115) 1(109) 
1(123) 1(118) 
1(123) 

0.4642857142857143
precise=0.5677740273583229
recall=0.85660680782632
F1score=0.6829059829059829

threshold=5.739999999999966
1(126) 1(126) 1(133) 1(132) 1(116) 1(113) 1(110) 
1(119) 1(129) 1(127) 1(110) 1(113) 1(107) 
1(120) 1(124) 1(112) 1(111) 1(107) 
1(124) 1(113) 1(105) 1(112) 
1(113) 1(115) 1(109) 
1(123) 1(118) 
1(123) 

0.4642857142857143
precise=0.5672617995403925
recall=0.8571047008547008
F1score=0.6826933304967556

threshold=5.759999999999965
1(126) 1(126) 1(133) 1(132) 1(116) 1(113) 1(110) 
1(119) 1(129) 1(127) 1(110) 1(113) 1(107) 
1(120) 1(124) 1(112) 1(111) 1(107) 
1(124) 1(113) 1(106) 1(112) 
1(113) 1(115) 1(109) 
1(123) 1(118) 
1(123) 

0.4642857142857143
precise=0.566754617414248
recall=0.8575991482565877
F1score=0.6824825248887948

threshold=5.779999999999965
1(126) 1(126) 1(133) 1(132) 1(116) 1(113) 1(110) 
1(120) 1(129) 1(127) 1(110) 1(113) 1(107) 
1(120) 1(124) 1(112) 1(111) 1(107) 
1(124) 1(113) 1(107) 1(112) 
1(113) 1(116) 1(109) 
1(123) 1(118) 
1(123) 

0.4642857142857143
precise=0.5662524067915281
recall=0.8580901856763926
F1score=0.6822735421280186

threshold=5.799999999999964
1(126) 1(126) 1(133) 1(132) 1(116) 1(113) 1(110) 
1(120) 1(129) 1(127) 1(110) 1(113) 1(108) 
1(120) 1(124) 1(112) 1(112) 1(107) 
1(124) 1(113) 1(107) 1(112) 
1(113) 1(116) 1(109) 
1(123) 1(118) 
1(123) 

0.4642857142857143
precise=0.5657550949311967
recall=0.8585778482685699
F1score=0.6820663586728265

threshold=5.819999999999964
1(126) 1(126) 1(133) 1(132) 1(116) 1(113) 1(110) 
1(120) 1(129) 1(127) 1(110) 1(113) 1(108) 
1(120) 1(124) 1(112) 1(112) 1(107) 
1(124) 1(113) 1(108) 1(112) 
1(113) 1(116) 1(109) 
1(123) 1(118) 
1(123) 

0.4642857142857143
precise=0.5652626105044202
recall=0.8590621707060063
F1score=0.6818609513852587

threshold=5.839999999999963
1(126) 1(126) 1(133) 1(132) 1(116) 1(113) 1(110) 
1(120) 1(129) 1(127) 1(110) 1(113) 1(108) 
1(120) 1(124) 1(112) 1(112) 1(107) 
1(124) 1(113) 1(108) 1(112) 
1(113) 1(116) 1(110) 
1(123) 1(118) 
1(123) 

0.4642857142857143
precise=0.5647748835604623
recall=0.8595431871882384
F1score=0.6816572975223818

threshold=5.859999999999963
1(126) 1(126) 1(133) 1(132) 1(116) 1(113) 1(110) 
1(120) 1(129) 1(127) 1(110) 1(113) 1(108) 
1(120) 1(124) 1(112) 1(112) 1(107) 
1(124) 1(113) 1(108) 1(112) 
1(113) 1(117) 1(110) 
1(123) 1(118) 
1(123) 

0.4642857142857143
precise=0.5642918454935623
recall=0.8600209314495029
F1score=0.6814553747278946

threshold=5.879999999999963
1(126) 1(126) 1(133) 1(132) 1(116) 1(113) 1(110) 
1(120) 1(129) 1(127) 1(110) 1(113) 1(108) 
1(120) 1(124) 1(112) 1(112) 1(107) 
1(124) 1(113) 1(108) 1(112) 
1(113) 1(117) 1(110) 
1(123) 1(118) 
1(123) 

0.4642857142857143
precise=0.5638134290107637
recall=0.8604954367666232
F1score=0.6812551610239471

threshold=5.899999999999962
1(126) 1(126) 1(133) 1(132) 1(116) 1(113) 1(110) 
1(120) 1(129) 1(127) 1(110) 1(113) 1(108) 
1(120) 1(124) 1(112) 1(112) 1(107) 
1(124) 1(113) 1(108) 1(112) 
1(113) 1(117) 1(110) 
1(123) 1(118) 
1(123) 

0.4642857142857143
precise=0.5633395681006631
recall=0.860966735966736
F1score=0.6810566348031658

threshold=5.919999999999962
1(126) 1(126) 1(133) 1(132) 1(116) 1(113) 1(110) 
1(120) 1(129) 1(127) 1(110) 1(113) 1(108) 
1(120) 1(124) 1(112) 1(112) 1(107) 
1(124) 1(113) 1(108) 1(113) 
1(113) 1(117) 1(110) 
1(123) 1(118) 
1(123) 

0.4642857142857143
precise=0.5628701980030462
recall=0.8614348614348615
F1score=0.6808597748208802

threshold=5.939999999999961
1(126) 1(126) 1(133) 1(132) 1(116) 1(113) 1(110) 
1(120) 1(129) 1(127) 1(110) 1(113) 1(108) 
1(120) 1(124) 1(112) 1(112) 1(107) 
1(124) 1(113) 1(108) 1(113) 
1(113) 1(117) 1(110) 
1(123) 1(118) 
1(123) 

0.4642857142857143
precise=0.5624052551793836
recall=0.8618998451213217
F1score=0.6806645601875446

threshold=5.959999999999961
1(126) 1(126) 1(133) 1(132) 1(116) 1(113) 1(110) 
1(120) 1(129) 1(127) 1(110) 1(113) 1(108) 
1(120) 1(124) 1(112) 1(112) 1(107) 
1(124) 1(113) 1(108) 1(113) 
1(113) 1(117) 1(110) 
1(123) 1(118) 
1(123) 

0.4642857142857143
precise=0.5619446772841575
recall=0.8623617185490096
F1score=0.680470970361348

threshold=5.9799999999999605
1(126) 1(126) 1(133) 1(132) 1(116) 1(113) 1(110) 
1(120) 1(129) 1(127) 1(110) 1(113) 1(108) 
1(120) 1(124) 1(112) 1(112) 1(107) 
1(124) 1(113) 1(109) 1(113) 
1(113) 1(117) 1(110) 
1(124) 1(118) 
1(123) 

0.4642857142857143
precise=0.5614884031369931
recall=0.8628205128205129
F1score=0.6802789851410088

threshold=5.99999999999996
1(126) 1(126) 1(133) 1(132) 1(116) 1(113) 1(110) 
1(120) 1(129) 1(127) 1(110) 1(113) 1(109) 
1(120) 1(124) 1(112) 1(112) 1(107) 
1(124) 1(114) 1(109) 1(113) 
1(113) 1(117) 1(110) 
1(124) 1(118) 
1(123) 

0.4642857142857143
precise=0.5610363726955655
recall=0.8632762586250958
F1score=0.6800885846587478

Max accuracy is 1.0 at threshold 1.2400000000000007
Max precise is 1.0 at threshold 0.32
Max recall is 0.8632762586250958 at threshold 5.99999999999996
Max F1score is 0.7523576667830947 at threshold 2.4600000000000017
