threshold=0.0
0(0) 0(0) 0(11) 0(0) 0(56) 0(0) 0(0) 
0(0) 0(11) 0(0) 0(56) 0(0) 0(0) 
0(11) 0(0) 0(56) 0(0) 0(0) 
0(11) 0(62) 0(11) 0(11) 
0(56) 0(0) 0(0) 
0(56) 0(56) 
0(0) 

0.5357142857142857
precise=0.4682276191595562
recall=0.0
F1score=0.0

threshold=0.0001
0(3) 0(12) 0(17) 0(6) 0(61) 0(8) 0(8) 
0(7) 0(34) 0(5) 0(70) 0(6) 0(19) 
0(16) 0(28) 0(58) 0(2) 0(6) 
0(13) 0(73) 0(15) 0(26) 
0(57) 0(2) 0(1) 
0(60) 0(76) 
0(6) 

0.5357142857142857
precise=0.4682276191595562
recall=0.0
F1score=0.0

threshold=0.0002
0(7) 0(13) 0(18) 0(9) 0(61) 0(10) 0(11) 
0(9) 0(42) 0(5) 0(74) 0(8) 0(28) 
0(18) 0(32) 0(58) 0(3) 0(10) 
0(14) 0(78) 0(18) 0(29) 
0(58) 0(4) 0(3) 
0(62) 0(88) 
0(8) 

0.5357142857142857
precise=0.4682276191595562
recall=0.0
F1score=0.0

threshold=0.00030000000000000003
0(10) 0(13) 0(20) 0(9) 0(63) 0(14) 0(12) 
0(14) 0(48) 0(5) 0(77) 0(10) 0(35) 
0(18) 0(41) 0(60) 0(4) 0(13) 
0(17) 0(81) 0(19) 0(39) 
0(58) 0(4) 0(5) 
0(62) 0(90) 
0(9) 

0.5357142857142857
precise=0.4682276191595562
recall=0.0
F1score=0.0

threshold=0.0004
0(14) 0(13) 0(20) 0(11) 0(64) 0(19) 0(15) 
0(18) 0(52) 0(5) 0(81) 0(12) 0(42) 
0(20) 0(42) 0(60) 0(7) 0(13) 
0(19) 0(82) 0(19) 0(42) 
0(59) 0(4) 0(5) 
0(64) 0(94) 
0(12) 

0.5357142857142857
precise=0.4682276191595562
recall=0.0
F1score=0.0

threshold=0.0005
0(14) 0(14) 0(22) 0(14) 0(64) 0(27) 0(17) 
0(18) 0(57) 0(5) 0(83) 0(14) 0(45) 
0(22) 0(44) 0(60) 0(8) 0(15) 
0(20) 0(84) 0(20) 0(47) 
0(59) 0(4) 0(6) 
0(66) 1(98) 
0(14) 

0.5714285714285714
precise=1.0
recall=0.01282051282051282
F1score=0.02531645569620253

threshold=0.0006000000000000001
0(17) 0(15) 0(23) 0(16) 0(65) 0(27) 0(18) 
0(21) 0(61) 0(6) 0(84) 0(16) 0(50) 
0(22) 0(47) 0(60) 0(8) 0(15) 
0(20) 0(85) 0(21) 0(49) 
0(61) 0(4) 0(6) 
0(67) 1(99) 
0(20) 

0.5714285714285714
precise=1.0
recall=0.02197802197802198
F1score=0.043010752688172046

threshold=0.0007000000000000001
0(17) 0(15) 0(25) 0(19) 0(65) 0(32) 0(20) 
0(22) 0(64) 0(8) 0(85) 0(18) 0(52) 
0(22) 0(49) 0(60) 0(8) 0(15) 
0(21) 0(86) 0(23) 0(51) 
0(62) 0(4) 0(6) 
0(67) 1(102) 
0(28) 

0.5714285714285714
precise=1.0
recall=0.028846153846153848
F1score=0.056074766355140186

threshold=0.0008000000000000001
0(18) 0(16) 0(26) 0(20) 0(66) 0(35) 0(22) 
0(23) 0(66) 0(8) 0(85) 0(18) 0(58) 
0(23) 0(50) 0(61) 0(9) 0(17) 
0(21) 0(87) 0(24) 0(52) 
0(62) 0(5) 0(7) 
0(70) 1(105) 
0(33) 

0.5714285714285714
precise=1.0
recall=0.03418803418803419
F1score=0.06611570247933884

threshold=0.0009000000000000002
0(18) 0(18) 0(27) 0(21) 0(67) 0(39) 0(24) 
0(24) 0(67) 0(8) 0(88) 0(19) 0(60) 
0(23) 0(51) 0(62) 0(9) 0(18) 
0(21) 0(87) 0(26) 0(54) 
0(62) 0(5) 0(7) 
0(70) 1(108) 
0(38) 

0.5714285714285714
precise=1.0
recall=0.038461538461538464
F1score=0.07407407407407407

threshold=0.0010000000000000002
0(19) 0(20) 0(27) 0(23) 0(69) 0(42) 0(24) 
0(25) 0(70) 0(8) 0(89) 0(19) 0(61) 
0(23) 0(52) 0(62) 0(10) 0(18) 
0(22) 0(87) 0(26) 0(54) 
0(63) 0(5) 0(7) 
0(74) 1(109) 
0(39) 

0.5714285714285714
precise=1.0
recall=0.04195804195804196
F1score=0.08053691275167785

threshold=0.0011000000000000003
0(19) 0(22) 0(30) 0(24) 0(69) 0(44) 0(24) 
0(26) 0(72) 0(8) 0(90) 0(22) 0(63) 
0(24) 0(53) 0(64) 0(11) 0(20) 
0(23) 0(87) 0(28) 0(56) 
0(63) 0(5) 0(10) 
0(75) 1(110) 
0(41) 

0.5714285714285714
precise=1.0
recall=0.04487179487179487
F1score=0.08588957055214724

threshold=0.0012000000000000003
0(19) 0(25) 0(31) 0(26) 0(69) 0(45) 0(24) 
0(27) 0(72) 0(8) 0(90) 0(25) 0(67) 
0(25) 0(54) 0(66) 0(11) 0(21) 
0(23) 0(90) 0(29) 0(56) 
0(64) 0(6) 0(10) 
0(79) 1(113) 
0(44) 

0.5714285714285714
precise=1.0
recall=0.047337278106508875
F1score=0.0903954802259887

threshold=0.0013000000000000004
0(20) 0(29) 0(31) 0(27) 0(69) 0(47) 0(24) 
0(27) 0(72) 0(9) 0(90) 0(27) 0(67) 
0(26) 0(54) 0(66) 0(12) 0(22) 
0(25) 0(91) 0(34) 0(58) 
0(65) 0(8) 0(10) 
0(80) 1(113) 
0(47) 

0.5714285714285714
precise=1.0
recall=0.04945054945054945
F1score=0.09424083769633508

threshold=0.0014000000000000004
0(22) 0(34) 0(33) 0(28) 0(69) 0(48) 0(24) 
0(27) 0(72) 0(9) 0(90) 0(30) 0(68) 
0(26) 0(54) 0(68) 0(13) 0(23) 
0(26) 0(91) 0(34) 0(58) 
0(65) 0(9) 0(12) 
0(81) 1(114) 
0(49) 

0.5714285714285714
precise=1.0
recall=0.05128205128205128
F1score=0.0975609756097561

threshold=0.0015000000000000005
0(24) 0(35) 0(34) 0(30) 0(69) 0(49) 0(26) 
0(27) 0(74) 0(9) 0(90) 0(33) 0(69) 
0(26) 0(54) 0(68) 0(13) 0(23) 
0(26) 0(92) 0(35) 0(60) 
0(66) 0(11) 0(13) 
0(82) 1(114) 
0(51) 

0.5714285714285714
precise=1.0
recall=0.052884615384615384
F1score=0.1004566210045662

threshold=0.0016000000000000005
0(25) 0(38) 0(34) 0(34) 0(69) 0(50) 0(26) 
0(28) 0(74) 0(9) 0(92) 0(35) 0(71) 
0(26) 0(55) 0(69) 0(14) 0(23) 
0(26) 0(93) 0(37) 0(60) 
0(67) 0(11) 0(14) 
0(87) 1(115) 
0(52) 

0.5714285714285714
precise=1.0
recall=0.05429864253393665
F1score=0.10300429184549356

threshold=0.0017000000000000006
0(25) 0(40) 0(35) 0(37) 0(70) 0(50) 0(27) 
0(28) 0(75) 0(9) 0(93) 0(36) 0(71) 
0(26) 0(55) 0(71) 0(14) 0(24) 
0(26) 0(94) 0(38) 0(61) 
0(68) 0(12) 0(14) 
0(90) 1(115) 
0(56) 

0.5714285714285714
precise=1.0
recall=0.05555555555555555
F1score=0.10526315789473684

threshold=0.0018000000000000006
0(25) 0(41) 0(36) 0(39) 0(71) 0(52) 0(29) 
0(28) 0(76) 0(9) 0(95) 0(38) 0(72) 
0(26) 0(56) 0(71) 0(15) 0(25) 
0(26) 0(95) 0(41) 0(62) 
0(68) 0(13) 0(14) 
0(91) 1(115) 
0(57) 

0.5714285714285714
precise=1.0
recall=0.05668016194331984
F1score=0.10727969348659004

threshold=0.0019000000000000006
0(26) 0(44) 0(36) 0(40) 0(72) 0(52) 0(32) 
0(28) 0(76) 0(9) 0(95) 0(40) 0(72) 
0(26) 0(58) 0(71) 0(18) 0(26) 
0(26) 1(96) 0(44) 0(63) 
0(69) 0(14) 0(15) 
0(93) 1(116) 
0(62) 

0.5357142857142857
precise=0.9375
recall=0.057692307692307696
F1score=0.10869565217391304

threshold=0.0020000000000000005
0(27) 0(45) 0(36) 0(41) 0(72) 0(53) 0(33) 
0(28) 0(76) 0(9) 0(95) 0(42) 0(72) 
0(28) 0(59) 0(71) 0(18) 0(26) 
0(26) 1(96) 0(44) 0(64) 
0(69) 0(14) 0(16) 
0(93) 1(117) 
0(63) 

0.5357142857142857
precise=0.8888888888888888
recall=0.05860805860805861
F1score=0.10996563573883161

threshold=0.0021000000000000003
0(27) 0(46) 0(36) 0(43) 0(73) 0(54) 0(35) 
0(28) 0(77) 0(9) 1(96) 0(43) 0(72) 
0(28) 0(59) 0(71) 0(18) 0(26) 
0(26) 1(96) 0(45) 0(64) 
0(69) 0(14) 0(16) 
0(95) 1(117) 
0(65) 

0.5
precise=0.8095238095238095
recall=0.05944055944055944
F1score=0.11074918566775244

threshold=0.0022
0(28) 0(49) 0(39) 0(44) 0(74) 0(56) 0(38) 
0(28) 0(78) 0(9) 1(96) 0(46) 0(72) 
0(30) 0(60) 0(71) 0(18) 0(26) 
0(27) 1(97) 0(45) 0(65) 
0(69) 0(14) 0(16) 
1(96) 1(117) 
0(66) 

0.5357142857142857
precise=0.76
recall=0.06354515050167224
F1score=0.11728395061728394

threshold=0.0023
0(29) 0(50) 0(39) 0(44) 0(74) 0(56) 0(38) 
0(28) 0(78) 0(9) 1(96) 0(47) 0(72) 
0(30) 0(60) 0(71) 0(19) 0(26) 
0(28) 1(99) 0(45) 0(65) 
0(69) 0(14) 0(17) 
1(99) 1(117) 
0(66) 

0.5357142857142857
precise=0.7241379310344828
recall=0.0673076923076923
F1score=0.12316715542521994

threshold=0.0024
0(30) 0(53) 0(41) 0(44) 0(74) 0(57) 0(38) 
0(29) 0(78) 0(11) 1(96) 0(49) 0(73) 
0(30) 0(60) 0(71) 0(20) 0(27) 
0(31) 1(99) 0(46) 0(65) 
0(70) 0(16) 0(17) 
1(100) 1(117) 
0(68) 

0.5357142857142857
precise=0.696969696969697
recall=0.07076923076923076
F1score=0.12849162011173185

threshold=0.0024999999999999996
0(31) 0(53) 0(42) 0(44) 0(75) 0(58) 0(38) 
0(29) 0(78) 0(14) 1(96) 0(50) 0(73) 
0(31) 0(60) 0(71) 0(21) 0(27) 
0(31) 1(100) 0(48) 0(65) 
0(70) 0(16) 0(17) 
1(101) 1(117) 
0(68) 

0.5357142857142857
precise=0.6756756756756757
recall=0.07396449704142012
F1score=0.13333333333333333

threshold=0.0025999999999999994
0(31) 0(54) 0(43) 0(46) 0(75) 0(58) 0(39) 
0(29) 0(79) 0(15) 1(96) 0(54) 0(73) 
0(32) 0(60) 0(71) 0(22) 0(27) 
0(32) 1(100) 0(49) 0(65) 
0(70) 0(16) 0(17) 
1(102) 1(117) 
0(68) 

0.5357142857142857
precise=0.6585365853658537
recall=0.07692307692307693
F1score=0.1377551020408163

threshold=0.0026999999999999993
0(31) 0(55) 0(43) 0(47) 0(75) 0(60) 0(41) 
0(29) 0(80) 0(16) 1(97) 0(56) 0(73) 
0(34) 0(60) 0(71) 0(24) 0(28) 
0(33) 1(100) 0(50) 0(65) 
0(70) 0(17) 0(17) 
1(104) 1(117) 
0(69) 

0.5357142857142857
precise=0.6444444444444445
recall=0.07967032967032966
F1score=0.14180929095354522

threshold=0.002799999999999999
0(31) 0(56) 0(43) 0(50) 0(75) 0(61) 0(41) 
0(29) 0(80) 0(17) 1(98) 0(58) 0(73) 
0(34) 0(60) 0(72) 0(26) 0(28) 
0(33) 1(100) 0(51) 0(67) 
0(70) 0(17) 0(18) 
1(105) 1(118) 
0(72) 

0.5357142857142857
precise=0.6326530612244898
recall=0.08222811671087533
F1score=0.14553990610328638

threshold=0.002899999999999999
0(33) 0(59) 0(43) 0(52) 0(76) 0(61) 0(41) 
0(29) 0(80) 0(17) 1(98) 0(61) 0(74) 
0(34) 0(60) 0(72) 0(26) 0(28) 
0(34) 1(100) 0(51) 0(67) 
0(70) 0(17) 0(18) 
1(107) 1(118) 
0(73) 

0.5357142857142857
precise=0.6226415094339622
recall=0.08461538461538462
F1score=0.1489841986455982

threshold=0.0029999999999999988
0(33) 0(62) 0(44) 0(53) 0(77) 0(63) 0(41) 
0(30) 0(80) 0(17) 1(98) 0(61) 0(74) 
0(35) 0(60) 0(72) 0(27) 0(28) 
0(34) 1(100) 0(54) 0(67) 
0(70) 0(17) 0(18) 
1(110) 1(118) 
0(74) 

0.5357142857142857
precise=0.6140350877192983
recall=0.08684863523573201
F1score=0.15217391304347827

threshold=0.0030999999999999986
0(35) 0(63) 0(45) 0(53) 0(77) 0(63) 0(43) 
0(31) 0(80) 0(17) 1(98) 0(61) 0(75) 
0(36) 0(60) 0(73) 0(28) 0(28) 
0(34) 1(100) 0(55) 0(68) 
0(71) 0(18) 0(18) 
1(111) 1(118) 
0(76) 

0.5357142857142857
precise=0.6065573770491803
recall=0.0889423076923077
F1score=0.15513626834381553

threshold=0.0031999999999999984
0(36) 0(64) 0(46) 0(53) 0(79) 0(63) 0(44) 
0(31) 0(80) 0(20) 1(98) 0(61) 0(75) 
0(37) 0(60) 0(73) 0(28) 0(28) 
0(34) 1(100) 0(57) 0(68) 
0(72) 0(18) 0(18) 
1(111) 1(119) 
0(78) 

0.5357142857142857
precise=0.6
recall=0.09090909090909091
F1score=0.15789473684210525

threshold=0.0032999999999999982
0(36) 0(65) 0(46) 0(54) 0(80) 0(63) 0(48) 
0(31) 0(80) 0(20) 1(99) 0(61) 0(76) 
0(37) 0(60) 0(73) 0(28) 0(30) 
0(34) 1(100) 0(58) 0(68) 
0(72) 0(19) 0(18) 
1(112) 1(119) 
0(79) 

0.5357142857142857
precise=0.5942028985507246
recall=0.09276018099547512
F1score=0.16046966731898238

threshold=0.003399999999999998
0(39) 0(65) 0(47) 0(56) 0(82) 0(64) 0(49) 
0(31) 0(80) 0(20) 1(100) 0(62) 0(76) 
0(38) 0(60) 0(73) 0(31) 0(30) 
0(35) 1(100) 0(58) 0(68) 
0(72) 0(19) 0(18) 
1(114) 1(119) 
0(79) 

0.5357142857142857
precise=0.589041095890411
recall=0.0945054945054945
F1score=0.16287878787878787

threshold=0.003499999999999998
0(39) 0(67) 0(48) 0(57) 0(82) 0(64) 0(49) 
0(31) 0(80) 0(20) 1(100) 0(62) 0(76) 
0(39) 0(60) 0(73) 0(32) 0(30) 
0(35) 1(100) 0(58) 0(68) 
0(72) 0(20) 0(19) 
1(115) 1(119) 
0(81) 

0.5357142857142857
precise=0.5844155844155844
recall=0.09615384615384616
F1score=0.1651376146788991

threshold=0.0035999999999999977
0(40) 0(68) 0(48) 0(57) 0(83) 0(66) 0(49) 
0(31) 0(80) 0(21) 1(101) 0(62) 0(76) 
0(39) 0(61) 0(73) 0(33) 0(30) 
0(35) 1(100) 0(60) 0(68) 
0(72) 0(21) 0(20) 
1(115) 1(119) 
0(81) 

0.5357142857142857
precise=0.5802469135802469
recall=0.09771309771309772
F1score=0.16725978647686832

threshold=0.0036999999999999976
0(41) 0(68) 0(49) 0(57) 0(83) 0(66) 0(49) 
0(31) 0(80) 0(21) 1(102) 0(62) 0(76) 
0(39) 0(62) 0(73) 0(33) 0(30) 
0(35) 1(100) 0(61) 0(68) 
0(72) 0(21) 0(21) 
1(115) 1(119) 
0(84) 

0.5357142857142857
precise=0.5764705882352941
recall=0.09919028340080972
F1score=0.1692573402417962

threshold=0.0037999999999999974
0(43) 0(70) 0(52) 0(58) 0(86) 0(66) 0(49) 
0(31) 0(80) 0(21) 1(102) 0(64) 0(76) 
0(40) 0(62) 0(73) 0(34) 0(30) 
0(37) 1(100) 0(62) 0(69) 
0(72) 0(21) 0(21) 
1(115) 1(119) 
0(89) 

0.5357142857142857
precise=0.5730337078651685
recall=0.10059171597633136
F1score=0.17114093959731544

threshold=0.0038999999999999972
0(45) 0(71) 0(52) 0(59) 0(86) 0(66) 0(51) 
0(31) 0(81) 0(21) 1(102) 0(66) 0(77) 
0(40) 0(63) 0(73) 0(35) 0(30) 
0(38) 1(100) 0(62) 0(69) 
0(72) 0(23) 0(21) 
1(115) 1(120) 
0(89) 

0.5357142857142857
precise=0.5698924731182796
recall=0.10192307692307692
F1score=0.1729200652528548

threshold=0.0039999999999999975
0(45) 0(72) 0(52) 0(61) 0(86) 0(67) 0(51) 
0(31) 0(81) 0(21) 1(102) 0(67) 0(77) 
0(40) 0(63) 0(73) 0(35) 0(30) 
0(38) 1(100) 0(63) 0(69) 
0(72) 0(23) 0(21) 
1(116) 1(120) 
0(90) 

0.5357142857142857
precise=0.5670103092783505
recall=0.10318949343339587
F1score=0.1746031746031746

threshold=0.004099999999999998
0(46) 0(74) 0(52) 0(63) 0(86) 0(67) 0(52) 
0(31) 0(82) 0(21) 1(102) 0(68) 0(77) 
0(40) 0(64) 0(74) 0(37) 0(30) 
0(38) 1(101) 0(65) 0(69) 
0(72) 0(24) 0(21) 
1(116) 1(120) 
0(91) 

0.5357142857142857
precise=0.5643564356435643
recall=0.1043956043956044
F1score=0.17619783616692428

threshold=0.004199999999999998
0(47) 0(74) 0(52) 0(63) 0(86) 0(67) 0(52) 
0(31) 0(84) 0(22) 1(103) 0(69) 0(77) 
0(40) 0(64) 0(74) 0(37) 0(31) 
0(38) 1(101) 0(66) 0(69) 
0(73) 0(24) 0(21) 
1(117) 1(120) 
0(92) 

0.5357142857142857
precise=0.5619047619047619
recall=0.10554561717352415
F1score=0.17771084337349397

threshold=0.004299999999999998
0(47) 0(76) 0(53) 0(63) 0(87) 0(68) 0(52) 
0(31) 0(84) 0(23) 1(103) 0(70) 0(77) 
0(41) 0(65) 0(74) 0(39) 0(31) 
0(38) 1(101) 0(67) 0(70) 
0(74) 0(24) 0(21) 
1(117) 1(120) 
0(93) 

0.5357142857142857
precise=0.5596330275229358
recall=0.10664335664335664
F1score=0.17914831130690162

threshold=0.0043999999999999985
0(49) 0(76) 0(55) 0(64) 0(87) 0(69) 0(52) 
0(31) 0(84) 0(24) 1(103) 0(70) 0(77) 
0(41) 0(65) 0(74) 0(40) 0(31) 
0(38) 1(101) 0(67) 0(70) 
0(74) 0(27) 0(21) 
1(118) 1(120) 
0(93) 

0.5357142857142857
precise=0.5575221238938053
recall=0.1076923076923077
F1score=0.18051575931232092

threshold=0.004499999999999999
0(51) 0(77) 0(57) 0(64) 0(88) 0(70) 0(52) 
0(31) 0(84) 0(24) 1(103) 0(71) 0(77) 
0(42) 0(66) 0(74) 0(41) 0(31) 
0(38) 1(101) 0(68) 0(72) 
0(75) 0(32) 0(21) 
1(119) 1(120) 
0(95) 

0.5357142857142857
precise=0.5555555555555556
recall=0.10869565217391304
F1score=0.18181818181818182

threshold=0.004599999999999999
0(53) 0(78) 0(57) 0(64) 0(88) 0(70) 0(54) 
0(32) 0(85) 0(24) 1(103) 0(72) 0(77) 
0(42) 0(66) 0(74) 0(42) 0(31) 
0(38) 1(101) 0(68) 0(72) 
0(76) 0(32) 0(21) 
1(120) 1(120) 
0(95) 

0.5357142857142857
precise=0.5537190082644629
recall=0.10965630114566285
F1score=0.1830601092896175

threshold=0.004699999999999999
0(55) 0(78) 0(58) 0(66) 0(88) 0(70) 0(56) 
0(32) 0(86) 0(24) 1(103) 0(75) 0(77) 
0(42) 0(66) 0(75) 0(43) 0(31) 
0(38) 1(101) 0(68) 0(73) 
0(76) 0(34) 0(21) 
1(120) 1(120) 
1(96) 

0.5714285714285714
precise=0.5555555555555556
recall=0.11217948717948718
F1score=0.18666666666666668

threshold=0.0048
0(55) 0(79) 0(58) 0(67) 0(88) 0(72) 0(57) 
0(32) 0(86) 0(24) 1(103) 0(75) 0(77) 
0(44) 0(67) 0(75) 0(44) 0(31) 
0(38) 1(101) 0(69) 0(74) 
0(76) 0(35) 0(22) 
1(120) 1(120) 
1(96) 

0.5714285714285714
precise=0.5572519083969466
recall=0.11459968602825746
F1score=0.19010416666666666

threshold=0.0049
0(56) 0(79) 0(58) 0(68) 0(90) 0(72) 0(59) 
0(32) 0(86) 0(24) 1(103) 0(75) 0(77) 
0(44) 0(68) 0(75) 0(45) 0(31) 
0(38) 1(101) 0(70) 0(74) 
0(76) 0(37) 0(22) 
1(120) 1(121) 
1(98) 

0.5714285714285714
precise=0.5588235294117647
recall=0.11692307692307692
F1score=0.19338422391857507

threshold=0.005
0(57) 0(80) 0(59) 0(70) 0(93) 0(73) 0(59) 
0(32) 0(87) 0(25) 1(103) 0(75) 0(77) 
0(44) 0(68) 0(75) 0(45) 0(31) 
0(39) 1(101) 0(71) 0(75) 
0(76) 0(40) 0(22) 
1(120) 1(121) 
1(103) 

0.5714285714285714
precise=0.5602836879432624
recall=0.1191553544494721
F1score=0.19651741293532338

threshold=0.0051
0(57) 0(80) 0(61) 0(70) 0(93) 0(75) 0(59) 
0(32) 0(87) 0(26) 1(103) 0(75) 0(78) 
0(44) 0(71) 0(75) 0(47) 0(31) 
0(40) 1(101) 0(71) 0(75) 
0(76) 0(40) 0(23) 
1(120) 1(121) 
1(104) 

0.5714285714285714
precise=0.5616438356164384
recall=0.12130177514792899
F1score=0.19951338199513383

threshold=0.005200000000000001
0(58) 0(80) 0(62) 0(71) 0(94) 0(75) 0(59) 
0(32) 0(87) 0(26) 1(103) 0(75) 0(78) 
0(44) 0(72) 0(75) 0(47) 0(31) 
0(40) 1(101) 0(71) 0(75) 
0(76) 0(41) 0(23) 
1(120) 1(121) 
1(104) 

0.5714285714285714
precise=0.5629139072847682
recall=0.12336719883889695
F1score=0.20238095238095238

threshold=0.005300000000000001
0(59) 0(83) 0(62) 0(72) 0(94) 0(75) 0(60) 
0(32) 0(87) 0(26) 1(103) 0(75) 0(78) 
0(44) 0(73) 0(76) 0(48) 0(31) 
0(40) 1(101) 0(72) 0(75) 
0(76) 0(42) 0(23) 
1(120) 1(121) 
1(104) 

0.5714285714285714
precise=0.5641025641025641
recall=0.12535612535612536
F1score=0.20512820512820512

threshold=0.005400000000000001
0(62) 0(83) 0(62) 0(72) 0(95) 0(75) 0(61) 
0(32) 0(87) 0(26) 1(103) 0(76) 0(79) 
0(44) 0(73) 0(76) 0(48) 0(31) 
0(41) 1(101) 0(72) 0(75) 
0(76) 0(43) 0(24) 
1(120) 1(121) 
1(108) 

0.5714285714285714
precise=0.5652173913043478
recall=0.12727272727272726
F1score=0.20776255707762556

threshold=0.005500000000000001
0(63) 0(83) 0(62) 0(72) 0(95) 0(75) 0(62) 
0(33) 0(87) 0(26) 1(103) 0(77) 0(79) 
0(44) 0(73) 0(76) 0(48) 0(31) 
0(41) 1(101) 0(72) 0(76) 
0(77) 0(44) 0(25) 
1(120) 1(121) 
1(108) 

0.5714285714285714
precise=0.5662650602409639
recall=0.12912087912087913
F1score=0.21029082774049218

threshold=0.005600000000000002
0(65) 0(83) 0(62) 0(72) 0(95) 0(75) 0(62) 
0(33) 0(87) 0(26) 1(103) 0(79) 0(79) 
0(44) 0(73) 0(76) 0(52) 0(31) 
0(42) 1(101) 0(72) 0(76) 
0(78) 0(44) 0(25) 
1(120) 1(121) 
1(110) 

0.5714285714285714
precise=0.5672514619883041
recall=0.13090418353576247
F1score=0.21271929824561403

threshold=0.005700000000000002
0(65) 0(83) 0(62) 0(73) 0(95) 0(75) 0(64) 
0(33) 0(87) 0(26) 1(103) 0(81) 0(79) 
0(44) 0(73) 0(76) 0(52) 0(31) 
0(42) 1(101) 0(73) 0(76) 
0(78) 0(44) 0(26) 
1(120) 1(121) 
1(112) 

0.5714285714285714
precise=0.5681818181818182
recall=0.13262599469496023
F1score=0.21505376344086022

threshold=0.005800000000000002
0(65) 0(84) 0(62) 0(73) 0(95) 0(76) 0(66) 
0(33) 0(87) 0(26) 1(103) 0(81) 0(79) 
0(44) 0(74) 0(76) 0(52) 0(31) 
0(43) 1(101) 0(73) 0(76) 
0(79) 0(46) 0(26) 
1(120) 1(121) 
1(112) 

0.5714285714285714
precise=0.569060773480663
recall=0.13428943937418514
F1score=0.21729957805907174

threshold=0.0059000000000000025
0(67) 0(85) 0(62) 0(73) 0(95) 0(76) 0(67) 
0(34) 0(87) 0(26) 1(104) 0(81) 0(80) 
0(44) 0(75) 0(77) 0(54) 0(31) 
0(43) 1(101) 0(74) 0(76) 
0(79) 0(47) 0(26) 
1(120) 1(121) 
1(113) 

0.5714285714285714
precise=0.5698924731182796
recall=0.1358974358974359
F1score=0.2194616977225673

threshold=0.006000000000000003
0(68) 0(85) 0(63) 0(73) 0(95) 0(76) 0(67) 
0(34) 0(87) 0(27) 1(104) 0(81) 0(80) 
0(44) 0(75) 0(77) 0(56) 0(31) 
0(43) 1(101) 0(74) 0(76) 
0(79) 0(47) 0(28) 
1(121) 1(121) 
1(115) 

0.5714285714285714
precise=0.5706806282722513
recall=0.13745271122320302
F1score=0.22154471544715448

threshold=0.006100000000000003
0(70) 0(86) 0(63) 0(73) 1(97) 0(76) 0(67) 
0(34) 0(87) 0(27) 1(104) 0(81) 0(81) 
0(44) 0(75) 0(77) 0(60) 0(32) 
0(44) 1(101) 0(76) 0(77) 
0(80) 0(47) 0(29) 
1(121) 1(121) 
1(116) 

0.5357142857142857
precise=0.5685279187817259
recall=0.13895781637717122
F1score=0.22333000997008973

threshold=0.006200000000000003
0(70) 0(86) 0(63) 0(73) 1(97) 0(76) 0(68) 
0(34) 0(87) 0(27) 1(104) 0(81) 0(81) 
0(44) 0(75) 0(77) 0(62) 0(32) 
0(44) 1(101) 0(76) 0(77) 
0(81) 0(47) 0(29) 
1(121) 1(121) 
1(116) 

0.5357142857142857
precise=0.5665024630541872
recall=0.14041514041514042
F1score=0.22504892367906065

threshold=0.0063000000000000035
0(70) 0(86) 0(63) 0(73) 1(98) 0(76) 0(68) 
0(35) 0(87) 0(28) 1(104) 0(81) 0(81) 
0(44) 0(76) 0(77) 0(62) 0(32) 
0(45) 1(101) 0(76) 0(77) 
0(82) 0(49) 0(29) 
1(121) 1(121) 
1(117) 

0.5357142857142857
precise=0.5645933014354066
recall=0.14182692307692307
F1score=0.22670509125840538

threshold=0.006400000000000004
0(72) 0(86) 0(65) 0(73) 1(98) 0(78) 0(69) 
0(35) 0(88) 0(28) 1(104) 0(81) 0(81) 
0(44) 0(76) 0(78) 0(62) 0(32) 
0(45) 1(101) 0(76) 0(77) 
0(82) 0(51) 0(29) 
1(121) 1(121) 
1(117) 

0.5357142857142857
precise=0.5627906976744186
recall=0.14319526627218934
F1score=0.22830188679245284

threshold=0.006500000000000004
0(73) 0(86) 0(65) 0(73) 1(98) 0(79) 0(70) 
0(35) 0(88) 0(28) 1(104) 0(81) 0(81) 
0(44) 0(76) 0(78) 0(62) 0(32) 
0(45) 1(101) 0(76) 0(77) 
0(82) 0(51) 0(29) 
1(121) 1(121) 
1(117) 

0.5357142857142857
precise=0.5610859728506787
recall=0.1445221445221445
F1score=0.22984244670991658

threshold=0.006600000000000004
0(73) 0(86) 0(67) 0(73) 1(98) 0(80) 0(70) 
0(35) 0(88) 0(29) 1(104) 0(82) 0(82) 
0(44) 0(77) 0(78) 0(63) 0(32) 
0(45) 1(101) 0(76) 0(77) 
0(82) 0(51) 0(29) 
1(121) 1(121) 
1(118) 

0.5357142857142857
precise=0.5594713656387665
recall=0.14580941446613088
F1score=0.23132969034608378

threshold=0.0067000000000000046
0(76) 0(86) 0(68) 0(73) 1(98) 0(80) 0(70) 
0(35) 0(88) 0(30) 1(104) 0(82) 0(82) 
0(45) 0(78) 0(78) 0(63) 0(32) 
0(45) 1(101) 0(76) 0(77) 
0(82) 0(52) 0(29) 
1(121) 1(121) 
1(119) 

0.5357142857142857
precise=0.5579399141630901
recall=0.14705882352941177
F1score=0.23276633840644584

threshold=0.006800000000000005
0(76) 0(86) 0(69) 0(73) 1(98) 0(80) 0(72) 
0(35) 0(88) 0(30) 1(105) 0(82) 0(82) 
0(45) 0(78) 0(78) 0(63) 0(32) 
0(46) 1(101) 0(77) 0(77) 
0(82) 0(53) 0(29) 
1(121) 1(121) 
1(119) 

0.5357142857142857
precise=0.5564853556485355
recall=0.14827201783723523
F1score=0.23415492957746478

threshold=0.006900000000000005
0(76) 0(86) 0(69) 0(73) 1(98) 0(80) 0(74) 
0(35) 0(88) 0(31) 1(105) 0(82) 0(82) 
0(45) 0(79) 0(78) 0(65) 0(32) 
0(46) 1(101) 0(78) 0(78) 
0(83) 0(54) 0(29) 
1(121) 1(121) 
1(120) 

0.5357142857142857
precise=0.5551020408163265
recall=0.14945054945054945
F1score=0.2354978354978355

threshold=0.007000000000000005
0(76) 0(86) 0(69) 0(73) 1(98) 0(80) 0(74) 
0(35) 0(88) 0(31) 1(105) 0(82) 0(82) 
0(45) 0(80) 0(79) 0(66) 0(32) 
0(46) 1(101) 0(78) 0(78) 
0(83) 0(54) 0(29) 
1(121) 1(121) 
1(120) 

0.5357142857142857
precise=0.5537848605577689
recall=0.15059588299024917
F1score=0.23679727427597955

threshold=0.007100000000000006
0(76) 0(86) 0(71) 0(74) 1(98) 0(80) 0(74) 
0(36) 0(88) 0(31) 1(105) 0(82) 0(82) 
0(45) 0(80) 0(79) 0(66) 0(32) 
0(46) 1(101) 0(78) 0(78) 
0(84) 0(55) 0(30) 
1(121) 1(121) 
1(122) 

0.5357142857142857
precise=0.5525291828793775
recall=0.1517094017094017
F1score=0.23805532271584243

threshold=0.007200000000000006
0(76) 0(86) 0(72) 0(74) 1(98) 0(80) 0(74) 
0(36) 0(88) 0(31) 1(105) 0(84) 0(82) 
0(45) 0(80) 0(79) 0(68) 0(33) 
0(46) 1(102) 0(78) 0(79) 
0(84) 0(55) 0(32) 
1(121) 1(122) 
1(123) 

0.5357142857142857
precise=0.5513307984790875
recall=0.15279241306638566
F1score=0.23927392739273928

threshold=0.007300000000000006
0(76) 0(86) 0(72) 0(74) 1(99) 0(80) 0(74) 
0(36) 0(88) 0(32) 1(105) 0(84) 0(83) 
0(46) 0(80) 0(80) 0(70) 0(34) 
0(46) 1(102) 0(78) 0(79) 
0(84) 0(55) 0(32) 
1(121) 1(122) 
1(123) 

0.5357142857142857
precise=0.550185873605948
recall=0.15384615384615385
F1score=0.2404549147034931

threshold=0.007400000000000006
0(76) 0(86) 0(73) 0(75) 1(99) 0(81) 0(74) 
0(36) 0(89) 0(32) 1(105) 0(84) 0(83) 
0(46) 0(80) 0(80) 0(70) 0(36) 
0(46) 1(102) 0(79) 0(79) 
0(84) 0(56) 0(34) 
1(121) 1(122) 
1(123) 

0.5357142857142857
precise=0.5490909090909091
recall=0.15487179487179487
F1score=0.2416

threshold=0.007500000000000007
0(77) 0(86) 0(73) 0(75) 1(101) 0(81) 0(74) 
0(36) 0(89) 0(32) 1(105) 0(85) 0(83) 
0(47) 0(80) 0(80) 0(71) 0(36) 
0(46) 1(102) 0(79) 0(79) 
0(86) 0(57) 0(34) 
1(121) 1(122) 
1(124) 

0.5357142857142857
precise=0.5480427046263345
recall=0.15587044534412955
F1score=0.24271079590228525

threshold=0.007600000000000007
0(77) 0(86) 0(74) 0(75) 1(101) 0(81) 0(75) 
0(37) 0(90) 0(32) 1(105) 0(85) 0(83) 
0(48) 0(80) 0(80) 0(72) 0(36) 
0(47) 1(102) 0(79) 0(80) 
0(86) 0(58) 0(35) 
1(121) 1(122) 
1(124) 

0.5357142857142857
precise=0.5470383275261324
recall=0.15684315684315683
F1score=0.24378881987577639

threshold=0.007700000000000007
0(78) 0(86) 0(74) 0(75) 1(101) 0(81) 0(75) 
0(37) 0(90) 0(32) 1(105) 0(85) 0(83) 
0(48) 0(80) 0(82) 0(73) 0(36) 
0(48) 1(102) 0(79) 0(80) 
0(86) 0(59) 0(35) 
1(121) 1(122) 
1(124) 

0.5357142857142857
precise=0.5460750853242321
recall=0.15779092702169625
F1score=0.24483550114766642

threshold=0.0078000000000000074
0(78) 0(86) 0(74) 0(75) 1(102) 0(81) 0(75) 
0(37) 0(90) 0(32) 1(105) 0(85) 0(83) 
0(48) 0(81) 0(82) 0(73) 0(36) 
0(48) 1(102) 0(79) 0(80) 
0(87) 0(60) 0(35) 
1(121) 1(122) 
1(124) 

0.5357142857142857
precise=0.5451505016722408
recall=0.1587147030185005
F1score=0.2458521870286576

threshold=0.007900000000000008
0(78) 0(86) 0(75) 0(75) 1(102) 0(81) 0(75) 
0(37) 0(90) 0(33) 1(105) 0(85) 0(83) 
0(48) 0(81) 0(82) 0(75) 0(36) 
0(48) 1(102) 0(79) 0(81) 
0(87) 0(60) 0(35) 
1(121) 1(122) 
1(124) 

0.5357142857142857
precise=0.5442622950819672
recall=0.1596153846153846
F1score=0.24684014869888476

threshold=0.008000000000000007
0(78) 0(86) 0(76) 0(75) 1(102) 0(81) 0(75) 
0(38) 0(90) 0(33) 1(105) 0(85) 0(83) 
0(48) 0(81) 0(82) 0(75) 0(36) 
0(48) 1(102) 0(79) 0(81) 
0(88) 0(60) 0(35) 
1(121) 1(122) 
1(124) 

0.5357142857142857
precise=0.5434083601286174
recall=0.16049382716049382
F1score=0.24780058651026393

threshold=0.008100000000000007
0(79) 0(87) 0(77) 0(75) 1(102) 0(81) 0(75) 
0(38) 0(90) 0(33) 1(105) 0(86) 0(83) 
0(48) 0(81) 0(82) 0(75) 0(36) 
0(48) 1(102) 0(79) 0(82) 
0(88) 0(61) 0(36) 
1(121) 1(122) 
1(124) 

0.5357142857142857
precise=0.5425867507886435
recall=0.16135084427767354
F1score=0.24873463485177152

threshold=0.008200000000000006
0(79) 0(87) 0(78) 0(75) 1(102) 0(81) 0(75) 
0(38) 0(90) 0(33) 1(105) 0(86) 0(83) 
0(48) 0(81) 0(82) 0(75) 0(37) 
0(48) 1(103) 0(79) 0(82) 
0(89) 0(61) 0(36) 
1(121) 1(122) 
1(125) 

0.5357142857142857
precise=0.541795665634675
recall=0.16218721037998146
F1score=0.24964336661911554

threshold=0.008300000000000005
0(79) 0(87) 0(78) 0(75) 1(102) 0(81) 0(75) 
0(38) 0(90) 0(33) 1(105) 0(87) 0(83) 
0(48) 0(81) 0(82) 0(76) 0(37) 
0(48) 1(103) 0(80) 0(83) 
0(89) 0(62) 0(36) 
1(121) 1(122) 
1(126) 

0.5357142857142857
precise=0.541033434650456
recall=0.163003663003663
F1score=0.25052779732582686

threshold=0.008400000000000005
0(79) 0(87) 0(79) 0(75) 1(102) 0(81) 0(75) 
0(38) 0(90) 0(33) 1(105) 0(87) 0(83) 
0(48) 0(81) 0(82) 0(76) 0(38) 
0(48) 1(104) 0(81) 0(83) 
0(89) 0(62) 0(37) 
1(121) 1(122) 
1(126) 

0.5357142857142857
precise=0.5402985074626866
recall=0.16380090497737557
F1score=0.2513888888888889

threshold=0.008500000000000004
0(81) 0(89) 0(79) 0(75) 1(102) 0(81) 0(75) 
0(38) 0(90) 0(34) 1(105) 0(88) 0(83) 
0(48) 0(81) 0(82) 0(76) 0(39) 
0(49) 1(104) 0(82) 0(84) 
0(89) 0(62) 0(38) 
1(121) 1(123) 
1(127) 

0.5357142857142857
precise=0.5395894428152492
recall=0.16457960644007155
F1score=0.25222755311857437

threshold=0.008600000000000003
0(81) 0(89) 0(79) 0(75) 1(102) 0(82) 0(75) 
0(39) 0(90) 0(35) 1(105) 0(88) 0(83) 
0(48) 0(81) 0(82) 0(76) 0(39) 
0(49) 1(104) 0(82) 0(84) 
0(89) 0(62) 0(38) 
1(121) 1(123) 
1(127) 

0.5357142857142857
precise=0.5389048991354467
recall=0.16534040671971706
F1score=0.2530446549391069

threshold=0.008700000000000003
0(81) 0(89) 0(79) 0(75) 1(103) 0(82) 0(76) 
0(39) 0(91) 0(35) 1(106) 0(88) 0(83) 
0(48) 0(81) 0(83) 0(76) 0(39) 
0(50) 1(104) 0(82) 0(84) 
0(90) 0(62) 0(39) 
1(122) 1(123) 
1(127) 

0.5357142857142857
precise=0.5382436260623229
recall=0.1660839160839161
F1score=0.25384101536406145

threshold=0.008800000000000002
0(81) 0(89) 0(79) 0(75) 1(103) 0(82) 0(78) 
0(39) 0(91) 0(37) 1(106) 0(88) 0(83) 
0(48) 0(82) 0(83) 0(77) 0(39) 
0(50) 1(105) 0(82) 0(84) 
0(90) 0(62) 0(41) 
1(122) 1(124) 
1(127) 

0.5357142857142857
precise=0.5376044568245125
recall=0.16681071737251513
F1score=0.2546174142480211

threshold=0.008900000000000002
0(81) 0(89) 0(79) 0(75) 1(103) 0(82) 0(78) 
0(39) 0(91) 0(37) 1(106) 0(88) 0(83) 
0(48) 0(82) 0(83) 0(79) 0(39) 
0(51) 1(105) 0(82) 0(84) 
0(90) 0(63) 0(42) 
1(122) 1(124) 
1(127) 

0.5357142857142857
precise=0.536986301369863
recall=0.1675213675213675
F1score=0.2553745928338762

threshold=0.009000000000000001
0(82) 0(89) 0(79) 0(75) 1(103) 0(83) 0(78) 
0(39) 0(91) 0(38) 1(106) 0(88) 0(83) 
0(48) 0(82) 0(84) 0(79) 0(39) 
0(51) 1(105) 0(82) 0(84) 
0(90) 0(64) 0(43) 
1(122) 1(124) 
1(127) 

0.5357142857142857
precise=0.5363881401617251
recall=0.16821639898562976
F1score=0.25611325611325614

threshold=0.0091
0(83) 0(89) 0(79) 0(75) 1(103) 0(83) 0(78) 
0(39) 0(91) 0(39) 1(106) 0(88) 0(84) 
0(50) 0(82) 0(85) 0(80) 0(39) 
0(51) 1(105) 0(82) 0(84) 
0(90) 0(65) 0(44) 
1(122) 1(124) 
1(127) 

0.5357142857142857
precise=0.5358090185676393
recall=0.1688963210702341
F1score=0.25683407501589317

threshold=0.0092
0(83) 0(89) 0(79) 0(76) 1(104) 0(83) 0(80) 
0(39) 0(91) 0(40) 1(106) 0(88) 0(84) 
0(50) 0(82) 0(85) 0(80) 0(40) 
0(51) 1(105) 0(83) 0(84) 
0(90) 0(65) 0(44) 
1(123) 1(124) 
1(127) 

0.5357142857142857
precise=0.5352480417754569
recall=0.1695616211745244
F1score=0.25753768844221103

threshold=0.0093
0(83) 0(89) 0(79) 0(76) 1(104) 0(83) 0(80) 
0(40) 0(91) 0(40) 1(107) 0(88) 0(84) 
0(51) 0(83) 0(86) 0(80) 0(42) 
0(51) 1(105) 0(83) 0(84) 
0(90) 0(65) 0(46) 
1(123) 1(124) 
1(127) 

0.5357142857142857
precise=0.5347043701799485
recall=0.1702127659574468
F1score=0.25822470515207946

threshold=0.009399999999999999
0(84) 0(89) 0(79) 0(76) 1(104) 0(83) 0(80) 
0(40) 0(91) 0(40) 1(107) 0(89) 0(84) 
0(52) 0(83) 0(86) 0(81) 0(42) 
0(51) 1(105) 0(85) 0(84) 
0(90) 0(65) 0(47) 
1(123) 1(124) 
1(127) 

0.5357142857142857
precise=0.5341772151898734
recall=0.1708502024291498
F1score=0.2588957055214724

threshold=0.009499999999999998
0(85) 0(89) 0(79) 0(76) 1(104) 0(83) 0(80) 
0(41) 0(91) 0(40) 1(107) 0(89) 0(84) 
0(52) 0(83) 0(86) 0(81) 0(43) 
0(52) 1(105) 0(85) 0(84) 
0(90) 0(65) 0(49) 
1(123) 1(124) 
1(127) 

0.5357142857142857
precise=0.5336658354114713
recall=0.17147435897435898
F1score=0.25955124317768347

threshold=0.009599999999999997
0(85) 0(89) 0(80) 0(76) 1(104) 0(83) 0(80) 
0(41) 0(91) 0(41) 1(107) 0(89) 0(84) 
0(52) 0(83) 0(86) 0(82) 0(43) 
0(52) 1(105) 0(85) 0(85) 
0(90) 0(65) 0(49) 
1(123) 1(124) 
1(127) 

0.5357142857142857
precise=0.5331695331695332
recall=0.17208564631245044
F1score=0.26019184652278177

threshold=0.009699999999999997
0(86) 0(89) 0(80) 0(76) 1(104) 0(83) 0(80) 
0(42) 0(91) 0(41) 1(108) 0(89) 0(84) 
0(52) 0(83) 0(87) 0(82) 0(44) 
0(54) 1(105) 0(86) 0(85) 
0(90) 0(65) 0(49) 
1(124) 1(124) 
1(127) 

0.5357142857142857
precise=0.5326876513317191
recall=0.1726844583987441
F1score=0.26081802015411976

threshold=0.009799999999999996
0(86) 0(89) 0(80) 0(78) 1(104) 0(83) 0(80) 
0(42) 0(92) 0(41) 1(108) 0(89) 0(84) 
0(53) 0(83) 0(87) 0(83) 0(45) 
0(55) 1(105) 0(86) 0(85) 
0(90) 0(65) 0(49) 
1(124) 1(124) 
1(127) 

0.5357142857142857
precise=0.5322195704057279
recall=0.17327117327117328
F1score=0.26143024618991795

threshold=0.009899999999999996
0(86) 0(89) 0(80) 0(78) 1(104) 0(83) 0(80) 
0(43) 0(93) 0(41) 1(108) 0(89) 0(84) 
0(53) 0(83) 0(87) 0(83) 0(45) 
0(55) 1(106) 0(86) 0(85) 
0(90) 0(66) 0(49) 
1(124) 1(124) 
1(127) 

0.5357142857142857
precise=0.5317647058823529
recall=0.17384615384615384
F1score=0.2620289855072464

threshold=0.009999999999999995
0(86) 0(89) 0(80) 0(78) 1(105) 0(83) 0(80) 
0(43) 0(93) 0(41) 1(108) 0(89) 0(84) 
0(55) 0(83) 0(87) 0(83) 0(45) 
0(55) 1(106) 0(87) 0(85) 
0(91) 0(66) 0(50) 
1(124) 1(124) 
1(127) 

0.5357142857142857
precise=0.531322505800464
recall=0.1744097486671744
F1score=0.2626146788990826

threshold=0.010099999999999994
0(86) 0(89) 0(81) 0(78) 1(105) 0(83) 0(80) 
0(43) 0(93) 0(41) 1(108) 0(89) 0(84) 
0(56) 0(83) 0(87) 0(83) 0(46) 
0(55) 1(106) 0(87) 0(86) 
0(91) 0(66) 0(52) 
1(124) 1(124) 
1(127) 

0.5357142857142857
precise=0.5308924485125858
recall=0.17496229260935142
F1score=0.2631877481565513

threshold=0.010199999999999994
0(86) 0(89) 0(81) 0(78) 1(106) 0(83) 0(81) 
0(43) 0(93) 0(42) 1(108) 0(89) 0(84) 
0(56) 0(83) 0(88) 0(83) 0(46) 
0(55) 1(106) 0(87) 0(86) 
0(91) 0(66) 0(54) 
1(124) 1(124) 
1(127) 

0.5357142857142857
precise=0.5304740406320542
recall=0.1755041075429425
F1score=0.26374859708193044

threshold=0.010299999999999993
0(86) 0(89) 0(81) 0(78) 1(106) 0(84) 0(81) 
0(44) 0(93) 0(42) 1(108) 0(89) 0(84) 
0(56) 0(83) 0(88) 0(83) 0(46) 
0(56) 1(106) 0(88) 0(86) 
0(91) 0(66) 0(55) 
1(124) 1(124) 
1(127) 

0.5357142857142857
precise=0.5300668151447662
recall=0.1760355029585799
F1score=0.2642976124375347

threshold=0.010399999999999993
0(86) 0(89) 0(81) 0(78) 1(106) 0(84) 0(81) 
0(45) 0(93) 0(42) 1(108) 0(89) 0(84) 
0(57) 0(83) 0(88) 0(83) 0(46) 
0(57) 1(106) 0(89) 0(86) 
0(91) 0(66) 0(55) 
1(124) 1(124) 
1(127) 

0.5357142857142857
precise=0.5296703296703297
recall=0.17655677655677657
F1score=0.26483516483516484

threshold=0.010499999999999992
0(86) 0(90) 0(82) 0(78) 1(106) 0(84) 0(81) 
0(45) 0(93) 0(42) 1(108) 0(89) 0(85) 
0(58) 0(83) 0(88) 0(83) 0(46) 
0(57) 1(106) 0(89) 0(86) 
0(91) 0(66) 0(55) 
1(124) 1(124) 
1(127) 

0.5357142857142857
precise=0.5292841648590022
recall=0.17706821480406387
F1score=0.2653616095704187

threshold=0.010599999999999991
0(87) 0(90) 0(82) 0(78) 1(106) 0(84) 0(81) 
0(45) 0(93) 0(42) 1(108) 0(89) 0(85) 
0(59) 0(83) 0(88) 0(83) 0(48) 
0(57) 1(106) 0(89) 0(86) 
0(91) 0(66) 0(55) 
1(124) 1(124) 
1(128) 

0.5357142857142857
precise=0.5289079229122056
recall=0.17757009345794392
F1score=0.2658772874058127

threshold=0.01069999999999999
0(87) 0(90) 0(82) 0(78) 1(107) 0(84) 0(82) 
0(45) 0(93) 0(43) 1(108) 0(89) 0(85) 
0(59) 0(83) 0(88) 0(83) 0(49) 
0(58) 1(106) 0(89) 0(86) 
0(91) 0(66) 0(55) 
1(124) 1(124) 
1(128) 

0.5357142857142857
precise=0.5285412262156448
recall=0.17806267806267806
F1score=0.2663825253063399

threshold=0.01079999999999999
0(88) 0(91) 0(82) 0(78) 1(107) 0(84) 0(82) 
0(46) 0(93) 0(43) 1(108) 0(89) 0(85) 
0(60) 0(83) 0(88) 0(83) 0(51) 
0(58) 1(106) 0(90) 0(86) 
0(91) 0(66) 0(56) 
1(124) 1(124) 
1(128) 

0.5357142857142857
precise=0.5281837160751566
recall=0.17854622441778406
F1score=0.2668776371308017

threshold=0.01089999999999999
0(88) 0(91) 0(83) 0(79) 1(107) 0(84) 0(82) 
0(48) 0(93) 0(45) 1(108) 0(89) 0(85) 
0(60) 0(83) 0(88) 0(83) 0(51) 
0(58) 1(106) 0(91) 0(86) 
0(91) 0(66) 0(56) 
1(124) 1(124) 
1(128) 

0.5357142857142857
precise=0.5278350515463918
recall=0.17902097902097902
F1score=0.2673629242819843

threshold=0.010999999999999989
0(88) 0(91) 0(84) 0(79) 1(107) 0(84) 0(82) 
0(49) 0(93) 0(46) 1(108) 0(89) 0(85) 
0(60) 0(83) 0(90) 0(83) 0(51) 
0(58) 1(106) 0(92) 0(87) 
0(92) 0(68) 0(56) 
1(124) 1(124) 
1(128) 

0.5357142857142857
precise=0.5274949083503055
recall=0.1794871794871795
F1score=0.2678386763185109

threshold=0.011099999999999988
0(88) 0(91) 0(85) 0(80) 1(107) 0(84) 0(82) 
0(49) 0(93) 0(46) 1(108) 0(90) 0(85) 
0(60) 0(83) 0(90) 0(83) 0(53) 
0(58) 1(106) 0(92) 0(87) 
0(92) 0(68) 0(56) 
1(124) 1(124) 
1(128) 

0.5357142857142857
precise=0.5271629778672032
recall=0.17994505494505494
F1score=0.268305171530978

threshold=0.011199999999999988
0(88) 0(91) 0(86) 0(80) 1(107) 0(85) 0(83) 
0(49) 0(93) 0(46) 1(108) 0(90) 0(85) 
0(60) 0(83) 0(91) 0(83) 0(53) 
0(59) 1(106) 0(92) 0(87) 
0(94) 0(68) 0(56) 
1(124) 1(124) 
1(128) 

0.5357142857142857
precise=0.5268389662027833
recall=0.18039482641252552
F1score=0.268762677484787

threshold=0.011299999999999987
0(89) 0(91) 0(86) 0(80) 1(107) 0(86) 0(83) 
0(49) 0(93) 0(48) 1(108) 0(90) 0(85) 
0(60) 0(84) 0(91) 0(83) 0(55) 
0(59) 1(106) 0(92) 0(87) 
0(94) 0(68) 0(56) 
1(124) 1(124) 
1(128) 

0.5357142857142857
precise=0.5265225933202358
recall=0.18083670715249664
F1score=0.2692114515318935

threshold=0.011399999999999987
0(90) 0(91) 0(86) 0(81) 1(107) 0(86) 0(83) 
0(49) 0(93) 0(48) 1(108) 0(90) 0(85) 
0(61) 0(84) 0(92) 0(83) 0(58) 
0(59) 1(106) 0(92) 0(87) 
0(94) 0(68) 0(56) 
1(124) 1(124) 
1(128) 

0.5357142857142857
precise=0.5262135922330097
recall=0.18127090301003346
F1score=0.26965174129353237

threshold=0.011499999999999986
0(90) 0(91) 0(86) 0(81) 1(107) 0(86) 0(84) 
0(50) 0(93) 0(48) 1(108) 0(90) 0(85) 
0(62) 0(84) 0(93) 0(83) 0(59) 
0(59) 1(106) 0(92) 0(87) 
0(94) 0(68) 0(56) 
1(124) 1(124) 
1(129) 

0.5357142857142857
precise=0.525911708253359
recall=0.1816976127320955
F1score=0.2700837851158206

threshold=0.011599999999999985
0(91) 0(91) 0(86) 0(81) 1(107) 0(86) 0(86) 
0(50) 0(93) 0(48) 1(108) 0(90) 0(85) 
0(63) 0(84) 0(93) 0(83) 0(59) 
0(60) 1(106) 0(92) 0(87) 
0(94) 0(69) 0(56) 
1(124) 1(124) 
1(129) 

0.5357142857142857
precise=0.5256166982922201
recall=0.18211702827087442
F1score=0.2705078125

threshold=0.011699999999999985
0(91) 0(91) 0(86) 0(81) 1(107) 0(87) 0(86) 
0(50) 0(93) 0(48) 1(108) 0(90) 0(85) 
0(64) 0(84) 0(93) 0(84) 0(59) 
0(60) 1(106) 0(92) 0(88) 
0(95) 0(70) 0(56) 
1(124) 1(124) 
1(129) 

0.5357142857142857
precise=0.525328330206379
recall=0.18252933507170796
F1score=0.2709240445089502

threshold=0.011799999999999984
0(91) 0(91) 0(86) 0(81) 1(107) 0(87) 0(86) 
0(51) 0(93) 0(48) 1(108) 0(90) 0(85) 
0(65) 0(84) 0(95) 0(85) 0(59) 
0(60) 1(106) 0(92) 0(88) 
0(95) 0(71) 0(58) 
1(124) 1(124) 
1(129) 

0.5357142857142857
precise=0.5250463821892394
recall=0.18293471234647704
F1score=0.2713326941514861

threshold=0.011899999999999984
0(91) 0(91) 0(86) 0(81) 1(107) 0(88) 0(86) 
0(52) 0(93) 0(48) 1(108) 0(90) 0(86) 
0(65) 0(84) 0(95) 0(85) 0(59) 
0(60) 1(106) 0(92) 0(89) 
0(95) 0(71) 0(60) 
1(124) 1(124) 
1(129) 

0.5357142857142857
precise=0.5247706422018349
recall=0.18333333333333332
F1score=0.2717339667458432

threshold=0.011999999999999983
0(91) 0(91) 0(86) 0(81) 1(107) 0(88) 0(86) 
0(54) 0(93) 0(50) 1(108) 0(92) 0(87) 
0(66) 0(84) 1(96) 0(85) 0(59) 
0(60) 1(106) 0(92) 0(89) 
0(95) 0(71) 0(61) 
1(124) 1(124) 
1(129) 

0.5
precise=0.5235507246376812
recall=0.18372536554354738
F1score=0.272

threshold=0.012099999999999982
0(91) 0(91) 0(86) 0(81) 1(107) 0(88) 0(86) 
0(54) 0(93) 0(50) 1(108) 0(92) 0(87) 
0(66) 0(84) 1(97) 0(85) 0(61) 
0(60) 1(106) 0(92) 0(89) 
1(97) 0(71) 0(65) 
1(124) 1(124) 
1(129) 

0.4642857142857143
precise=0.5214285714285715
recall=0.1841109709962169
F1score=0.2721342031686859

threshold=0.012199999999999982
0(92) 0(91) 0(86) 0(81) 1(107) 0(88) 0(86) 
0(56) 0(93) 0(50) 1(108) 0(92) 0(87) 
0(66) 0(85) 1(97) 0(85) 0(61) 
0(60) 1(107) 0(92) 0(90) 
1(99) 0(71) 0(65) 
1(124) 1(124) 
1(129) 

0.4642857142857143
precise=0.5193661971830986
recall=0.18449030644152595
F1score=0.27226580526072913

threshold=0.012299999999999981
0(92) 0(91) 0(86) 0(82) 1(107) 0(88) 0(86) 
0(56) 0(93) 0(50) 1(108) 0(92) 0(87) 
0(66) 0(86) 1(98) 0(85) 0(61) 
0(60) 1(107) 0(92) 0(90) 
1(99) 0(71) 0(65) 
1(124) 1(124) 
1(129) 

0.4642857142857143
precise=0.5173611111111112
recall=0.184863523573201
F1score=0.27239488117001825

threshold=0.01239999999999998
0(93) 0(91) 0(86) 0(82) 1(107) 0(88) 0(86) 
0(57) 0(93) 0(51) 1(108) 0(92) 0(87) 
0(67) 0(87) 1(98) 0(85) 0(61) 
0(60) 1(107) 0(92) 0(90) 
1(99) 0(71) 0(65) 
1(124) 1(124) 
1(129) 

0.4642857142857143
precise=0.5154109589041096
recall=0.18523076923076923
F1score=0.27252150294250793

threshold=0.01249999999999998
0(93) 0(91) 0(86) 0(82) 1(107) 0(88) 0(87) 
0(57) 0(93) 0(51) 1(108) 0(92) 0(87) 
0(67) 0(87) 1(99) 0(85) 0(61) 
0(60) 1(107) 0(93) 0(90) 
1(99) 0(71) 0(65) 
1(124) 1(124) 
1(129) 

0.4642857142857143
precise=0.5135135135135135
recall=0.1855921855921856
F1score=0.2726457399103139

threshold=0.01259999999999998
0(93) 0(91) 0(86) 0(82) 1(107) 0(88) 0(87) 
0(57) 0(94) 0(51) 1(108) 0(92) 0(87) 
0(67) 0(87) 1(99) 0(85) 0(62) 
0(61) 1(107) 0(93) 0(90) 
1(99) 0(71) 0(65) 
1(124) 1(124) 
1(129) 

0.4642857142857143
precise=0.5116666666666667
recall=0.18594791035735916
F1score=0.27276765881830295

threshold=0.012699999999999979
0(93) 0(91) 0(86) 0(82) 1(107) 0(89) 0(88) 
0(57) 0(94) 0(51) 1(108) 0(92) 0(87) 
0(67) 0(87) 1(99) 0(85) 0(62) 
0(62) 1(107) 0(94) 0(90) 
1(100) 0(72) 0(65) 
1(124) 1(124) 
1(129) 

0.4642857142857143
precise=0.5098684210526315
recall=0.18629807692307693
F1score=0.272887323943662

threshold=0.012799999999999978
0(93) 0(91) 0(86) 0(82) 1(107) 0(89) 0(88) 
0(57) 0(94) 0(54) 1(108) 0(92) 0(87) 
0(68) 0(87) 1(99) 0(85) 0(63) 
0(63) 1(107) 0(94) 0(90) 
1(100) 0(72) 0(65) 
1(124) 1(124) 
1(129) 

0.4642857142857143
precise=0.5081168831168831
recall=0.18664281454979129
F1score=0.27300479720889664

threshold=0.012899999999999977
0(93) 0(91) 0(86) 0(82) 1(107) 0(89) 0(88) 
0(57) 0(94) 0(55) 1(108) 0(93) 0(87) 
0(68) 0(89) 1(99) 0(85) 0(64) 
0(63) 1(107) 0(94) 0(91) 
1(101) 0(72) 0(65) 
1(124) 1(124) 
1(129) 

0.4642857142857143
precise=0.5064102564102564
recall=0.18698224852071005
F1score=0.2731201382886776

threshold=0.012999999999999977
0(93) 0(92) 0(86) 0(83) 1(107) 0(89) 0(88) 
0(57) 0(94) 0(55) 1(108) 0(93) 0(87) 
0(68) 0(89) 1(99) 0(85) 0(64) 
0(63) 1(107) 0(94) 0(91) 
1(101) 0(72) 0(67) 
1(124) 1(124) 
1(129) 

0.4642857142857143
precise=0.504746835443038
recall=0.18731650029359953
F1score=0.2732334047109208

threshold=0.013099999999999976
0(93) 0(93) 0(86) 0(83) 1(107) 0(89) 0(88) 
0(58) 0(94) 0(55) 1(108) 0(93) 0(87) 
0(68) 0(89) 1(99) 0(85) 0(64) 
0(64) 1(107) 0(94) 0(91) 
1(102) 0(72) 0(67) 
1(124) 1(124) 
1(129) 

0.4642857142857143
precise=0.503125
recall=0.18764568764568765
F1score=0.2733446519524618

threshold=0.013199999999999976
0(93) 0(93) 0(86) 0(83) 1(107) 0(89) 0(89) 
0(59) 0(94) 0(55) 1(108) 0(93) 0(87) 
0(70) 0(89) 1(99) 0(85) 0(66) 
0(65) 1(108) 0(94) 0(92) 
1(102) 0(72) 0(67) 
1(124) 1(124) 
1(129) 

0.4642857142857143
precise=0.5015432098765432
recall=0.18796992481203006
F1score=0.27345393352965924

threshold=0.013299999999999975
0(93) 0(93) 0(86) 0(83) 1(107) 0(89) 0(89) 
0(60) 0(94) 0(55) 1(108) 0(94) 0(87) 
0(70) 0(90) 1(100) 0(85) 0(66) 
0(66) 1(108) 0(94) 0(92) 
1(102) 0(72) 0(67) 
1(124) 1(124) 
1(129) 

0.4642857142857143
precise=0.5
recall=0.18828932261768083
F1score=0.2735613010842369

threshold=0.013399999999999974
0(93) 0(93) 0(86) 0(84) 1(107) 0(89) 0(89) 
0(60) 0(94) 0(55) 1(108) 0(94) 0(88) 
0(71) 0(90) 1(100) 0(85) 0(66) 
0(68) 1(108) 0(94) 0(92) 
1(102) 0(72) 0(67) 
1(124) 1(124) 
1(129) 

0.4642857142857143
precise=0.49849397590361444
recall=0.1886039886039886
F1score=0.2736668044646548

threshold=0.013499999999999974
0(93) 0(93) 0(86) 0(84) 1(107) 0(89) 0(89) 
0(61) 0(95) 0(55) 1(108) 0(94) 0(89) 
0(71) 0(90) 1(100) 0(86) 0(66) 
0(68) 1(108) 0(94) 0(92) 
1(102) 0(72) 0(67) 
1(124) 1(124) 
1(129) 

0.4642857142857143
precise=0.49702380952380953
recall=0.18891402714932126
F1score=0.27377049180327867

threshold=0.013599999999999973
0(93) 0(93) 0(86) 0(84) 1(107) 0(89) 0(89) 
0(61) 0(95) 0(56) 1(108) 0(94) 0(89) 
0(71) 0(90) 1(100) 0(86) 0(67) 
0(68) 1(108) 0(94) 0(92) 
1(102) 0(72) 0(69) 
1(124) 1(124) 
1(129) 

0.4642857142857143
precise=0.49558823529411766
recall=0.18921953958450308
F1score=0.27387240958959774

threshold=0.013699999999999973
0(93) 0(93) 0(86) 0(84) 1(107) 0(89) 0(89) 
0(61) 0(95) 0(57) 1(108) 0(94) 0(89) 
0(71) 0(90) 1(101) 0(86) 0(67) 
0(68) 1(108) 0(94) 0(92) 
1(102) 0(72) 0(69) 
1(124) 1(124) 
1(129) 

0.4642857142857143
precise=0.4941860465116279
recall=0.189520624303233
F1score=0.273972602739726

threshold=0.013799999999999972
0(93) 0(93) 0(86) 0(84) 1(107) 0(89) 0(89) 
0(61) 0(95) 0(58) 1(109) 0(94) 0(89) 
0(71) 0(90) 1(102) 0(86) 0(67) 
0(68) 1(108) 0(94) 0(92) 
1(102) 0(72) 0(69) 
1(124) 1(124) 
1(129) 

0.4642857142857143
precise=0.492816091954023
recall=0.1898173768677366
F1score=0.27407111466240514

threshold=0.013899999999999971
0(93) 0(93) 0(86) 0(84) 1(107) 0(89) 0(89) 
0(61) 0(95) 0(59) 1(109) 0(94) 0(89) 
0(72) 0(91) 1(102) 0(86) 0(67) 
0(69) 1(108) 0(94) 0(92) 
1(102) 0(72) 0(69) 
1(124) 1(124) 
1(129) 

0.4642857142857143
precise=0.4914772727272727
recall=0.1901098901098901
F1score=0.27416798732171155

threshold=0.01399999999999997
0(93) 0(93) 0(86) 0(84) 1(107) 0(89) 0(89) 
0(62) 0(95) 0(59) 1(109) 0(94) 0(89) 
0(72) 0(91) 1(104) 0(86) 0(68) 
0(69) 1(110) 0(94) 0(92) 
1(102) 0(72) 0(69) 
1(124) 1(124) 
1(129) 

0.4642857142857143
precise=0.4901685393258427
recall=0.19039825422804146
F1score=0.2742632612966601

threshold=0.01409999999999997
0(93) 0(93) 0(86) 0(84) 1(108) 0(89) 0(89) 
0(62) 0(95) 0(60) 1(109) 0(94) 0(89) 
0(72) 0(91) 1(104) 0(86) 0(68) 
0(70) 1(110) 0(94) 0(92) 
1(102) 0(74) 0(69) 
1(124) 1(124) 
1(129) 

0.4642857142857143
precise=0.4888888888888889
recall=0.19068255687973998
F1score=0.27435697583788

threshold=0.01419999999999997
0(93) 0(93) 0(88) 0(84) 1(108) 0(89) 0(89) 
0(62) 0(95) 0(61) 1(109) 0(94) 0(89) 
0(72) 0(92) 1(104) 0(87) 0(69) 
0(70) 1(110) 0(94) 0(92) 
1(103) 0(74) 0(71) 
1(124) 1(124) 
1(129) 

0.4642857142857143
precise=0.4876373626373626
recall=0.1909628832705756
F1score=0.2744491689215307

threshold=0.014299999999999969
0(93) 0(93) 0(88) 0(84) 1(108) 0(89) 0(89) 
0(62) 1(96) 0(61) 1(109) 0(94) 0(89) 
0(72) 0(92) 1(104) 0(87) 0(69) 
0(70) 1(110) 0(94) 0(92) 
1(103) 0(74) 0(71) 
1(124) 1(124) 
1(129) 

0.5
precise=0.4871099050203528
recall=0.19177350427350429
F1score=0.27520122652357226

threshold=0.014399999999999968
0(93) 0(93) 0(88) 0(85) 1(108) 0(89) 0(89) 
0(62) 1(96) 0(61) 1(109) 0(94) 0(89) 
0(73) 0(92) 1(105) 0(87) 0(70) 
0(70) 1(110) 0(95) 0(92) 
1(104) 0(74) 0(71) 
1(124) 1(124) 
1(129) 

0.5
precise=0.4865951742627346
recall=0.19257294429708222
F1score=0.2759407069555302

threshold=0.014499999999999968
0(93) 0(94) 0(88) 0(85) 1(108) 0(89) 0(89) 
0(62) 1(96) 0(61) 1(109) 0(94) 0(89) 
0(74) 0(92) 1(105) 0(87) 0(70) 
0(71) 1(110) 0(95) 0(92) 
1(104) 0(74) 0(71) 
1(124) 1(124) 
1(130) 

0.5
precise=0.4860927152317881
recall=0.19336143308746048
F1score=0.2766679231059178

threshold=0.014599999999999967
0(93) 0(94) 0(88) 0(86) 1(108) 0(89) 0(89) 
0(64) 1(96) 0(63) 1(109) 0(94) 0(89) 
0(75) 0(92) 1(105) 0(87) 0(71) 
0(72) 1(110) 0(95) 0(92) 
1(104) 0(74) 0(72) 
1(124) 1(124) 
1(130) 

0.5
precise=0.4856020942408377
recall=0.19413919413919414
F1score=0.27738317757009345

threshold=0.014699999999999967
0(93) 0(94) 0(88) 0(86) 1(108) 0(89) 0(89) 
0(65) 1(96) 0(63) 1(109) 0(94) 0(89) 
0(75) 0(92) 1(106) 0(87) 0(71) 
0(73) 1(110) 0(95) 0(92) 
1(104) 0(74) 0(72) 
1(124) 1(124) 
1(130) 

0.5
precise=0.4851228978007762
recall=0.1949064449064449
F1score=0.27808676307007785

threshold=0.014799999999999966
0(94) 0(94) 0(88) 0(86) 1(108) 0(89) 0(89) 
0(65) 1(96) 0(63) 1(109) 0(95) 0(89) 
0(76) 0(92) 1(106) 0(87) 0(71) 
0(74) 1(110) 0(95) 0(92) 
1(104) 0(74) 0(72) 
1(124) 1(124) 
1(130) 

0.5
precise=0.4846547314578005
recall=0.1956633970056789
F1score=0.27877896285399045

threshold=0.014899999999999965
0(94) 0(94) 0(88) 0(86) 1(109) 0(89) 0(89) 
0(67) 1(96) 0(63) 1(109) 0(95) 0(89) 
0(76) 0(93) 1(106) 0(87) 0(72) 
0(74) 1(110) 0(95) 0(92) 
1(104) 0(75) 0(72) 
1(124) 1(125) 
1(130) 

0.5
precise=0.48419721871049304
recall=0.19641025641025642
F1score=0.27946005107624955

threshold=0.014999999999999965
0(94) 0(94) 0(88) 0(86) 1(109) 0(89) 0(89) 
0(68) 1(96) 0(63) 1(109) 0(95) 0(89) 
0(76) 0(93) 1(106) 0(87) 0(72) 
0(75) 1(110) 1(96) 0(92) 
1(104) 0(76) 0(72) 
1(124) 1(125) 
1(130) 

0.4642857142857143
precise=0.48314606741573035
recall=0.19714722363728987
F1score=0.28002894356005786

threshold=0.015099999999999964
0(94) 0(94) 0(88) 0(86) 1(109) 0(89) 0(90) 
0(69) 1(96) 0(63) 1(109) 1(96) 0(90) 
0(76) 0(93) 1(106) 0(87) 0(72) 
0(76) 1(110) 1(96) 0(92) 
1(104) 0(76) 0(73) 
1(124) 1(125) 
1(130) 

0.42857142857142855
precise=0.4815270935960591
recall=0.1978744939271255
F1score=0.2804878048780488

threshold=0.015199999999999964
0(94) 0(94) 0(88) 0(86) 1(109) 0(90) 0(90) 
0(70) 1(96) 0(63) 1(110) 1(96) 0(90) 
0(76) 0(94) 1(106) 0(87) 0(72) 
0(76) 1(110) 1(96) 0(92) 
1(105) 0(76) 0(73) 
1(124) 1(125) 
1(130) 

0.42857142857142855
precise=0.479951397326853
recall=0.19859225741578682
F1score=0.2809388335704125

threshold=0.015299999999999963
0(94) 0(94) 0(88) 0(86) 1(109) 0(91) 0(90) 
0(71) 1(96) 0(64) 1(110) 1(96) 0(90) 
0(76) 0(94) 1(106) 0(87) 0(73) 
0(76) 1(110) 1(96) 0(92) 
1(105) 0(76) 0(73) 
1(124) 1(125) 
1(130) 

0.42857142857142855
precise=0.4784172661870504
recall=0.1993006993006993
F1score=0.28138222849083216

threshold=0.015399999999999962
0(94) 0(95) 0(88) 0(86) 1(110) 0(91) 0(91) 
0(72) 1(96) 0(65) 1(110) 1(96) 0(90) 
0(76) 0(94) 1(106) 0(87) 0(73) 
0(77) 1(110) 1(96) 0(92) 
1(106) 0(77) 0(74) 
1(124) 1(125) 
1(130) 

0.42857142857142855
precise=0.47692307692307695
recall=0.2
F1score=0.2818181818181818

threshold=0.015499999999999962
0(94) 1(96) 0(88) 0(86) 1(110) 0(91) 0(91) 
0(72) 1(96) 0(66) 1(110) 1(96) 0(90) 
0(76) 0(94) 1(106) 0(87) 0(74) 
0(77) 1(110) 1(96) 0(92) 
1(107) 0(77) 0(74) 
1(124) 1(126) 
1(130) 

0.4642857142857143
precise=0.47607934655775963
recall=0.20118343195266272
F1score=0.282842287694974

threshold=0.015599999999999961
0(94) 1(96) 0(90) 0(86) 1(110) 0(91) 0(92) 
0(72) 1(96) 0(67) 1(110) 1(96) 0(90) 
0(76) 0(94) 1(108) 0(87) 0(74) 
0(79) 1(110) 1(96) 0(92) 
1(108) 0(77) 0(74) 
1(124) 1(126) 
1(130) 

0.4642857142857143
precise=0.475258918296893
recall=0.2023517883390495
F1score=0.2838487972508591

threshold=0.01569999999999996
0(94) 1(96) 0(90) 0(86) 1(110) 0(91) 0(92) 
0(72) 1(96) 0(67) 1(110) 1(96) 0(90) 
0(76) 0(94) 1(108) 0(87) 0(74) 
0(79) 1(110) 1(96) 0(92) 
1(109) 0(78) 0(74) 
1(124) 1(126) 
1(130) 

0.4642857142857143
precise=0.47446083995459704
recall=0.2035053554040896
F1score=0.2848381601362862

threshold=0.01579999999999996
0(94) 1(96) 0(90) 0(86) 1(110) 0(91) 0(92) 
0(72) 1(96) 0(67) 1(110) 1(96) 0(90) 
0(76) 0(94) 1(108) 0(87) 0(74) 
0(80) 1(110) 1(96) 0(92) 
1(109) 0(78) 0(74) 
1(124) 1(126) 
1(130) 

0.4642857142857143
precise=0.47368421052631576
recall=0.204644412191582
F1score=0.28581081081081083

threshold=0.01589999999999996
0(94) 1(96) 0(90) 0(86) 1(110) 0(91) 0(92) 
0(73) 1(96) 0(68) 1(110) 1(96) 0(90) 
0(77) 0(94) 1(108) 0(87) 0(74) 
0(80) 1(110) 1(96) 0(92) 
1(109) 0(78) 0(74) 
1(124) 1(126) 
1(130) 

0.4642857142857143
precise=0.47292817679558014
recall=0.20576923076923076
F1score=0.28676716917922945

threshold=0.01599999999999996
0(94) 1(97) 0(90) 0(86) 1(110) 0(91) 0(92) 
0(73) 1(96) 0(69) 1(110) 1(96) 0(90) 
0(77) 0(94) 1(108) 0(87) 0(75) 
0(80) 1(111) 1(96) 0(92) 
1(109) 0(78) 0(74) 
1(124) 1(126) 
1(130) 

0.4642857142857143
precise=0.4721919302071974
recall=0.20688007644529383
F1score=0.2877076411960133

threshold=0.016099999999999958
0(94) 1(97) 0(90) 0(86) 1(110) 0(91) 0(92) 
0(73) 1(96) 0(69) 1(110) 1(96) 0(90) 
0(77) 0(94) 1(108) 0(87) 0(75) 
0(80) 1(111) 1(96) 0(92) 
1(109) 0(78) 0(74) 
1(124) 1(126) 
1(130) 

0.4642857142857143
precise=0.4714747039827772
recall=0.20797720797720798
F1score=0.2886326194398682

threshold=0.016199999999999957
0(94) 1(97) 0(90) 0(86) 1(110) 0(91) 0(92) 
0(75) 1(96) 0(69) 1(110) 1(96) 0(90) 
0(77) 0(94) 1(108) 0(87) 0(75) 
0(81) 1(111) 1(96) 0(92) 
1(110) 0(78) 0(75) 
1(124) 1(126) 
1(130) 

0.4642857142857143
precise=0.4707757704569607
recall=0.2090608777725342
F1score=0.28954248366013075

threshold=0.016299999999999957
0(94) 1(97) 0(90) 0(86) 1(110) 0(91) 0(92) 
0(76) 1(96) 0(69) 1(110) 1(96) 0(90) 
0(78) 0(94) 1(108) 0(87) 0(75) 
0(81) 1(111) 1(96) 0(92) 
1(111) 0(78) 0(75) 
1(124) 1(126) 
1(130) 

0.4642857142857143
precise=0.4700944386149003
recall=0.2101313320825516
F1score=0.29043760129659646

threshold=0.016399999999999956
0(94) 1(97) 0(90) 0(86) 1(110) 0(91) 0(92) 
0(79) 1(96) 0(69) 1(110) 1(96) 0(90) 
0(78) 0(94) 1(108) 0(87) 0(75) 
0(81) 1(111) 1(97) 0(92) 
1(111) 0(78) 0(75) 
1(124) 1(126) 
1(130) 

0.4642857142857143
precise=0.4694300518134715
recall=0.2111888111888112
F1score=0.29131832797427654

threshold=0.016499999999999956
0(94) 1(97) 0(90) 0(87) 1(110) 0(91) 0(92) 
0(79) 1(96) 0(69) 1(110) 1(96) 0(90) 
0(78) 0(94) 1(108) 0(87) 0(75) 
0(81) 1(111) 1(97) 0(92) 
1(111) 0(78) 0(75) 
1(124) 1(126) 
1(130) 

0.4642857142857143
precise=0.4687819856704197
recall=0.21223354958294718
F1score=0.29218500797448166

threshold=0.016599999999999955
0(95) 1(97) 0(91) 0(87) 1(110) 0(91) 0(92) 
0(80) 1(97) 0(69) 1(110) 1(96) 0(90) 
0(78) 0(95) 1(109) 0(87) 0(75) 
0(81) 1(111) 1(99) 0(93) 
1(111) 0(78) 0(75) 
1(124) 1(126) 
1(130) 

0.4642857142857143
precise=0.46814964610717896
recall=0.21326577614002765
F1score=0.2930379746835443

threshold=0.016699999999999954
1(96) 1(97) 0(91) 0(87) 1(110) 0(91) 0(92) 
0(80) 1(97) 0(69) 1(110) 1(96) 0(90) 
0(80) 0(95) 1(109) 0(87) 0(75) 
0(83) 1(112) 1(100) 0(93) 
1(111) 0(78) 0(76) 
1(124) 1(126) 
1(130) 

0.5
precise=0.468063872255489
recall=0.21474358974358973
F1score=0.29441305712492155

threshold=0.016799999999999954
1(96) 1(97) 0(92) 0(87) 1(110) 0(91) 0(92) 
0(80) 1(97) 0(70) 1(110) 1(97) 0(90) 
0(80) 0(95) 1(109) 0(87) 0(75) 
0(83) 1(112) 1(100) 0(93) 
1(112) 0(78) 0(76) 
1(124) 1(126) 
1(130) 

0.5
precise=0.46798029556650245
recall=0.2162039144287665
F1score=0.2957658779576588

threshold=0.016899999999999953
1(96) 1(97) 0(92) 0(87) 1(110) 0(91) 0(93) 
0(81) 1(97) 0(70) 1(110) 1(97) 0(90) 
0(80) 0(95) 1(109) 0(87) 0(75) 
0(83) 1(112) 1(100) 0(93) 
1(112) 0(78) 0(76) 
1(124) 1(126) 
1(130) 

0.5
precise=0.4678988326848249
recall=0.21764705882352942
F1score=0.2970969734403953

threshold=0.016999999999999953
1(97) 1(97) 0(92) 0(87) 1(110) 0(91) 0(93) 
0(81) 1(97) 0(70) 1(110) 1(97) 0(90) 
0(80) 0(95) 1(109) 0(87) 0(75) 
0(83) 1(112) 1(100) 0(93) 
1(112) 0(79) 0(76) 
1(124) 1(126) 
1(130) 

0.5
precise=0.4678194044188281
recall=0.21907332433648224
F1score=0.29840686274509803

threshold=0.017099999999999952
1(97) 1(97) 0(92) 0(87) 1(110) 0(91) 0(93) 
0(81) 1(97) 0(72) 1(110) 1(97) 0(90) 
0(80) 0(95) 1(109) 0(87) 0(75) 
0(83) 1(112) 1(100) 0(93) 
1(112) 0(79) 0(76) 
1(124) 1(126) 
1(130) 

0.5
precise=0.46774193548387094
recall=0.2204830053667263
F1score=0.2996960486322188

threshold=0.01719999999999995
1(97) 1(97) 0(92) 0(87) 1(110) 0(91) 0(93) 
0(81) 1(97) 0(72) 1(110) 1(97) 0(90) 
0(80) 0(95) 1(109) 0(87) 0(75) 
0(83) 1(112) 1(100) 0(93) 
1(112) 0(79) 0(76) 
1(124) 1(126) 
1(130) 

0.5
precise=0.4676663542642924
recall=0.2218763895064473
F1score=0.30096501809408926

threshold=0.01729999999999995
1(97) 1(97) 0(92) 0(87) 1(110) 0(92) 0(93) 
0(81) 1(98) 0(74) 1(110) 1(97) 0(90) 
0(81) 1(96) 1(109) 0(87) 0(75) 
0(85) 1(112) 1(100) 0(94) 
1(112) 0(79) 0(76) 
1(124) 1(126) 
1(130) 

0.5357142857142857
precise=0.46808510638297873
recall=0.22369584438549955
F1score=0.30272210589291054

threshold=0.01739999999999995
1(97) 1(97) 0(93) 0(87) 1(110) 0(92) 0(93) 
0(82) 1(98) 0(75) 1(110) 1(97) 0(90) 
0(81) 1(96) 1(109) 0(87) 0(75) 
0(85) 1(112) 1(100) 0(94) 
1(112) 0(79) 0(76) 
1(124) 1(126) 
1(130) 

0.5357142857142857
precise=0.4684931506849315
recall=0.2254945054945055
F1score=0.30445103857566763

threshold=0.01749999999999995
1(97) 1(98) 0(93) 0(87) 1(110) 0(92) 0(93) 
0(84) 1(98) 0(75) 1(110) 1(97) 0(90) 
0(82) 1(96) 1(109) 0(87) 0(75) 
0(85) 1(112) 1(100) 0(94) 
1(112) 0(79) 0(76) 
1(124) 1(126) 
1(130) 

0.5357142857142857
precise=0.4688908926961226
recall=0.22727272727272727
F1score=0.30615248748896084

threshold=0.01759999999999995
1(97) 1(98) 0(93) 0(88) 1(110) 0(93) 0(93) 
0(84) 1(98) 0(75) 1(110) 1(97) 0(90) 
0(82) 1(96) 1(109) 0(87) 0(76) 
0(85) 1(112) 1(100) 0(94) 
1(112) 0(79) 0(76) 
1(124) 1(126) 
1(130) 

0.5357142857142857
precise=0.4692787177203918
recall=0.22903085614950022
F1score=0.3078271028037383

threshold=0.01769999999999995
1(97) 1(98) 0(93) 0(88) 1(110) 0(93) 0(93) 
0(84) 1(98) 0(76) 1(110) 1(97) 0(90) 
0(82) 1(96) 1(109) 0(87) 0(77) 
0(85) 1(112) 1(100) 0(94) 
1(112) 0(79) 0(76) 
1(124) 1(126) 
1(130) 

0.5357142857142857
precise=0.46965699208443273
recall=0.23076923076923078
F1score=0.3094755143436685

threshold=0.017799999999999948
1(97) 1(98) 0(94) 0(88) 1(110) 0(93) 0(93) 
0(84) 1(98) 0(76) 1(110) 1(97) 0(90) 
0(83) 1(96) 1(110) 0(87) 0(77) 
0(86) 1(112) 1(101) 0(94) 
1(112) 0(79) 0(77) 
1(124) 1(126) 
1(130) 

0.5357142857142857
precise=0.47002606429192006
recall=0.2324881822088526
F1score=0.3110983323749281

threshold=0.017899999999999947
1(98) 1(98) 0(94) 0(88) 1(110) 0(93) 0(93) 
0(85) 1(98) 0(76) 1(110) 1(97) 0(90) 
0(85) 1(96) 1(110) 0(87) 0(78) 
0(86) 1(112) 1(101) 0(94) 
1(112) 0(79) 0(77) 
1(124) 1(126) 
1(130) 

0.5357142857142857
precise=0.4703862660944206
recall=0.2341880341880342
F1score=0.31269614835948645

threshold=0.017999999999999947
1(98) 1(98) 0(95) 0(88) 1(110) 0(93) 0(93) 
0(85) 1(98) 0(77) 1(110) 1(97) 0(90) 
0(85) 1(96) 1(110) 0(87) 0(79) 
0(86) 1(112) 1(101) 0(94) 
1(112) 0(79) 0(77) 
1(124) 1(126) 
1(130) 

0.5357142857142857
precise=0.4707379134860051
recall=0.2358691032724182
F1score=0.3142695356738392

threshold=0.018099999999999946
1(98) 1(98) 0(95) 0(88) 1(110) 0(93) 0(93) 
0(86) 1(98) 0(77) 1(110) 1(97) 0(90) 
0(86) 1(96) 1(110) 0(87) 0(79) 
0(86) 1(112) 1(101) 0(94) 
1(112) 0(79) 0(77) 
1(124) 1(126) 
1(130) 

0.5357142857142857
precise=0.471081307627829
recall=0.2375316990701606
F1score=0.3158190502950267

threshold=0.018199999999999945
1(98) 1(98) 1(96) 0(88) 1(110) 0(94) 0(93) 
0(87) 1(98) 0(77) 1(110) 1(97) 0(90) 
0(86) 1(96) 1(110) 0(87) 0(79) 
0(86) 1(112) 1(101) 0(94) 
1(112) 0(79) 0(77) 
1(124) 1(126) 
1(130) 

0.5714285714285714
precise=0.4718543046357616
recall=0.23959646910466584
F1score=0.3178143295232785

threshold=0.018299999999999945
1(98) 1(99) 1(96) 0(88) 1(110) 0(94) 0(93) 
0(87) 1(98) 0(77) 1(110) 1(97) 0(91) 
0(86) 1(96) 1(110) 0(87) 0(79) 
0(86) 1(112) 1(101) 0(94) 
1(112) 0(79) 0(78) 
1(124) 1(126) 
1(130) 

0.5714285714285714
precise=0.47260834014717906
recall=0.24163879598662208
F1score=0.3197786998616874

threshold=0.018399999999999944
1(98) 1(99) 1(96) 0(88) 1(110) 0(94) 0(94) 
0(88) 1(98) 0(78) 1(110) 1(97) 0(91) 
0(86) 1(96) 1(110) 0(87) 0(80) 
0(86) 1(112) 1(101) 0(94) 
1(112) 0(79) 0(79) 
1(124) 1(126) 
1(130) 

0.5714285714285714
precise=0.47334410339256866
recall=0.24365904365904367
F1score=0.321712874004941

threshold=0.018499999999999944
1(98) 1(99) 1(96) 0(88) 1(110) 0(94) 0(94) 
0(89) 1(99) 0(79) 1(110) 1(97) 0(91) 
0(86) 1(96) 1(110) 0(87) 0(80) 
0(86) 1(112) 1(101) 0(94) 
1(112) 0(79) 0(79) 
1(124) 1(126) 
1(130) 

0.5714285714285714
precise=0.47406225059856344
recall=0.2456575682382134
F1score=0.3236175429038409

threshold=0.018599999999999943
1(98) 1(99) 1(96) 0(88) 1(110) 0(94) 0(94) 
0(90) 1(99) 0(79) 1(110) 1(97) 0(91) 
0(86) 1(96) 1(110) 0(87) 0(80) 
0(86) 1(112) 1(101) 0(94) 
1(112) 0(79) 0(81) 
1(124) 1(126) 
1(130) 

0.5714285714285714
precise=0.4747634069400631
recall=0.24763471822295352
F1score=0.3254933765882671

threshold=0.018699999999999942
1(98) 1(100) 1(96) 0(88) 1(110) 0(95) 0(94) 
0(90) 1(99) 0(79) 1(110) 1(97) 0(91) 
0(87) 1(96) 1(111) 0(87) 0(80) 
0(86) 1(112) 1(101) 0(94) 
1(112) 0(79) 0(82) 
1(124) 1(126) 
1(130) 

0.5714285714285714
precise=0.475448168355417
recall=0.24959083469721768
F1score=0.32734102495304535

threshold=0.018799999999999942
1(98) 1(100) 1(96) 0(88) 1(110) 0(95) 0(94) 
0(91) 1(99) 0(80) 1(110) 1(97) 0(91) 
0(87) 1(96) 1(111) 0(87) 0(80) 
0(86) 1(112) 1(101) 0(95) 
1(112) 0(79) 0(82) 
1(124) 1(126) 
1(130) 

0.5714285714285714
precise=0.4761171032357473
recall=0.2515262515262515
F1score=0.32916111850865515

threshold=0.01889999999999994
1(98) 1(100) 1(96) 0(88) 1(110) 0(95) 0(94) 
0(91) 1(99) 0(80) 1(110) 1(97) 0(91) 
0(89) 1(98) 1(111) 0(87) 0(82) 
0(86) 1(112) 1(101) 0(95) 
1(112) 0(79) 0(82) 
1(124) 1(126) 
1(130) 

0.5714285714285714
precise=0.4767707539984768
recall=0.2534412955465587
F1score=0.330954269098599

threshold=0.01899999999999994
1(99) 1(100) 1(96) 0(88) 1(110) 0(95) 0(94) 
0(91) 1(99) 0(80) 1(110) 1(97) 0(91) 
0(89) 1(98) 1(111) 0(87) 0(82) 
0(86) 1(112) 1(101) 0(95) 
1(112) 0(79) 0(83) 
1(124) 1(126) 
1(130) 

0.5714285714285714
precise=0.47740963855421686
recall=0.25533628674989933
F1score=0.33272107058514827

threshold=0.01909999999999994
1(99) 1(100) 1(96) 0(88) 1(110) 0(95) 0(94) 
0(91) 1(99) 0(80) 1(110) 1(97) 0(91) 
0(90) 1(98) 1(112) 0(87) 0(83) 
0(86) 1(113) 1(101) 0(95) 
1(112) 0(79) 0(83) 
1(124) 1(126) 
1(130) 

0.5714285714285714
precise=0.4780342516753537
recall=0.25721153846153844
F1score=0.33446209950507944

threshold=0.01919999999999994
1(99) 1(100) 1(96) 0(88) 1(111) 0(95) 0(94) 
0(91) 1(99) 0(80) 1(110) 1(97) 0(91) 
0(91) 1(98) 1(113) 0(87) 0(83) 
0(86) 1(113) 1(101) 0(95) 
1(112) 0(79) 0(83) 
1(124) 1(126) 
1(130) 

0.5714285714285714
precise=0.4786450662739323
recall=0.25906735751295334
F1score=0.3361779156969227

threshold=0.01929999999999994
1(99) 1(100) 1(96) 0(89) 1(111) 0(95) 0(94) 
0(91) 1(99) 0(80) 1(110) 1(97) 0(91) 
0(92) 1(99) 1(113) 0(87) 0(83) 
0(86) 1(113) 1(101) 0(95) 
1(112) 0(79) 0(83) 
1(124) 1(126) 
1(130) 

0.5714285714285714
precise=0.47924253459577565
recall=0.26090404440919907
F1score=0.3378690629011553

threshold=0.019399999999999938
1(99) 1(100) 1(96) 0(89) 1(111) 0(95) 0(94) 
0(91) 1(99) 0(81) 1(110) 1(97) 0(91) 
0(92) 1(99) 1(113) 0(87) 0(83) 
0(86) 1(113) 1(101) 0(95) 
1(112) 0(80) 0(83) 
1(124) 1(126) 
1(130) 

0.5714285714285714
precise=0.47982708933717577
recall=0.26272189349112424
F1score=0.3395360693346928

threshold=0.019499999999999938
1(99) 1(100) 1(96) 0(90) 1(111) 0(95) 0(94) 
0(91) 1(99) 0(81) 1(110) 1(97) 0(91) 
0(92) 1(99) 1(113) 0(87) 0(84) 
0(87) 1(113) 1(101) 0(95) 
1(112) 0(80) 0(83) 
1(124) 1(126) 
1(130) 

0.5714285714285714
precise=0.4803991446899501
recall=0.2645211930926217
F1score=0.34117944824095164

threshold=0.019599999999999937
1(99) 1(100) 1(96) 0(90) 1(112) 0(95) 0(94) 
0(91) 1(99) 0(81) 1(110) 1(97) 0(91) 
0(92) 1(99) 1(113) 0(87) 0(85) 
0(88) 1(113) 1(101) 0(95) 
1(112) 0(81) 0(83) 
1(124) 1(126) 
1(130) 

0.5714285714285714
precise=0.4809590973201692
recall=0.26630222569308865
F1score=0.3427996984166876

threshold=0.019699999999999936
1(99) 1(100) 1(96) 0(90) 1(113) 1(97) 0(94) 
0(91) 1(100) 0(82) 1(110) 1(97) 0(91) 
0(93) 1(99) 1(113) 0(87) 0(86) 
0(88) 1(114) 1(101) 0(95) 
1(112) 0(81) 0(83) 
1(124) 1(126) 
1(130) 

0.5357142857142857
precise=0.4811715481171548
recall=0.2680652680652681
F1score=0.344311377245509

threshold=0.019799999999999936
1(99) 1(100) 1(96) 0(90) 1(113) 1(97) 0(94) 
0(92) 1(100) 0(82) 1(110) 1(97) 0(91) 
0(93) 1(99) 1(113) 0(87) 0(86) 
0(88) 1(114) 1(101) 0(95) 
1(112) 0(81) 0(83) 
1(124) 1(126) 
1(130) 

0.5357142857142857
precise=0.48137931034482756
recall=0.2698105914186316
F1score=0.3458013376269507

threshold=0.019899999999999935
1(99) 1(100) 1(96) 0(90) 1(113) 1(97) 0(94) 
0(92) 1(100) 0(82) 1(110) 1(97) 0(91) 
0(93) 1(99) 1(113) 0(87) 0(86) 
0(88) 1(114) 1(101) 0(95) 
1(112) 0(82) 0(83) 
1(124) 1(126) 
1(130) 

0.5357142857142857
precise=0.4815825375170532
recall=0.27153846153846156
F1score=0.3472700442695524

threshold=0.019999999999999934
1(99) 1(100) 1(96) 0(90) 1(113) 1(97) 0(94) 
0(92) 1(100) 0(82) 1(110) 1(98) 0(92) 
0(93) 1(99) 1(113) 0(87) 0(86) 
0(88) 1(114) 1(101) 0(95) 
1(112) 0(82) 0(84) 
1(124) 1(126) 
1(130) 

0.5357142857142857
precise=0.4817813765182186
recall=0.27324913892078073
F1score=0.3487179487179487

Max accuracy is 0.5714285714285714 at threshold 0.019599999999999937
Max precise is 1.0 at threshold 0.0005
Max recall is 0.27324913892078073 at threshold 0.019999999999999934
Max F1score is 0.3487179487179487 at threshold 0.019999999999999934
