threshold=0.0
0(0) 0(0) 0(18) 0(0) 0(3) 0(0) 0(0) 0(0) 
0(0) 0(18) 0(0) 0(3) 0(0) 0(0) 0(0) 
0(18) 0(0) 0(3) 0(0) 0(0) 0(0) 
0(18) 0(19) 0(18) 0(18) 0(18) 
0(3) 0(0) 0(0) 0(0) 
0(3) 0(3) 0(3) 
0(0) 0(0) 
0(0) 

0.6666666666666666
precise=0.3160166432408002
recall=0.0
F1score=0.0

threshold=0.0001
0(2) 0(8) 0(20) 0(8) 0(3) 0(8) 0(0) 0(1) 
0(0) 0(22) 0(0) 0(11) 0(6) 0(0) 0(10) 
0(18) 0(10) 0(3) 0(3) 0(0) 0(0) 
0(19) 0(23) 0(19) 0(18) 0(25) 
0(3) 0(5) 0(0) 0(0) 
0(8) 0(3) 0(21) 
0(0) 0(4) 
0(0) 

0.6666666666666666
precise=0.3160166432408002
recall=0.0
F1score=0.0

threshold=0.0002
0(4) 0(10) 0(21) 0(13) 0(3) 0(11) 0(0) 0(1) 
0(0) 0(23) 0(1) 0(17) 0(11) 0(0) 0(19) 
0(19) 0(13) 0(3) 0(5) 0(0) 0(0) 
0(19) 0(24) 0(22) 0(18) 0(25) 
0(3) 0(7) 0(0) 0(0) 
0(8) 0(3) 0(31) 
0(0) 0(6) 
0(0) 

0.6666666666666666
precise=0.3160166432408002
recall=0.0
F1score=0.0

threshold=0.00030000000000000003
0(4) 0(11) 0(21) 0(17) 0(3) 0(14) 0(0) 0(1) 
0(0) 0(24) 0(1) 0(19) 0(13) 0(0) 0(24) 
0(20) 0(18) 0(3) 0(6) 0(0) 0(0) 
0(19) 0(27) 0(22) 0(18) 0(25) 
0(3) 0(8) 0(0) 0(0) 
0(10) 0(3) 0(35) 
0(0) 0(7) 
0(0) 

0.6666666666666666
precise=0.3160166432408002
recall=0.0
F1score=0.0

threshold=0.0004
0(4) 0(12) 0(22) 0(20) 0(3) 0(17) 0(0) 0(1) 
0(1) 0(27) 0(2) 0(22) 0(16) 0(0) 0(30) 
0(20) 0(21) 0(3) 0(6) 0(0) 0(0) 
0(20) 0(29) 0(24) 0(18) 0(27) 
0(3) 0(9) 0(0) 0(0) 
0(11) 0(3) 1(37) 
0(0) 0(7) 
0(0) 

0.6388888888888888
precise=0.0
recall=0.0
F1score=0.0

threshold=0.0005
0(4) 0(13) 0(24) 0(22) 0(3) 0(17) 0(0) 0(1) 
0(1) 0(29) 0(2) 0(25) 0(17) 0(0) 0(32) 
0(20) 0(24) 0(3) 0(6) 0(0) 0(1) 
0(21) 0(32) 0(26) 0(18) 0(28) 
0(3) 0(10) 0(0) 0(0) 
0(12) 0(3) 1(37) 
0(0) 0(10) 
0(0) 

0.6388888888888888
precise=0.0
recall=0.0
F1score=0.0

threshold=0.0006000000000000001
0(4) 0(14) 0(24) 0(23) 0(3) 0(19) 0(0) 0(1) 
0(1) 0(31) 0(3) 0(27) 0(17) 0(0) 0(34) 
0(20) 0(26) 0(3) 0(8) 0(0) 0(1) 
0(21) 0(32) 0(26) 0(18) 0(30) 
0(3) 0(10) 0(0) 0(0) 
0(12) 0(3) 1(39) 
0(0) 0(10) 
0(0) 

0.6388888888888888
precise=0.0
recall=0.0
F1score=0.0

threshold=0.0007000000000000001
0(6) 0(16) 0(24) 0(25) 0(4) 0(21) 0(0) 0(1) 
0(1) 0(33) 0(3) 0(28) 0(19) 0(0) 0(35) 
0(20) 0(28) 0(3) 0(8) 0(0) 0(1) 
0(21) 0(32) 0(26) 0(18) 0(30) 
0(3) 0(10) 0(0) 0(0) 
0(12) 0(3) 1(40) 
0(0) 0(11) 
0(0) 

0.6388888888888888
precise=0.0
recall=0.0
F1score=0.0

threshold=0.0008000000000000001
0(6) 0(17) 0(25) 0(26) 0(4) 0(24) 0(0) 0(1) 
0(2) 0(33) 0(3) 0(28) 0(23) 0(0) 1(39) 
0(20) 0(29) 0(3) 0(9) 0(0) 0(1) 
0(21) 0(36) 0(26) 0(18) 0(30) 
0(3) 0(10) 0(0) 0(0) 
0(14) 0(3) 1(41) 
0(0) 0(11) 
0(0) 

0.6111111111111112
precise=0.0
recall=0.0
F1score=0.0

threshold=0.0009000000000000002
0(6) 0(19) 0(25) 0(27) 0(5) 0(24) 0(0) 0(1) 
0(2) 0(33) 0(3) 0(29) 0(26) 0(0) 1(39) 
0(20) 0(30) 0(3) 0(9) 0(0) 0(1) 
0(21) 1(37) 0(26) 0(18) 0(32) 
0(3) 0(11) 0(0) 0(0) 
0(15) 0(3) 1(42) 
0(0) 0(14) 
0(0) 

0.5833333333333334
precise=0.0
recall=0.0
F1score=0.0

threshold=0.0010000000000000002
0(7) 0(21) 0(25) 0(29) 0(5) 0(26) 0(0) 0(1) 
0(2) 0(34) 0(3) 0(29) 0(28) 0(0) 1(39) 
0(21) 0(31) 0(3) 0(10) 0(0) 0(1) 
0(21) 1(38) 0(28) 0(18) 0(32) 
0(3) 0(12) 0(0) 0(0) 
0(15) 0(3) 1(44) 
0(0) 0(16) 
0(0) 

0.5833333333333334
precise=0.0
recall=0.0
F1score=0.0

threshold=0.0011000000000000003
0(8) 0(21) 0(26) 0(30) 0(5) 0(28) 0(0) 0(1) 
0(2) 0(36) 0(3) 0(29) 0(29) 0(0) 1(39) 
0(21) 0(34) 0(3) 0(10) 0(0) 0(1) 
0(23) 1(38) 0(30) 0(18) 0(33) 
0(3) 0(12) 0(0) 0(0) 
0(15) 0(3) 1(44) 
0(0) 0(19) 
0(0) 

0.5833333333333334
precise=0.0
recall=0.0
F1score=0.0

threshold=0.0012000000000000003
0(8) 0(21) 0(27) 0(30) 0(5) 0(29) 0(0) 0(1) 
0(2) 1(38) 0(3) 0(30) 0(30) 0(0) 1(40) 
0(21) 0(34) 0(3) 0(10) 0(0) 0(1) 
0(23) 1(38) 0(30) 0(18) 0(33) 
0(3) 0(13) 0(0) 0(0) 
0(17) 0(3) 1(44) 
0(0) 0(19) 
0(0) 

0.6111111111111112
precise=0.05263157894736842
recall=0.00641025641025641
F1score=0.011428571428571429

threshold=0.0013000000000000004
0(9) 0(21) 0(27) 0(32) 0(5) 0(29) 0(0) 0(1) 
0(2) 1(38) 0(3) 0(30) 0(32) 0(0) 1(41) 
0(21) 0(35) 0(3) 0(10) 0(0) 0(1) 
0(23) 1(38) 0(31) 0(18) 0(35) 
0(3) 0(13) 0(0) 0(0) 
0(18) 0(3) 1(46) 
0(0) 0(22) 
0(0) 

0.6111111111111112
precise=0.08695652173913043
recall=0.011904761904761904
F1score=0.020942408376963352

threshold=0.0014000000000000004
0(10) 0(22) 0(27) 0(34) 0(5) 0(30) 0(0) 0(1) 
0(2) 1(38) 0(3) 0(31) 0(32) 0(0) 1(41) 
0(22) 0(35) 0(3) 0(11) 0(0) 0(1) 
0(23) 1(39) 0(31) 0(18) 0(35) 
0(3) 0(13) 0(0) 0(0) 
0(18) 0(3) 1(46) 
0(0) 0(22) 
0(0) 

0.6111111111111112
precise=0.1111111111111111
recall=0.016666666666666666
F1score=0.028985507246376812

threshold=0.0015000000000000005
0(11) 0(23) 0(27) 0(35) 0(5) 0(32) 0(0) 0(2) 
0(3) 1(39) 0(4) 0(34) 0(34) 0(0) 1(42) 
0(22) 0(35) 0(3) 0(11) 0(0) 0(1) 
0(23) 1(39) 0(31) 0(18) 0(35) 
0(3) 0(15) 0(0) 0(0) 
0(18) 0(3) 1(46) 
0(0) 0(22) 
0(0) 

0.6111111111111112
precise=0.12903225806451613
recall=0.020833333333333332
F1score=0.03587443946188341

threshold=0.0016000000000000005
0(11) 0(25) 0(28) 0(36) 0(5) 0(33) 0(0) 0(3) 
0(3) 1(39) 0(4) 0(36) 0(35) 0(0) 1(44) 
0(22) 1(37) 0(3) 0(11) 0(0) 0(1) 
0(23) 1(39) 0(32) 0(18) 0(35) 
0(3) 0(15) 0(0) 0(0) 
0(21) 0(3) 1(47) 
0(0) 0(22) 
0(0) 

0.5833333333333334
precise=0.1388888888888889
recall=0.024509803921568627
F1score=0.041666666666666664

threshold=0.0017000000000000006
0(11) 0(26) 0(28) 0(36) 0(5) 0(35) 0(0) 0(3) 
0(3) 1(39) 0(4) 1(37) 0(35) 0(0) 1(44) 
0(22) 1(38) 0(3) 0(11) 0(0) 0(1) 
0(23) 1(39) 0(34) 0(19) 0(35) 
0(3) 0(16) 0(0) 0(0) 
0(24) 0(3) 1(47) 
0(0) 0(23) 
0(0) 

0.5555555555555556
precise=0.14285714285714285
recall=0.027777777777777776
F1score=0.046511627906976744

threshold=0.0018000000000000006
0(13) 0(26) 0(28) 0(36) 0(7) 0(35) 0(0) 0(3) 
0(3) 1(39) 0(4) 1(38) 0(35) 0(0) 1(44) 
0(22) 1(40) 0(3) 0(11) 0(0) 0(1) 
0(23) 1(39) 0(34) 0(19) 0(35) 
0(4) 0(16) 0(0) 0(0) 
0(24) 0(3) 1(47) 
0(0) 0(24) 
0(0) 

0.5555555555555556
precise=0.14583333333333334
recall=0.03070175438596491
F1score=0.050724637681159424

threshold=0.0019000000000000006
0(13) 0(26) 0(28) 1(39) 0(7) 0(36) 0(0) 0(3) 
0(3) 1(39) 0(4) 1(39) 0(35) 0(0) 1(44) 
0(22) 1(41) 0(3) 0(11) 0(0) 0(1) 
0(23) 1(39) 0(34) 0(19) 0(36) 
0(4) 0(16) 0(0) 0(0) 
0(24) 0(3) 1(48) 
0(0) 0(24) 
0(0) 

0.5277777777777778
precise=0.14545454545454545
recall=0.03333333333333333
F1score=0.05423728813559322

threshold=0.0020000000000000005
0(15) 0(26) 0(30) 1(40) 0(7) 1(37) 0(0) 0(5) 
0(3) 1(39) 0(4) 1(39) 0(36) 0(0) 1(44) 
0(22) 1(41) 0(3) 0(12) 0(0) 0(1) 
0(23) 1(39) 0(34) 0(19) 1(37) 
0(4) 0(16) 0(0) 0(0) 
0(24) 0(3) 1(48) 
0(0) 0(24) 
0(0) 

0.4722222222222222
precise=0.140625
recall=0.03571428571428571
F1score=0.056962025316455694

threshold=0.0021000000000000003
0(15) 0(30) 0(30) 1(41) 0(8) 1(37) 0(0) 0(5) 
0(3) 1(39) 0(4) 1(40) 0(36) 0(0) 1(44) 
0(22) 1(41) 0(3) 0(13) 0(0) 0(1) 
0(24) 1(40) 0(34) 0(19) 1(37) 
0(4) 0(17) 0(0) 0(0) 
0(25) 0(3) 1(48) 
0(0) 0(26) 
0(0) 

0.4722222222222222
precise=0.136986301369863
recall=0.03787878787878788
F1score=0.05934718100890208

threshold=0.0022
0(16) 0(31) 0(31) 1(41) 0(8) 1(37) 0(0) 0(5) 
0(4) 1(41) 0(4) 1(41) 1(37) 0(0) 1(44) 
0(22) 1(42) 0(3) 0(13) 0(0) 0(1) 
0(24) 1(40) 0(34) 0(19) 1(37) 
0(4) 0(17) 0(0) 0(1) 
0(25) 0(3) 1(48) 
0(0) 0(26) 
0(0) 

0.4444444444444444
precise=0.13253012048192772
recall=0.03985507246376811
F1score=0.06128133704735376

threshold=0.0023
0(17) 0(32) 0(31) 1(42) 0(9) 1(37) 0(0) 0(5) 
0(5) 1(41) 0(4) 1(42) 1(37) 0(0) 1(44) 
0(23) 1(42) 0(3) 0(13) 0(0) 0(1) 
0(24) 1(41) 0(34) 0(19) 1(37) 
0(4) 0(18) 0(0) 0(1) 
0(25) 0(3) 1(48) 
0(0) 0(28) 
0(0) 

0.4444444444444444
precise=0.12903225806451613
recall=0.041666666666666664
F1score=0.06299212598425197

threshold=0.0024
0(18) 0(32) 0(31) 1(42) 0(9) 1(37) 0(0) 0(5) 
0(6) 1(41) 0(4) 1(42) 1(37) 0(0) 1(44) 
0(23) 1(43) 0(3) 0(15) 0(0) 0(1) 
0(24) 1(41) 0(35) 0(19) 1(37) 
0(4) 0(22) 0(0) 0(1) 
0(25) 0(3) 1(48) 
0(0) 0(28) 
0(0) 

0.4444444444444444
precise=0.1262135922330097
recall=0.043333333333333335
F1score=0.06451612903225806

threshold=0.0024999999999999996
0(19) 0(32) 0(31) 1(43) 0(10) 1(37) 0(0) 0(5) 
0(6) 1(41) 0(4) 1(42) 1(37) 0(0) 1(45) 
0(23) 1(43) 0(3) 0(15) 0(0) 0(1) 
0(24) 1(41) 0(35) 0(19) 1(37) 
0(4) 0(23) 0(0) 0(1) 
0(25) 0(3) 1(48) 
0(0) 0(29) 
0(0) 

0.4444444444444444
precise=0.12389380530973451
recall=0.04487179487179487
F1score=0.06588235294117648

threshold=0.0025999999999999994
0(19) 0(32) 0(31) 1(44) 0(10) 1(37) 0(0) 0(5) 
0(6) 1(42) 0(4) 1(42) 1(38) 0(0) 1(46) 
0(23) 1(43) 0(3) 0(15) 0(0) 0(1) 
0(25) 1(41) 0(35) 0(19) 1(39) 
0(4) 0(24) 0(0) 0(1) 
0(26) 0(3) 1(48) 
0(0) 0(29) 
0(0) 

0.4444444444444444
precise=0.12195121951219512
recall=0.046296296296296294
F1score=0.06711409395973154

threshold=0.0026999999999999993
0(20) 0(33) 0(31) 1(44) 0(10) 1(37) 0(0) 0(5) 
0(6) 1(42) 0(4) 1(42) 1(39) 0(0) 1(47) 
0(23) 1(45) 0(3) 0(15) 0(0) 0(1) 
0(25) 1(41) 0(36) 0(19) 1(39) 
0(4) 0(24) 0(0) 0(1) 
0(26) 0(3) 1(48) 
0(0) 0(29) 
0(0) 

0.4444444444444444
precise=0.12030075187969924
recall=0.047619047619047616
F1score=0.06823027718550106

threshold=0.002799999999999999
0(20) 0(33) 0(31) 1(45) 0(10) 1(38) 0(0) 0(6) 
0(7) 1(42) 0(4) 1(42) 1(39) 0(0) 1(47) 
0(24) 1(45) 0(3) 0(15) 0(0) 0(1) 
0(25) 1(41) 0(36) 0(19) 1(39) 
0(4) 0(24) 0(0) 0(1) 
0(26) 0(3) 1(48) 
0(0) 0(29) 
0(0) 

0.4444444444444444
precise=0.11888111888111888
recall=0.04885057471264368
F1score=0.06924643584521385

threshold=0.002899999999999999
0(22) 0(33) 0(31) 1(46) 0(11) 1(39) 0(0) 0(8) 
0(7) 1(42) 0(4) 1(43) 1(41) 0(0) 1(47) 
0(24) 1(47) 0(4) 0(15) 0(0) 0(1) 
0(25) 1(41) 0(36) 0(19) 1(40) 
0(4) 0(24) 0(0) 0(1) 
0(26) 0(3) 1(48) 
0(0) 0(30) 
0(0) 

0.4444444444444444
precise=0.11764705882352941
recall=0.05
F1score=0.07017543859649122

threshold=0.0029999999999999988
0(23) 0(33) 0(32) 1(46) 0(11) 1(40) 0(0) 0(8) 
0(8) 1(43) 0(4) 1(44) 1(41) 0(0) 1(47) 
0(24) 1(47) 0(4) 0(16) 0(0) 0(1) 
0(25) 1(41) 0(36) 0(19) 1(41) 
0(4) 0(24) 0(0) 0(1) 
0(26) 0(3) 1(48) 
0(0) 0(31) 
0(0) 

0.4444444444444444
precise=0.1165644171779141
recall=0.051075268817204304
F1score=0.07102803738317758

threshold=0.0030999999999999986
0(24) 0(34) 0(32) 1(47) 0(12) 1(41) 0(0) 0(8) 
0(8) 1(44) 0(4) 1(44) 1(41) 0(0) 1(47) 
0(24) 1(47) 0(4) 0(16) 0(0) 0(1) 
0(25) 1(42) 1(37) 0(19) 1(42) 
0(4) 0(25) 0(0) 0(1) 
0(27) 0(3) 1(48) 
0(0) 0(31) 
0(0) 

0.4166666666666667
precise=0.11494252873563218
recall=0.052083333333333336
F1score=0.07168458781362007

threshold=0.0031999999999999984
0(24) 0(34) 0(32) 1(47) 0(12) 1(41) 0(0) 0(8) 
0(8) 1(44) 0(4) 1(44) 1(41) 0(0) 1(47) 
0(24) 1(48) 0(4) 0(16) 0(0) 0(1) 
0(25) 1(42) 1(37) 0(19) 1(42) 
0(4) 0(29) 0(0) 0(1) 
0(27) 0(3) 1(48) 
0(0) 0(33) 
0(0) 

0.4166666666666667
precise=0.11351351351351352
recall=0.05303030303030303
F1score=0.07228915662650602

threshold=0.0032999999999999982
0(24) 0(34) 0(32) 1(47) 0(12) 1(41) 0(0) 0(8) 
0(8) 1(44) 0(5) 1(44) 1(42) 0(0) 1(47) 
0(24) 1(48) 0(4) 0(16) 0(0) 0(1) 
0(25) 1(42) 1(37) 0(19) 1(42) 
0(4) 0(30) 0(0) 0(1) 
0(27) 0(4) 1(48) 
0(0) 0(33) 
0(0) 

0.4166666666666667
precise=0.11224489795918367
recall=0.05392156862745098
F1score=0.0728476821192053

threshold=0.003399999999999998
0(24) 0(35) 0(32) 1(47) 0(13) 1(43) 0(0) 0(9) 
0(8) 1(44) 0(7) 1(44) 1(42) 0(0) 1(47) 
0(24) 1(48) 0(4) 0(16) 0(0) 0(1) 
0(25) 1(42) 1(37) 0(19) 1(42) 
0(4) 0(30) 0(0) 0(1) 
0(28) 0(4) 1(48) 
0(0) 0(34) 
0(0) 

0.4166666666666667
precise=0.1111111111111111
recall=0.05476190476190476
F1score=0.0733652312599681

threshold=0.003499999999999998
0(24) 0(35) 0(32) 1(47) 0(13) 1(44) 0(0) 0(10) 
0(8) 1(44) 0(8) 1(44) 1(42) 0(0) 1(47) 
0(24) 1(48) 0(4) 0(16) 0(0) 0(1) 
0(25) 1(42) 1(37) 0(19) 1(42) 
0(5) 0(30) 0(0) 0(2) 
0(30) 0(4) 1(48) 
0(0) 0(35) 
0(0) 

0.4166666666666667
precise=0.11009174311926606
recall=0.05555555555555555
F1score=0.07384615384615385

threshold=0.0035999999999999977
0(26) 0(36) 0(34) 1(47) 0(14) 1(44) 0(0) 0(11) 
0(8) 1(44) 0(8) 1(44) 1(42) 0(0) 1(47) 
0(24) 1(48) 0(4) 0(16) 0(0) 0(1) 
0(25) 1(42) 1(38) 0(19) 1(43) 
0(5) 0(30) 0(0) 0(3) 
0(30) 0(4) 1(49) 
0(0) 0(36) 
0(0) 

0.4166666666666667
precise=0.1091703056768559
recall=0.05630630630630631
F1score=0.07429420505200594

threshold=0.0036999999999999976
0(26) 0(36) 0(34) 1(47) 0(16) 1(45) 0(0) 0(13) 
0(8) 1(45) 0(8) 1(44) 1(42) 0(0) 1(48) 
0(24) 1(48) 0(4) 0(17) 0(0) 0(1) 
0(26) 1(43) 1(38) 0(19) 1(44) 
0(6) 0(30) 0(0) 0(3) 
0(31) 0(4) 1(50) 
0(0) 0(36) 
0(0) 

0.4166666666666667
precise=0.10833333333333334
recall=0.05701754385964912
F1score=0.07471264367816093

threshold=0.0037999999999999974
0(27) 0(36) 0(34) 1(47) 0(16) 1(46) 0(0) 0(14) 
0(8) 1(45) 0(9) 1(44) 1(42) 0(0) 1(48) 
0(25) 1(48) 0(4) 0(18) 0(0) 0(1) 
0(26) 1(43) 1(38) 0(19) 1(44) 
0(6) 0(30) 0(0) 0(3) 
0(32) 0(4) 1(50) 
0(0) 0(36) 
0(0) 

0.4166666666666667
precise=0.10756972111553785
recall=0.057692307692307696
F1score=0.07510431154381085

threshold=0.0038999999999999972
0(27) 1(37) 0(34) 1(47) 0(16) 1(46) 0(0) 0(16) 
0(8) 1(45) 0(9) 1(44) 1(42) 0(0) 1(49) 
0(25) 1(48) 0(4) 0(18) 0(0) 0(1) 
0(26) 1(43) 1(38) 0(19) 1(44) 
0(6) 0(30) 0(0) 0(3) 
0(33) 0(4) 1(50) 
0(0) 0(36) 
0(0) 

0.4444444444444444
precise=0.11026615969581749
recall=0.06041666666666667
F1score=0.07806191117092867

threshold=0.0039999999999999975
0(27) 1(37) 0(35) 1(47) 0(16) 1(46) 0(0) 0(16) 
0(8) 1(45) 0(9) 1(44) 1(43) 0(0) 1(49) 
0(25) 1(49) 0(4) 0(20) 0(0) 0(1) 
0(26) 1(43) 1(39) 0(19) 1(45) 
0(6) 0(32) 0(0) 0(3) 
0(33) 0(4) 1(51) 
0(0) 0(36) 
0(0) 

0.4444444444444444
precise=0.11272727272727273
recall=0.06300813008130081
F1score=0.08083441981747067

threshold=0.004099999999999998
0(27) 1(37) 0(35) 1(47) 0(16) 1(46) 0(0) 0(16) 
0(8) 1(45) 0(10) 1(44) 1(43) 0(0) 1(49) 
0(25) 1(49) 0(4) 0(20) 0(0) 0(1) 
0(26) 1(43) 1(40) 0(19) 1(45) 
0(6) 0(32) 0(0) 0(3) 
0(33) 0(4) 1(51) 
0(0) 1(37) 
0(0) 

0.4166666666666667
precise=0.11458333333333333
recall=0.06547619047619048
F1score=0.08333333333333333

threshold=0.004199999999999998
0(27) 1(37) 0(35) 1(47) 0(16) 1(46) 0(0) 0(17) 
0(8) 1(45) 0(10) 1(44) 1(43) 0(0) 1(49) 
0(25) 1(49) 0(4) 0(21) 0(0) 0(1) 
0(26) 1(43) 1(40) 0(20) 1(45) 
0(7) 0(33) 0(0) 0(3) 
0(33) 0(4) 1(51) 
0(0) 1(37) 
0(0) 

0.4166666666666667
precise=0.11627906976744186
recall=0.06782945736434108
F1score=0.08567931456548347

threshold=0.004299999999999998
0(27) 1(37) 0(36) 1(47) 0(17) 1(46) 0(0) 0(18) 
0(8) 1(45) 0(10) 1(44) 1(43) 0(0) 1(49) 
0(25) 1(49) 0(4) 0(21) 0(0) 0(1) 
0(26) 1(43) 1(40) 0(20) 1(45) 
0(7) 0(34) 0(0) 0(3) 
0(33) 0(4) 1(51) 
0(0) 1(38) 
0(0) 

0.4166666666666667
precise=0.1178343949044586
recall=0.07007575757575757
F1score=0.08788598574821853

threshold=0.0043999999999999985
0(27) 1(38) 0(36) 1(47) 0(19) 1(46) 0(0) 0(18) 
0(8) 1(45) 0(10) 1(45) 1(43) 0(0) 1(49) 
0(25) 1(49) 0(5) 0(23) 0(0) 0(1) 
0(26) 1(43) 1(40) 0(20) 1(45) 
0(8) 0(34) 0(0) 0(3) 
0(33) 0(4) 1(51) 
0(0) 1(40) 
0(0) 

0.4166666666666667
precise=0.11926605504587157
recall=0.07222222222222222
F1score=0.08996539792387544

threshold=0.004499999999999999
0(28) 1(38) 0(36) 1(48) 0(21) 1(46) 0(0) 0(18) 
0(8) 1(45) 0(10) 1(46) 1(43) 0(0) 1(49) 
0(25) 1(49) 0(5) 0(23) 0(0) 0(1) 
0(27) 1(43) 1(40) 0(20) 1(46) 
0(8) 0(34) 0(0) 0(3) 
0(34) 0(5) 1(51) 
0(0) 1(42) 
0(0) 

0.4166666666666667
precise=0.12058823529411765
recall=0.07427536231884058
F1score=0.09192825112107623

threshold=0.004599999999999999
0(28) 1(38) 0(36) 1(48) 0(21) 1(46) 0(0) 0(18) 
0(8) 1(45) 0(11) 1(46) 1(43) 0(0) 1(49) 
0(25) 1(50) 0(5) 0(23) 0(0) 0(1) 
0(27) 1(44) 1(40) 0(20) 1(46) 
0(8) 0(35) 0(0) 0(3) 
0(34) 0(5) 1(51) 
0(0) 1(42) 
0(0) 

0.4166666666666667
precise=0.12181303116147309
recall=0.07624113475177305
F1score=0.09378407851690294

threshold=0.004699999999999999
0(29) 1(39) 0(36) 1(49) 0(22) 1(47) 0(0) 0(18) 
0(9) 1(45) 0(11) 1(46) 1(43) 0(0) 1(49) 
0(26) 1(50) 0(5) 0(24) 0(0) 0(1) 
0(27) 1(45) 1(40) 0(20) 1(46) 
0(8) 1(37) 0(0) 0(3) 
0(34) 0(5) 1(51) 
0(0) 1(42) 
0(0) 

0.4444444444444444
precise=0.12534059945504086
recall=0.0798611111111111
F1score=0.0975609756097561

threshold=0.0048
0(29) 1(40) 0(36) 1(49) 0(23) 1(47) 0(0) 0(18) 
0(9) 1(45) 0(11) 1(47) 1(43) 0(0) 1(49) 
0(26) 1(50) 0(5) 0(24) 0(0) 0(1) 
0(27) 1(45) 1(40) 0(20) 1(46) 
0(8) 1(37) 0(0) 0(4) 
0(35) 0(6) 1(51) 
0(0) 1(43) 
0(0) 

0.4444444444444444
precise=0.12860892388451445
recall=0.08333333333333333
F1score=0.10113519091847266

threshold=0.0049
0(29) 1(40) 1(37) 1(49) 0(24) 1(47) 0(0) 0(19) 
0(9) 1(45) 0(12) 1(47) 1(43) 0(0) 1(50) 
0(26) 1(50) 0(5) 0(24) 0(0) 0(1) 
0(27) 1(45) 1(40) 0(20) 1(46) 
0(9) 1(37) 0(0) 0(4) 
0(35) 0(6) 1(51) 
0(0) 1(44) 
0(0) 

0.4722222222222222
precise=0.13383838383838384
recall=0.08833333333333333
F1score=0.10642570281124498

threshold=0.005
0(30) 1(40) 1(37) 1(49) 0(24) 1(47) 0(0) 0(20) 
0(9) 1(45) 0(12) 1(47) 1(43) 0(0) 1(50) 
0(26) 1(50) 0(6) 0(24) 0(0) 0(1) 
0(29) 1(45) 1(41) 0(20) 1(46) 
0(10) 1(37) 0(0) 0(4) 
0(36) 0(6) 1(51) 
0(0) 1(44) 
0(0) 

0.4722222222222222
precise=0.1386861313868613
recall=0.09313725490196079
F1score=0.11143695014662756

threshold=0.0051
0(31) 1(40) 1(37) 1(49) 0(24) 1(47) 0(0) 0(21) 
0(10) 1(45) 0(12) 1(47) 1(44) 0(0) 1(50) 
0(27) 1(50) 0(6) 0(24) 0(0) 0(1) 
0(29) 1(45) 1(41) 0(20) 1(46) 
0(10) 1(37) 0(0) 0(4) 
0(36) 0(6) 1(51) 
0(0) 1(44) 
0(0) 

0.4722222222222222
precise=0.1431924882629108
recall=0.09775641025641026
F1score=0.11619047619047619

threshold=0.005200000000000001
0(31) 1(40) 1(37) 1(49) 0(24) 1(47) 0(0) 0(22) 
0(10) 1(45) 0(12) 1(47) 1(44) 0(0) 1(50) 
0(27) 1(50) 0(6) 0(25) 0(0) 0(1) 
0(29) 1(45) 1(41) 0(20) 1(47) 
0(10) 1(37) 0(0) 0(6) 
1(37) 0(6) 1(51) 
0(0) 1(45) 
0(0) 

0.5
precise=0.1493212669683258
recall=0.10377358490566038
F1score=0.12244897959183673

threshold=0.005300000000000001
0(31) 1(40) 1(37) 1(50) 0(25) 1(47) 0(0) 0(22) 
0(10) 1(45) 0(12) 1(47) 1(44) 0(0) 1(50) 
0(27) 1(50) 0(6) 0(25) 0(0) 0(1) 
0(29) 1(45) 1(41) 0(20) 1(47) 
0(11) 1(37) 0(0) 0(6) 
1(38) 0(6) 1(51) 
0(0) 1(46) 
0(0) 

0.5
precise=0.15502183406113537
recall=0.1095679012345679
F1score=0.12839059674502712

threshold=0.005400000000000001
0(32) 1(40) 1(38) 1(50) 0(26) 1(47) 0(0) 0(23) 
0(10) 1(45) 0(13) 1(47) 1(45) 0(0) 1(51) 
0(27) 1(50) 0(6) 0(25) 0(0) 0(1) 
0(29) 1(45) 1(43) 0(21) 1(47) 
0(11) 1(37) 0(0) 0(6) 
1(38) 0(6) 1(51) 
0(0) 1(46) 
0(0) 

0.5
precise=0.16033755274261605
recall=0.11515151515151516
F1score=0.13403880070546736

threshold=0.005500000000000001
0(32) 1(40) 1(39) 1(50) 0(26) 1(47) 0(0) 0(23) 
0(10) 1(45) 0(14) 1(47) 1(45) 0(0) 1(51) 
0(27) 1(50) 0(6) 0(25) 0(0) 0(2) 
0(29) 1(45) 1(43) 0(21) 1(47) 
0(11) 1(38) 0(0) 0(6) 
1(40) 0(6) 1(51) 
0(0) 1(47) 
0(0) 

0.5
precise=0.1653061224489796
recall=0.12053571428571429
F1score=0.13941480206540446

threshold=0.005600000000000002
0(33) 1(41) 1(39) 1(50) 0(27) 1(47) 0(0) 0(24) 
0(11) 1(45) 0(14) 1(47) 1(45) 0(1) 1(51) 
0(27) 1(50) 0(6) 0(25) 0(0) 0(2) 
0(29) 1(46) 1(43) 0(21) 1(47) 
0(11) 1(39) 0(0) 0(6) 
1(40) 0(6) 1(51) 
0(0) 1(48) 
0(0) 

0.5
precise=0.16996047430830039
recall=0.12573099415204678
F1score=0.14453781512605043

threshold=0.005700000000000002
0(34) 1(41) 1(39) 1(50) 0(27) 1(47) 0(0) 0(28) 
0(11) 1(45) 0(14) 1(47) 1(45) 0(1) 1(51) 
0(27) 1(50) 0(6) 0(25) 0(0) 0(2) 
0(29) 1(46) 1(43) 0(21) 1(47) 
0(11) 1(39) 0(0) 0(7) 
1(40) 0(6) 1(51) 
0(0) 1(48) 
0(0) 

0.5
precise=0.1743295019157088
recall=0.1307471264367816
F1score=0.14942528735632185

threshold=0.005800000000000002
0(34) 1(42) 1(39) 1(50) 0(28) 1(47) 0(0) 0(29) 
0(11) 1(45) 0(15) 1(47) 1(45) 0(2) 1(51) 
0(27) 1(50) 0(6) 0(25) 0(0) 0(2) 
0(29) 1(46) 1(43) 0(21) 1(47) 
0(11) 1(39) 0(0) 0(7) 
1(40) 0(7) 1(51) 
0(0) 1(48) 
0(0) 

0.5
precise=0.17843866171003717
recall=0.13559322033898305
F1score=0.15409309791332262

threshold=0.0059000000000000025
0(34) 1(43) 1(40) 1(50) 0(29) 1(47) 0(0) 0(29) 
0(11) 1(45) 0(15) 1(47) 1(45) 0(2) 1(51) 
0(28) 1(50) 0(6) 0(25) 0(0) 0(2) 
0(30) 1(46) 1(43) 0(21) 1(47) 
0(11) 1(39) 0(0) 0(7) 
1(40) 0(7) 1(51) 
0(0) 1(48) 
0(0) 

0.5
precise=0.18231046931407943
recall=0.14027777777777778
F1score=0.15855572998430142

threshold=0.006000000000000003
0(34) 1(43) 1(40) 1(51) 0(29) 1(47) 0(0) 0(30) 
0(12) 1(46) 0(15) 1(47) 1(45) 0(2) 1(51) 
0(28) 1(50) 0(6) 0(26) 0(0) 0(2) 
0(30) 1(46) 1(43) 0(21) 1(47) 
0(12) 1(39) 0(0) 0(7) 
1(40) 0(7) 1(51) 
0(0) 1(48) 
0(0) 

0.5
precise=0.18596491228070175
recall=0.1448087431693989
F1score=0.16282642089093702

threshold=0.006100000000000003
0(34) 1(43) 1(40) 1(51) 0(30) 1(47) 0(0) 0(30) 
0(12) 1(46) 0(15) 1(47) 1(45) 0(2) 1(51) 
0(28) 1(50) 0(6) 0(26) 0(0) 0(2) 
0(30) 1(46) 1(43) 0(21) 1(47) 
0(12) 1(39) 0(0) 0(8) 
1(40) 0(7) 1(51) 
0(0) 1(48) 
0(0) 

0.5
precise=0.189419795221843
recall=0.14919354838709678
F1score=0.16691729323308271

threshold=0.006200000000000003
0(34) 1(43) 1(40) 1(51) 0(30) 1(47) 0(0) 0(31) 
0(12) 1(46) 0(17) 1(47) 1(45) 0(2) 1(51) 
0(28) 1(50) 0(6) 0(28) 0(0) 0(2) 
0(30) 1(46) 1(43) 0(21) 1(47) 
0(12) 1(39) 0(0) 0(8) 
1(41) 0(7) 1(51) 
0(0) 1(48) 
0(0) 

0.5
precise=0.19269102990033224
recall=0.15343915343915343
F1score=0.17083946980854198

threshold=0.0063000000000000035
0(34) 1(44) 1(41) 1(51) 0(30) 1(48) 0(0) 0(32) 
0(12) 1(46) 0(17) 1(47) 1(45) 0(2) 1(51) 
0(29) 1(50) 0(6) 0(28) 0(0) 0(2) 
0(31) 1(46) 1(43) 0(21) 1(47) 
0(12) 1(39) 0(0) 0(8) 
1(41) 0(7) 1(51) 
0(0) 1(48) 
0(0) 

0.5
precise=0.19579288025889968
recall=0.15755208333333334
F1score=0.1746031746031746

threshold=0.006400000000000004
0(34) 1(44) 1(41) 1(51) 0(30) 1(48) 0(0) 0(32) 
0(12) 1(46) 0(17) 1(47) 1(45) 0(2) 1(51) 
0(30) 1(51) 0(6) 0(28) 0(0) 0(3) 
0(32) 1(46) 1(43) 0(21) 1(47) 
0(13) 1(39) 0(0) 0(9) 
1(41) 0(7) 1(51) 
0(0) 1(49) 
0(0) 

0.5
precise=0.19873817034700317
recall=0.16153846153846155
F1score=0.1782178217821782

threshold=0.006500000000000004
0(34) 1(44) 1(41) 1(51) 0(30) 1(48) 0(0) 0(32) 
0(12) 1(46) 0(17) 1(47) 1(45) 0(2) 1(51) 
0(30) 1(51) 0(6) 0(28) 0(0) 0(3) 
0(33) 1(46) 1(43) 0(21) 1(47) 
0(14) 1(40) 0(0) 0(9) 
1(41) 0(7) 1(51) 
0(0) 1(49) 
0(0) 

0.5
precise=0.20153846153846153
recall=0.16540404040404041
F1score=0.18169209431345354

threshold=0.006600000000000004
0(35) 1(46) 1(42) 1(52) 0(30) 1(48) 0(0) 0(33) 
0(12) 1(47) 0(17) 1(48) 1(45) 0(2) 1(51) 
0(30) 1(51) 0(7) 0(29) 0(0) 0(5) 
0(33) 1(46) 1(43) 0(22) 1(47) 
0(15) 1(40) 0(0) 0(10) 
1(41) 0(7) 1(51) 
0(0) 1(49) 
0(0) 

0.5
precise=0.2042042042042042
recall=0.1691542288557214
F1score=0.18503401360544217

threshold=0.0067000000000000046
0(36) 1(47) 1(42) 1(52) 0(30) 1(48) 0(0) 0(36) 
0(12) 1(47) 0(17) 1(48) 1(45) 0(2) 1(51) 
0(31) 1(51) 0(7) 0(29) 0(0) 0(5) 
0(33) 1(46) 1(43) 0(23) 1(47) 
0(15) 1(41) 0(0) 0(11) 
1(41) 0(7) 1(51) 
0(0) 1(49) 
0(0) 

0.5
precise=0.20674486803519063
recall=0.17279411764705882
F1score=0.1882510013351135

threshold=0.006800000000000005
0(36) 1(47) 1(42) 1(52) 0(30) 1(48) 0(0) 0(36) 
0(12) 1(47) 0(19) 1(48) 1(45) 0(2) 1(51) 
0(31) 1(51) 0(7) 0(30) 0(0) 0(6) 
0(33) 1(46) 1(43) 0(23) 1(47) 
0(15) 1(41) 0(0) 0(11) 
1(41) 0(8) 1(51) 
0(0) 1(49) 
0(0) 

0.5
precise=0.20916905444126074
recall=0.17632850241545894
F1score=0.1913499344692005

threshold=0.006900000000000005
0(36) 1(47) 1(43) 1(52) 0(31) 1(48) 0(0) 0(36) 
0(12) 1(47) 0(20) 1(48) 1(45) 0(2) 1(51) 
0(31) 1(51) 0(7) 0(31) 0(0) 0(6) 
0(33) 1(46) 1(43) 0(23) 1(47) 
0(15) 1(41) 0(0) 0(11) 
1(41) 0(8) 1(51) 
0(0) 1(49) 
0(0) 

0.5
precise=0.211484593837535
recall=0.17976190476190476
F1score=0.19433719433719435

threshold=0.007000000000000005
1(38) 1(47) 1(43) 1(52) 0(31) 1(48) 0(0) 1(37) 
0(12) 1(47) 0(20) 1(48) 1(45) 0(2) 1(51) 
0(31) 1(51) 0(7) 0(32) 0(0) 0(6) 
0(34) 1(46) 1(43) 0(23) 1(47) 
0(15) 1(41) 0(0) 0(13) 
1(42) 0(8) 1(51) 
0(0) 1(49) 
0(0) 

0.5
precise=0.21448087431693988
recall=0.18427230046948356
F1score=0.19823232323232323

threshold=0.007100000000000006
1(38) 1(47) 1(43) 1(52) 0(31) 1(48) 0(0) 1(37) 
0(12) 1(47) 0(21) 1(48) 1(45) 0(2) 1(51) 
0(33) 1(51) 0(8) 0(32) 0(0) 0(6) 
0(34) 1(46) 1(43) 0(23) 1(47) 
0(15) 1(41) 0(0) 0(13) 
1(42) 0(8) 1(51) 
0(0) 1(49) 
0(0) 

0.5
precise=0.21733333333333332
recall=0.1886574074074074
F1score=0.20198265179677818

threshold=0.007200000000000006
1(38) 1(47) 1(43) 1(52) 0(31) 1(48) 0(0) 1(38) 
0(12) 1(47) 0(21) 1(48) 1(45) 0(2) 1(51) 
0(33) 1(51) 0(8) 0(32) 0(0) 0(6) 
0(34) 1(46) 1(43) 0(23) 1(47) 
0(16) 1(42) 0(0) 0(13) 
1(43) 0(8) 1(51) 
0(0) 1(49) 
0(0) 

0.5
precise=0.22005208333333334
recall=0.19292237442922375
F1score=0.20559610705596107

threshold=0.007300000000000006
1(38) 1(47) 1(43) 1(52) 0(31) 1(49) 0(0) 1(38) 
0(12) 1(47) 0(21) 1(48) 1(45) 0(2) 1(51) 
0(34) 1(52) 0(8) 0(32) 0(0) 0(7) 
0(34) 1(46) 1(43) 0(23) 1(47) 
0(16) 1(42) 0(0) 0(13) 
1(44) 0(8) 1(51) 
0(0) 1(49) 
0(0) 

0.5
precise=0.22264631043256997
recall=0.19707207207207209
F1score=0.20908004778972522

threshold=0.007400000000000006
1(38) 1(47) 1(44) 1(52) 0(31) 1(49) 0(0) 1(38) 
0(12) 1(47) 0(21) 1(48) 1(45) 0(2) 1(51) 
0(34) 1(52) 0(8) 0(32) 0(0) 0(7) 
0(34) 1(46) 1(43) 0(23) 1(47) 
0(16) 1(43) 0(0) 0(15) 
1(45) 0(8) 1(51) 
0(0) 1(49) 
0(0) 

0.5
precise=0.22512437810945274
recall=0.2011111111111111
F1score=0.21244131455399062

threshold=0.007500000000000007
1(38) 1(47) 1(44) 1(52) 0(31) 1(49) 0(0) 1(38) 
0(13) 1(47) 0(22) 1(48) 1(45) 0(2) 1(51) 
0(34) 1(52) 0(8) 0(32) 0(0) 0(7) 
0(34) 1(46) 1(43) 0(23) 1(47) 
0(17) 1(43) 0(0) 0(15) 
1(46) 0(8) 1(51) 
0(0) 1(50) 
0(0) 

0.5
precise=0.22749391727493917
recall=0.2050438596491228
F1score=0.21568627450980393

threshold=0.007600000000000007
1(39) 1(49) 1(44) 1(52) 0(31) 1(49) 0(0) 1(38) 
0(13) 1(47) 0(22) 1(48) 1(45) 0(2) 1(51) 
0(34) 1(52) 0(9) 0(32) 0(0) 0(7) 
0(34) 1(46) 1(43) 0(23) 1(47) 
0(17) 1(43) 0(0) 0(15) 
1(47) 0(10) 1(51) 
0(0) 1(50) 
0(0) 

0.5
precise=0.22976190476190475
recall=0.20887445887445888
F1score=0.21882086167800455

threshold=0.007700000000000007
1(39) 1(49) 1(44) 1(52) 0(32) 1(50) 0(0) 1(38) 
0(13) 1(47) 0(23) 1(48) 1(45) 0(3) 1(51) 
0(34) 1(52) 0(9) 0(32) 0(0) 0(7) 
0(35) 1(46) 1(43) 0(23) 1(47) 
0(17) 1(43) 0(0) 0(16) 
1(47) 0(10) 1(51) 
0(0) 1(50) 
0(0) 

0.5
precise=0.23193473193473194
recall=0.2126068376068376
F1score=0.221850613154961

threshold=0.0078000000000000074
1(39) 1(49) 1(44) 1(52) 0(33) 1(50) 0(0) 1(38) 
0(14) 1(47) 0(23) 1(48) 1(45) 0(4) 1(51) 
0(34) 1(52) 0(9) 0(32) 0(0) 0(7) 
0(35) 1(46) 1(43) 0(23) 1(47) 
0(17) 1(43) 0(0) 0(16) 
1(47) 0(10) 1(51) 
0(0) 1(50) 
0(0) 

0.5
precise=0.23401826484018265
recall=0.21624472573839662
F1score=0.22478070175438597

threshold=0.007900000000000008
1(41) 1(49) 1(44) 1(52) 0(34) 1(50) 0(0) 1(38) 
0(14) 1(47) 0(23) 1(49) 1(45) 0(4) 1(51) 
0(34) 1(52) 0(9) 0(33) 0(0) 0(7) 
0(35) 1(46) 1(43) 0(23) 1(47) 
0(17) 1(43) 0(0) 0(17) 
1(47) 0(12) 1(51) 
0(0) 1(50) 
0(1) 

0.5
precise=0.2360178970917226
recall=0.21979166666666666
F1score=0.22761596548004315

threshold=0.008000000000000007
1(43) 1(49) 1(44) 1(52) 0(34) 1(50) 0(0) 1(39) 
0(16) 1(47) 0(23) 1(49) 1(46) 0(4) 1(51) 
0(34) 1(52) 0(9) 0(33) 0(0) 0(7) 
0(35) 1(46) 1(43) 0(23) 1(47) 
0(17) 1(43) 0(0) 0(18) 
1(48) 0(13) 1(51) 
0(0) 1(50) 
0(1) 

0.5
precise=0.23793859649122806
recall=0.22325102880658437
F1score=0.23036093418259024

threshold=0.008100000000000007
1(43) 1(49) 1(44) 1(52) 0(35) 1(50) 0(0) 1(41) 
0(16) 1(47) 0(23) 1(49) 1(46) 0(5) 1(51) 
0(34) 1(52) 0(9) 0(33) 0(0) 0(8) 
0(35) 1(46) 1(43) 0(23) 1(47) 
0(18) 1(43) 0(0) 0(19) 
1(48) 0(13) 1(51) 
0(0) 1(50) 
0(1) 

0.5
precise=0.23978494623655913
recall=0.2266260162601626
F1score=0.2330198537095089

threshold=0.008200000000000006
1(43) 1(49) 1(44) 1(52) 0(35) 1(50) 0(0) 1(41) 
0(16) 1(47) 0(24) 1(49) 1(46) 0(5) 1(51) 
0(34) 1(52) 0(9) 0(33) 0(0) 0(9) 
0(35) 1(47) 1(44) 0(23) 1(47) 
0(18) 1(43) 0(0) 0(19) 
1(48) 0(13) 1(51) 
0(0) 1(50) 
0(4) 

0.5
precise=0.24156118143459915
recall=0.22991967871485944
F1score=0.23559670781893005

threshold=0.008300000000000005
1(43) 1(49) 1(44) 1(52) 0(35) 1(50) 0(0) 1(41) 
0(17) 1(47) 0(24) 1(49) 1(46) 0(5) 1(51) 
0(34) 1(52) 0(9) 0(33) 0(0) 0(10) 
0(35) 1(47) 1(44) 0(23) 1(47) 
0(19) 1(44) 0(0) 0(19) 
1(48) 0(13) 1(51) 
0(0) 1(50) 
0(4) 

0.5
precise=0.2432712215320911
recall=0.23313492063492064
F1score=0.23809523809523808

threshold=0.008400000000000005
1(43) 1(49) 1(44) 1(52) 0(35) 1(50) 0(0) 1(41) 
0(18) 1(47) 0(25) 1(49) 1(47) 0(5) 1(52) 
0(34) 1(52) 0(9) 0(33) 0(0) 0(11) 
0(36) 1(47) 1(44) 0(24) 1(47) 
0(20) 1(45) 0(0) 0(19) 
1(48) 0(13) 1(51) 
0(0) 1(50) 
0(5) 

0.5
precise=0.24491869918699186
recall=0.23627450980392156
F1score=0.2405189620758483

threshold=0.008500000000000004
1(43) 1(49) 1(45) 1(52) 0(36) 1(51) 0(0) 1(41) 
0(19) 1(47) 0(25) 1(49) 1(48) 0(6) 1(52) 
0(34) 1(52) 0(10) 0(33) 0(0) 0(11) 
0(36) 1(47) 1(44) 0(24) 1(47) 
0(20) 1(45) 0(0) 0(19) 
1(48) 0(13) 1(51) 
0(0) 1(50) 
0(5) 

0.5
precise=0.2465069860279441
recall=0.23934108527131784
F1score=0.24287118977384464

threshold=0.008600000000000003
1(43) 1(49) 1(45) 1(52) 1(37) 1(51) 0(0) 1(41) 
0(19) 1(47) 0(25) 1(49) 1(48) 0(6) 1(52) 
0(34) 1(52) 0(10) 0(33) 0(0) 0(11) 
0(36) 1(47) 1(44) 0(24) 1(47) 
0(20) 1(46) 0(0) 0(19) 
1(48) 0(13) 1(51) 
0(0) 1(50) 
0(5) 

0.4722222222222222
precise=0.24779627815866798
recall=0.24233716475095785
F1score=0.24503631961259079

threshold=0.008700000000000003
1(43) 1(49) 1(46) 1(52) 1(37) 1(51) 0(0) 1(41) 
0(20) 1(47) 0(26) 1(49) 1(48) 0(6) 1(52) 
0(34) 1(52) 0(10) 0(34) 0(0) 0(11) 
0(36) 1(47) 1(44) 0(24) 1(47) 
0(22) 1(46) 0(0) 0(19) 
1(48) 0(14) 1(51) 
0(0) 1(50) 
0(5) 

0.4722222222222222
precise=0.24903846153846154
recall=0.24526515151515152
F1score=0.24713740458015268

threshold=0.008800000000000002
1(43) 1(49) 1(47) 1(52) 1(38) 1(51) 0(0) 1(41) 
0(20) 1(47) 0(27) 1(49) 1(48) 0(7) 1(52) 
0(34) 1(52) 0(11) 0(34) 0(0) 0(11) 
0(36) 1(48) 1(44) 0(24) 1(47) 
0(22) 1(46) 0(0) 0(19) 
1(48) 0(15) 1(51) 
0(0) 1(50) 
0(5) 

0.4722222222222222
precise=0.2502360717658168
recall=0.24812734082397003
F1score=0.24917724494593324

threshold=0.008900000000000002
1(43) 1(50) 1(47) 1(52) 1(39) 1(51) 0(0) 1(41) 
0(20) 1(47) 0(28) 1(50) 1(48) 0(7) 1(52) 
0(34) 1(52) 0(11) 0(34) 0(0) 0(11) 
0(36) 1(48) 1(44) 0(24) 1(47) 
0(22) 1(47) 0(0) 0(19) 
1(48) 0(15) 1(51) 
0(0) 1(50) 
0(6) 

0.4722222222222222
precise=0.25139146567717996
recall=0.25092592592592594
F1score=0.2511584800741427

threshold=0.009000000000000001
1(44) 1(50) 1(47) 1(52) 1(39) 1(51) 0(0) 1(42) 
0(20) 1(47) 0(30) 1(50) 1(48) 0(7) 1(52) 
0(34) 1(52) 0(11) 0(34) 0(0) 0(11) 
0(36) 1(48) 1(44) 0(24) 1(48) 
0(22) 1(47) 0(0) 0(19) 
1(48) 0(17) 1(51) 
0(0) 1(50) 
0(6) 

0.4722222222222222
precise=0.25250683682771197
recall=0.25366300366300365
F1score=0.25308359981726813

threshold=0.0091
1(45) 1(50) 1(47) 1(52) 1(39) 1(51) 0(0) 1(43) 
0(20) 1(48) 0(30) 1(50) 1(48) 0(8) 1(52) 
0(34) 1(52) 0(11) 0(36) 0(0) 0(12) 
1(37) 1(48) 1(44) 0(24) 1(49) 
0(22) 1(47) 0(0) 0(19) 
1(48) 0(18) 1(51) 
0(0) 1(50) 
0(7) 

0.4444444444444444
precise=0.25335720680393914
recall=0.2563405797101449
F1score=0.25484016208914906

threshold=0.0092
1(45) 1(50) 1(47) 1(52) 1(39) 1(51) 0(0) 1(43) 
0(20) 1(48) 0(30) 1(50) 1(48) 0(8) 1(52) 
0(34) 1(52) 0(11) 0(36) 0(0) 0(12) 
1(37) 1(48) 1(44) 0(24) 1(49) 
0(22) 1(47) 0(0) 0(19) 
1(48) 0(19) 1(51) 
0(0) 1(51) 
0(7) 

0.4444444444444444
precise=0.2541776605101143
recall=0.2589605734767025
F1score=0.25654682645361737

threshold=0.0093
1(45) 1(50) 1(47) 1(52) 1(39) 1(51) 0(0) 1(43) 
0(20) 1(48) 0(31) 1(50) 1(48) 0(9) 1(52) 
0(34) 1(52) 0(11) 0(36) 0(0) 0(12) 
1(37) 1(48) 1(44) 0(25) 1(49) 
0(23) 1(47) 0(0) 0(22) 
1(48) 0(19) 1(51) 
0(0) 1(51) 
0(7) 

0.4444444444444444
precise=0.2549697493517718
recall=0.26152482269503546
F1score=0.25820568927789933

threshold=0.009399999999999999
1(45) 1(50) 1(47) 1(52) 1(39) 1(51) 0(0) 1(44) 
0(20) 1(48) 0(31) 1(50) 1(48) 0(10) 1(52) 
0(34) 1(52) 0(12) 1(37) 0(0) 0(14) 
1(39) 1(48) 1(44) 0(25) 1(49) 
0(24) 1(47) 0(0) 0(22) 
1(48) 0(19) 1(51) 
0(0) 1(51) 
0(8) 

0.4166666666666667
precise=0.25551782682512736
recall=0.26403508771929823
F1score=0.25970664365832613

threshold=0.009499999999999998
1(45) 1(50) 1(47) 1(52) 1(39) 1(51) 0(0) 1(45) 
0(20) 1(48) 0(31) 1(50) 1(48) 0(10) 1(52) 
0(34) 1(52) 0(12) 1(38) 0(0) 0(14) 
1(39) 1(48) 1(44) 0(25) 1(49) 
0(25) 1(48) 0(0) 0(23) 
1(48) 0(20) 1(51) 
0(0) 1(51) 
0(8) 

0.4166666666666667
precise=0.25604670558799
recall=0.2664930555555556
F1score=0.2611654615057422

threshold=0.009599999999999997
1(45) 1(50) 1(47) 1(52) 1(39) 1(51) 0(0) 1(45) 
0(20) 1(48) 0(32) 1(50) 1(49) 0(12) 1(52) 
0(34) 1(52) 0(13) 1(39) 0(0) 0(14) 
1(39) 1(48) 1(44) 0(25) 1(49) 
0(26) 1(48) 0(0) 0(23) 
1(48) 0(20) 1(51) 
0(0) 1(51) 
0(8) 

0.4166666666666667
precise=0.2565573770491803
recall=0.26890034364261167
F1score=0.2625838926174497

threshold=0.009699999999999997
1(45) 1(50) 1(48) 1(52) 1(39) 1(51) 0(0) 1(46) 
0(21) 1(48) 0(33) 1(50) 1(49) 0(12) 1(52) 
0(34) 1(52) 0(14) 1(39) 0(0) 0(14) 
1(39) 1(48) 1(44) 0(25) 1(49) 
0(26) 1(49) 0(0) 0(23) 
1(48) 0(20) 1(51) 
0(0) 1(51) 
0(8) 

0.4166666666666667
precise=0.2570507655116841
recall=0.27125850340136054
F1score=0.26396359122879604

threshold=0.009799999999999996
1(45) 1(50) 1(48) 1(52) 1(39) 1(51) 0(0) 1(46) 
0(21) 1(48) 0(34) 1(50) 1(49) 0(12) 1(52) 
0(34) 1(52) 0(14) 1(40) 0(0) 0(15) 
1(39) 1(48) 1(44) 0(25) 1(49) 
0(26) 1(49) 0(0) 0(23) 
1(48) 0(20) 1(51) 
0(0) 1(51) 
0(10) 

0.4166666666666667
precise=0.25752773375594296
recall=0.2735690235690236
F1score=0.2653061224489796

threshold=0.009899999999999996
1(45) 1(50) 1(48) 1(52) 1(40) 1(51) 0(0) 1(46) 
0(21) 1(48) 0(35) 1(50) 1(49) 0(14) 1(52) 
0(34) 1(52) 0(15) 1(40) 0(0) 0(15) 
1(39) 1(48) 1(44) 0(25) 1(49) 
0(26) 1(49) 0(0) 0(24) 
1(48) 0(20) 1(51) 
0(0) 1(51) 
0(12) 

0.4166666666666667
precise=0.2579890880748246
recall=0.2758333333333333
F1score=0.2666129681836488

threshold=0.009999999999999995
1(46) 1(50) 1(48) 1(52) 1(40) 1(51) 0(0) 1(46) 
0(21) 1(48) 0(35) 1(50) 1(49) 0(14) 1(52) 
0(34) 1(52) 0(15) 1(40) 0(0) 0(15) 
1(39) 1(48) 1(44) 0(25) 1(49) 
0(26) 1(49) 0(0) 0(24) 
1(48) 0(20) 1(51) 
0(0) 1(51) 
0(12) 

0.4166666666666667
precise=0.2584355828220859
recall=0.27805280528052806
F1score=0.26788553259141495

threshold=0.010099999999999994
1(46) 1(50) 1(48) 1(52) 1(40) 1(51) 0(0) 1(46) 
0(22) 1(48) 0(36) 1(50) 1(49) 0(14) 1(52) 
0(34) 1(52) 0(15) 1(40) 0(0) 0(15) 
1(39) 1(48) 1(44) 0(25) 1(49) 
0(27) 1(49) 0(0) 0(24) 
1(48) 0(21) 1(51) 
0(0) 1(51) 
0(13) 

0.4166666666666667
precise=0.2588679245283019
recall=0.28022875816993464
F1score=0.2691251471165163

threshold=0.010199999999999994
1(46) 1(50) 1(48) 1(52) 1(40) 1(51) 0(0) 1(46) 
0(22) 1(48) 0(36) 1(50) 1(49) 0(14) 1(52) 
0(34) 1(52) 0(15) 1(40) 0(0) 0(16) 
1(39) 1(48) 1(44) 0(25) 1(49) 
0(27) 1(49) 0(0) 0(24) 
1(48) 0(22) 1(51) 
0(0) 1(51) 
0(13) 

0.4166666666666667
precise=0.25928677563150077
recall=0.28236245954692557
F1score=0.2703330751355538

threshold=0.010299999999999993
1(46) 1(50) 1(48) 1(52) 1(41) 1(51) 0(0) 1(47) 
0(22) 1(48) 1(37) 1(50) 1(49) 0(14) 1(52) 
0(34) 1(52) 0(16) 1(40) 0(0) 0(16) 
1(39) 1(48) 1(45) 0(25) 1(49) 
0(27) 1(49) 0(0) 0(25) 
1(49) 0(22) 1(51) 
0(0) 1(51) 
0(13) 

0.3888888888888889
precise=0.2595029239766082
recall=0.2844551282051282
F1score=0.2714067278287462

threshold=0.010399999999999993
1(46) 1(51) 1(48) 1(52) 1(42) 1(51) 0(0) 1(47) 
0(22) 1(48) 1(37) 1(50) 1(49) 0(15) 1(52) 
0(35) 1(52) 0(16) 1(41) 0(0) 0(16) 
1(39) 1(48) 1(46) 0(25) 1(49) 
0(27) 1(49) 0(0) 0(25) 
1(49) 0(23) 1(51) 
0(0) 1(51) 
0(15) 

0.3888888888888889
precise=0.25971223021582734
recall=0.2865079365079365
F1score=0.2724528301886792

threshold=0.010499999999999992
1(46) 1(51) 1(48) 1(52) 1(42) 1(51) 0(0) 1(47) 
0(22) 1(48) 1(37) 1(50) 1(49) 0(16) 1(52) 
0(35) 1(52) 0(16) 1(41) 0(0) 0(16) 
1(39) 1(48) 1(46) 0(25) 1(49) 
0(27) 1(49) 0(0) 0(25) 
1(49) 0(23) 1(51) 
0(0) 1(51) 
0(16) 

0.3888888888888889
precise=0.25991501416430596
recall=0.28852201257861637
F1score=0.27347242921013415

threshold=0.010599999999999991
1(46) 1(51) 1(48) 1(52) 1(42) 1(51) 0(0) 1(47) 
0(22) 1(48) 1(37) 1(50) 1(49) 0(16) 1(52) 
0(35) 1(52) 0(16) 1(42) 0(0) 0(16) 
1(39) 1(48) 1(46) 0(25) 1(49) 
0(27) 1(49) 0(0) 0(26) 
1(49) 0(23) 1(51) 
0(0) 1(51) 
0(17) 

0.3888888888888889
precise=0.2601115760111576
recall=0.29049844236760125
F1score=0.2744665194996321

threshold=0.01069999999999999
1(46) 1(51) 1(48) 1(52) 1(42) 1(51) 0(0) 1(47) 
0(22) 1(48) 1(38) 1(50) 1(49) 0(16) 1(52) 
0(35) 1(52) 0(16) 1(42) 0(0) 0(16) 
1(39) 1(48) 1(46) 0(25) 1(49) 
0(27) 1(49) 0(0) 0(26) 
1(49) 0(23) 1(51) 
0(0) 1(51) 
0(18) 

0.3888888888888889
precise=0.2603021978021978
recall=0.2924382716049383
F1score=0.2754360465116279

threshold=0.01079999999999999
1(46) 1(51) 1(48) 1(52) 1(42) 1(51) 0(0) 1(47) 
0(22) 1(48) 1(38) 1(50) 1(49) 0(16) 1(52) 
0(35) 1(52) 0(16) 1(42) 0(0) 0(16) 
1(39) 1(49) 1(46) 0(25) 1(49) 
0(28) 1(49) 0(0) 0(28) 
1(49) 0(23) 1(51) 
0(0) 1(51) 
0(19) 

0.3888888888888889
precise=0.2604871447902571
recall=0.29434250764525993
F1score=0.27638190954773867

threshold=0.01089999999999999
1(46) 1(51) 1(48) 1(52) 1(42) 1(51) 0(0) 1(47) 
0(23) 1(48) 1(38) 1(50) 1(49) 0(17) 1(52) 
0(36) 1(52) 0(16) 1(42) 0(0) 0(16) 
1(39) 1(49) 1(46) 0(25) 1(49) 
0(29) 1(51) 0(0) 0(29) 
1(49) 0(23) 1(51) 
0(0) 1(51) 
0(19) 

0.3888888888888889
precise=0.26066666666666666
recall=0.2962121212121212
F1score=0.2773049645390071

threshold=0.010999999999999989
1(46) 1(51) 1(48) 1(52) 1(42) 1(51) 0(0) 1(47) 
0(23) 1(48) 1(38) 1(50) 1(49) 0(17) 1(52) 
0(36) 1(52) 0(17) 1(42) 0(0) 0(17) 
1(39) 1(49) 1(46) 0(26) 1(49) 
0(30) 1(51) 0(0) 0(31) 
1(49) 0(24) 1(51) 
0(0) 1(51) 
0(19) 

0.3888888888888889
precise=0.2608409986859396
recall=0.2980480480480481
F1score=0.2782060266292922

threshold=0.011099999999999988
1(47) 1(51) 1(48) 1(52) 1(42) 1(51) 0(0) 1(47) 
0(23) 1(48) 1(38) 1(50) 1(49) 0(17) 1(52) 
0(36) 1(52) 0(17) 1(42) 0(0) 0(17) 
1(39) 1(49) 1(46) 0(26) 1(49) 
0(30) 1(51) 0(0) 0(31) 
1(50) 0(24) 1(51) 
0(0) 1(51) 
0(20) 

0.3888888888888889
precise=0.2610103626943005
recall=0.29985119047619047
F1score=0.2790858725761773

threshold=0.011199999999999988
1(47) 1(51) 1(48) 1(52) 1(43) 1(51) 0(0) 1(47) 
0(23) 1(48) 1(39) 1(50) 1(49) 0(18) 1(52) 
0(36) 1(52) 0(17) 1(42) 0(0) 0(17) 
1(39) 1(49) 1(46) 0(26) 1(49) 
0(31) 1(51) 0(0) 0(31) 
1(50) 0(27) 1(51) 
0(0) 1(51) 
0(21) 

0.3888888888888889
precise=0.2611749680715198
recall=0.30162241887905605
F1score=0.2799452429842574

threshold=0.011299999999999987
1(47) 1(51) 1(48) 1(52) 1(43) 1(51) 0(0) 1(47) 
0(24) 1(48) 1(39) 1(50) 1(50) 0(18) 1(52) 
0(36) 1(52) 0(18) 1(43) 0(0) 0(17) 
1(39) 1(49) 1(46) 0(28) 1(49) 
0(32) 1(51) 0(0) 0(32) 
1(50) 0(27) 1(51) 
0(0) 1(51) 
0(21) 

0.3888888888888889
precise=0.26133501259445846
recall=0.3033625730994152
F1score=0.2807848443843031

threshold=0.011399999999999987
1(48) 1(51) 1(48) 1(52) 1(43) 1(51) 0(0) 1(47) 
0(25) 1(48) 1(39) 1(50) 1(50) 0(18) 1(52) 
0(36) 1(52) 0(18) 1(43) 0(0) 0(17) 
1(39) 1(49) 1(47) 0(29) 1(49) 
0(32) 1(51) 0(0) 0(33) 
1(50) 0(27) 1(51) 
0(1) 1(51) 
0(21) 

0.3888888888888889
precise=0.26149068322981367
recall=0.3050724637681159
F1score=0.28160535117056856

threshold=0.011499999999999986
1(48) 1(51) 1(48) 1(52) 1(43) 1(51) 0(0) 1(47) 
0(25) 1(48) 1(39) 1(50) 1(50) 0(18) 1(52) 
0(36) 1(52) 0(20) 1(43) 0(0) 0(18) 
1(40) 1(49) 1(48) 0(29) 1(49) 
0(32) 1(51) 0(0) 0(34) 
1(50) 0(29) 1(51) 
0(1) 1(51) 
0(23) 

0.3888888888888889
precise=0.2616421568627451
recall=0.3067528735632184
F1score=0.2824074074074074

threshold=0.011599999999999985
1(48) 1(51) 1(48) 1(52) 1(43) 1(51) 0(0) 1(47) 
0(25) 1(48) 1(40) 1(50) 1(50) 0(19) 1(52) 
0(36) 1(52) 0(20) 1(43) 0(0) 0(18) 
1(41) 1(49) 1(48) 0(29) 1(49) 
0(32) 1(51) 0(0) 0(34) 
1(50) 0(30) 1(51) 
0(1) 1(51) 
0(24) 

0.3888888888888889
precise=0.2617896009673519
recall=0.3084045584045584
F1score=0.2831916285153695

threshold=0.011699999999999985
1(48) 1(51) 1(48) 1(52) 1(43) 1(51) 0(0) 1(47) 
0(25) 1(48) 1(40) 1(50) 1(51) 0(19) 1(52) 
0(36) 1(52) 0(20) 1(44) 0(0) 0(19) 
1(41) 1(49) 1(48) 0(29) 1(49) 
0(33) 1(51) 0(0) 0(34) 
1(50) 0(30) 1(51) 
0(1) 1(51) 
0(26) 

0.3888888888888889
precise=0.2619331742243437
recall=0.3100282485875706
F1score=0.28395860284605434

threshold=0.011799999999999984
1(48) 1(51) 1(48) 1(52) 1(43) 1(51) 0(0) 1(47) 
0(25) 1(48) 1(40) 1(50) 1(52) 0(20) 1(52) 
0(36) 1(52) 0(20) 1(44) 0(0) 0(20) 
1(41) 1(49) 1(48) 0(29) 1(49) 
0(33) 1(51) 0(0) 0(35) 
1(50) 0(30) 1(51) 
0(1) 1(51) 
0(26) 

0.3888888888888889
precise=0.2620730270906949
recall=0.311624649859944
F1score=0.2847088931541907

threshold=0.011899999999999984
1(48) 1(51) 1(48) 1(52) 1(43) 1(51) 0(0) 1(47) 
0(25) 1(48) 1(40) 1(50) 1(52) 0(20) 1(52) 
0(36) 1(52) 0(20) 1(44) 0(0) 0(21) 
1(41) 1(49) 1(48) 0(30) 1(49) 
0(33) 1(51) 0(0) 0(35) 
1(50) 0(30) 1(51) 
0(1) 1(51) 
0(26) 

0.3888888888888889
precise=0.2622093023255814
recall=0.31319444444444444
F1score=0.28544303797468357

threshold=0.011999999999999983
1(48) 1(51) 1(48) 1(52) 1(43) 1(51) 0(0) 1(47) 
0(25) 1(48) 1(40) 1(50) 1(52) 0(20) 1(52) 
0(36) 1(52) 0(21) 1(44) 0(0) 0(22) 
1(42) 1(49) 1(48) 0(30) 1(49) 
0(33) 1(51) 0(0) 0(35) 
1(50) 0(31) 1(51) 
0(1) 1(51) 
0(26) 

0.3888888888888889
precise=0.26234213547646384
recall=0.31473829201101927
F1score=0.28616155291170947

threshold=0.012099999999999982
1(49) 1(51) 1(48) 1(52) 1(43) 1(51) 0(0) 1(47) 
0(26) 1(48) 1(40) 1(50) 1(52) 0(20) 1(52) 
0(36) 1(52) 0(21) 1(44) 0(0) 0(22) 
1(42) 1(49) 1(48) 0(30) 1(49) 
0(33) 1(51) 0(0) 0(35) 
1(50) 0(31) 1(51) 
0(1) 1(51) 
0(27) 

0.3888888888888889
precise=0.2624716553287982
recall=0.3162568306010929
F1score=0.2868649318463445

threshold=0.012199999999999982
1(49) 1(51) 1(48) 1(52) 1(43) 1(51) 0(0) 1(47) 
0(26) 1(48) 1(41) 1(50) 1(52) 0(20) 1(52) 
1(38) 1(52) 0(21) 1(44) 0(0) 0(22) 
1(42) 1(49) 1(48) 0(31) 1(49) 
0(33) 1(51) 0(0) 0(36) 
1(50) 0(31) 1(51) 
0(2) 1(51) 
0(29) 

0.4166666666666667
precise=0.2630106323447118
recall=0.31842818428184283
F1score=0.2880784554091327

threshold=0.012299999999999981
1(49) 1(51) 1(48) 1(52) 1(43) 1(51) 0(0) 1(48) 
0(27) 1(48) 1(42) 1(50) 1(52) 0(20) 1(52) 
1(38) 1(52) 0(21) 1(44) 0(0) 0(22) 
1(42) 1(49) 1(48) 0(31) 1(49) 
0(33) 1(51) 0(0) 0(36) 
1(50) 0(32) 1(51) 
0(2) 1(51) 
0(30) 

0.4166666666666667
precise=0.26353591160220996
recall=0.32056451612903225
F1score=0.28926622195269863

threshold=0.01239999999999998
1(50) 1(51) 1(48) 1(52) 1(43) 1(51) 0(0) 1(48) 
0(27) 1(48) 1(42) 1(50) 1(52) 0(20) 1(52) 
1(38) 1(52) 0(21) 1(44) 0(0) 0(22) 
1(43) 1(49) 1(48) 0(31) 1(49) 
0(34) 1(51) 0(0) 0(36) 
1(50) 0(32) 1(51) 
0(2) 1(51) 
0(30) 

0.4166666666666667
precise=0.2640480087288598
recall=0.32266666666666666
F1score=0.29042904290429045

threshold=0.01249999999999998
1(50) 1(51) 1(48) 1(52) 1(43) 1(51) 0(0) 1(48) 
0(27) 1(48) 1(42) 1(50) 1(52) 0(20) 1(52) 
1(38) 1(52) 0(22) 1(44) 0(0) 0(23) 
1(43) 1(49) 1(48) 0(31) 1(49) 
0(34) 1(51) 0(0) 0(36) 
1(50) 0(33) 1(51) 
0(2) 1(51) 
0(31) 

0.4166666666666667
precise=0.2645474137931034
recall=0.3247354497354497
F1score=0.2915676959619953

threshold=0.01259999999999998
1(50) 1(51) 1(48) 1(52) 1(44) 1(51) 0(0) 1(48) 
0(27) 1(48) 1(42) 1(50) 1(52) 0(21) 1(52) 
1(38) 1(52) 0(22) 1(44) 0(0) 0(23) 
1(43) 1(49) 1(48) 0(31) 1(49) 
0(34) 1(51) 0(0) 0(36) 
1(50) 0(35) 1(51) 
0(2) 1(51) 
0(34) 

0.4166666666666667
precise=0.2650345928685471
recall=0.32677165354330706
F1score=0.2926829268292683

threshold=0.012699999999999979
1(50) 1(51) 1(48) 1(52) 1(44) 1(51) 0(0) 1(48) 
0(27) 1(48) 1(42) 1(50) 1(52) 0(21) 1(52) 
1(38) 1(52) 0(22) 1(44) 0(0) 0(23) 
1(43) 1(49) 1(48) 0(31) 1(49) 
0(34) 1(51) 0(0) 0(36) 
1(50) 0(35) 1(51) 
0(2) 1(51) 
0(34) 

0.4166666666666667
precise=0.2655099894847529
recall=0.3287760416666667
F1score=0.2937754508435137

threshold=0.012799999999999978
1(50) 1(51) 1(48) 1(52) 1(44) 1(51) 0(0) 1(48) 
0(27) 1(48) 1(42) 1(50) 1(52) 0(22) 1(52) 
1(38) 1(52) 0(22) 1(44) 0(0) 0(24) 
1(43) 1(49) 1(48) 0(31) 1(49) 
0(36) 1(51) 0(0) 0(36) 
1(50) 0(35) 1(51) 
0(2) 1(51) 
0(34) 

0.4166666666666667
precise=0.265974025974026
recall=0.330749354005168
F1score=0.2948459545061906

threshold=0.012899999999999977
1(51) 1(51) 1(48) 1(52) 1(44) 1(51) 0(0) 1(48) 
0(27) 1(48) 1(44) 1(50) 1(52) 0(22) 1(52) 
1(38) 1(52) 0(23) 1(44) 0(0) 0(24) 
1(43) 1(49) 1(48) 0(32) 1(49) 
0(36) 1(51) 0(0) 0(36) 
1(50) 0(35) 1(51) 
0(2) 1(51) 
0(34) 

0.4166666666666667
precise=0.26642710472279263
recall=0.3326923076923077
F1score=0.2958950969213227

threshold=0.012999999999999977
1(51) 1(51) 1(48) 1(52) 1(45) 1(51) 0(0) 1(48) 
0(28) 1(48) 1(44) 1(50) 1(52) 0(22) 1(52) 
1(38) 1(52) 0(23) 1(44) 0(0) 0(24) 
1(43) 1(49) 1(48) 0(32) 1(49) 
0(36) 1(51) 0(0) 0(36) 
1(50) 0(35) 1(51) 
0(2) 1(51) 
0(34) 

0.4166666666666667
precise=0.26686960933536275
recall=0.3346055979643766
F1score=0.296923511148744

threshold=0.013099999999999976
1(51) 1(51) 1(48) 1(52) 1(46) 1(51) 0(0) 1(48) 
0(29) 1(48) 1(44) 1(50) 1(52) 0(22) 1(52) 
1(38) 1(52) 0(23) 1(44) 0(0) 0(24) 
1(43) 1(49) 1(48) 0(32) 1(49) 
0(36) 1(51) 0(0) 1(37) 
1(50) 0(35) 1(51) 
0(2) 1(51) 
0(34) 

0.3888888888888889
precise=0.2671679197994987
recall=0.336489898989899
F1score=0.2978485610505728

threshold=0.013199999999999976
1(51) 1(51) 1(48) 1(52) 1(46) 1(51) 0(0) 1(48) 
0(30) 1(49) 1(44) 1(50) 1(52) 0(22) 1(52) 
1(38) 1(52) 0(23) 1(44) 0(0) 0(24) 
1(44) 1(49) 1(48) 0(32) 1(49) 
0(36) 1(51) 0(0) 1(37) 
1(50) 0(35) 1(51) 
0(2) 1(51) 
0(34) 

0.3888888888888889
precise=0.2674591381872214
recall=0.3383458646616541
F1score=0.2987551867219917

threshold=0.013299999999999975
1(51) 1(51) 1(48) 1(52) 1(46) 1(51) 0(0) 1(48) 
0(30) 1(49) 1(44) 1(50) 1(52) 0(22) 1(52) 
1(38) 1(52) 0(23) 1(44) 0(0) 0(24) 
1(44) 1(50) 1(48) 0(32) 1(49) 
0(36) 1(51) 0(0) 1(38) 
1(50) 0(35) 1(51) 
0(2) 1(51) 
0(34) 

0.3888888888888889
precise=0.2677435144395497
recall=0.3401741293532338
F1score=0.2996439331689948

threshold=0.013399999999999974
1(51) 1(51) 1(48) 1(52) 1(46) 1(51) 0(0) 1(49) 
0(31) 1(49) 1(44) 1(50) 1(52) 0(22) 1(52) 
1(38) 1(52) 0(23) 1(44) 0(0) 0(24) 
1(44) 1(50) 1(48) 0(32) 1(49) 
1(37) 1(51) 0(0) 1(38) 
1(50) 0(36) 1(51) 
0(5) 1(51) 
0(36) 

0.4166666666666667
precise=0.2683752417794971
recall=0.3425925925925926
F1score=0.3009761388286334

threshold=0.013499999999999974
1(51) 1(51) 1(48) 1(52) 1(46) 1(51) 0(0) 1(49) 
0(31) 1(49) 1(44) 1(50) 1(52) 0(23) 1(52) 
1(38) 1(52) 0(24) 1(44) 0(0) 0(24) 
1(44) 1(50) 1(48) 0(32) 1(49) 
1(37) 1(51) 0(0) 1(38) 
1(50) 0(36) 1(51) 
0(5) 1(51) 
0(36) 

0.4166666666666667
precise=0.26899187768752986
recall=0.3449754901960784
F1score=0.3022818791946309

threshold=0.013599999999999973
1(51) 1(52) 1(48) 1(52) 1(46) 1(51) 0(0) 1(49) 
0(31) 1(49) 1(44) 1(50) 1(52) 0(23) 1(52) 
1(38) 1(52) 0(24) 1(44) 0(0) 0(24) 
1(44) 1(50) 1(48) 0(32) 1(49) 
1(37) 1(51) 0(0) 1(40) 
1(50) 1(37) 1(51) 
0(5) 1(51) 
0(36) 

0.4444444444444444
precise=0.26993865030674846
recall=0.34793187347931875
F1score=0.3040127557799628

threshold=0.013699999999999973
1(51) 1(52) 1(48) 1(52) 1(46) 1(51) 0(0) 1(49) 
0(31) 1(49) 1(44) 1(50) 1(52) 0(23) 1(52) 
1(38) 1(52) 0(24) 1(44) 0(0) 0(24) 
1(44) 1(50) 1(48) 0(32) 1(49) 
1(37) 1(51) 0(0) 1(40) 
1(50) 1(37) 1(51) 
0(5) 1(51) 
1(37) 

0.4166666666666667
precise=0.2707362534948742
recall=0.3508454106280193
F1score=0.3056286165176223

threshold=0.013799999999999972
1(51) 1(52) 1(48) 1(52) 1(46) 1(51) 0(0) 1(49) 
0(31) 1(49) 1(45) 1(50) 1(52) 0(23) 1(52) 
1(39) 1(52) 0(26) 1(44) 0(0) 0(24) 
1(44) 1(50) 1(49) 0(32) 1(49) 
1(38) 1(51) 0(0) 1(40) 
1(50) 1(38) 1(51) 
0(6) 1(51) 
1(39) 

0.4166666666666667
precise=0.27151403589507594
recall=0.3537170263788969
F1score=0.3072116636292632

threshold=0.013899999999999971
1(51) 1(52) 1(48) 1(52) 1(46) 1(51) 0(0) 1(49) 
0(31) 1(49) 1(45) 1(50) 1(52) 0(23) 1(52) 
1(39) 1(52) 0(26) 1(44) 0(0) 0(24) 
1(44) 1(50) 1(49) 0(32) 1(49) 
1(38) 1(51) 0(0) 1(40) 
1(50) 1(38) 1(51) 
0(6) 1(51) 
1(40) 

0.4166666666666667
precise=0.2722727272727273
recall=0.35654761904761906
F1score=0.30876288659793816

threshold=0.01399999999999997
1(51) 1(52) 1(48) 1(52) 1(46) 1(51) 0(0) 1(49) 
0(31) 1(49) 1(45) 1(50) 1(52) 0(23) 1(52) 
1(39) 1(52) 0(26) 1(44) 0(0) 0(25) 
1(44) 1(50) 1(49) 0(32) 1(49) 
1(38) 1(51) 0(0) 1(40) 
1(50) 1(39) 1(51) 
0(6) 1(51) 
1(41) 

0.4166666666666667
precise=0.27301302200269423
recall=0.35933806146572106
F1score=0.3102832355192651

threshold=0.01409999999999997
1(51) 1(52) 1(48) 1(52) 1(46) 1(51) 0(0) 1(49) 
0(31) 1(49) 1(45) 1(50) 1(52) 0(23) 1(52) 
1(39) 1(52) 0(26) 1(44) 0(0) 0(26) 
1(44) 1(50) 1(49) 0(32) 1(49) 
1(38) 1(51) 0(0) 1(41) 
1(50) 1(41) 1(51) 
0(6) 1(51) 
1(41) 

0.4166666666666667
precise=0.2737355811889973
recall=0.36208920187793425
F1score=0.3117736230419404

threshold=0.01419999999999997
1(51) 1(52) 1(48) 1(52) 1(46) 1(51) 0(0) 1(49) 
0(31) 1(49) 1(46) 1(50) 1(52) 0(23) 1(52) 
1(39) 1(52) 0(26) 1(45) 0(0) 0(26) 
1(44) 1(50) 1(49) 0(32) 1(49) 
1(38) 1(52) 0(0) 1(41) 
1(50) 1(41) 1(51) 
0(6) 1(51) 
1(42) 

0.4166666666666667
precise=0.2744410346339325
recall=0.36480186480186483
F1score=0.313234926194646

threshold=0.014299999999999969
1(51) 1(52) 1(48) 1(52) 1(47) 1(51) 0(0) 1(49) 
0(32) 1(49) 1(47) 1(50) 1(52) 0(24) 1(52) 
1(39) 1(52) 0(26) 1(46) 0(0) 0(26) 
1(44) 1(50) 1(49) 0(32) 1(49) 
1(39) 1(52) 0(0) 1(41) 
1(50) 1(41) 1(51) 
0(6) 1(51) 
1(42) 

0.4166666666666667
precise=0.2751299826689775
recall=0.36747685185185186
F1score=0.31466798810703667

threshold=0.014399999999999968
1(51) 1(52) 1(48) 1(52) 1(47) 1(51) 0(0) 1(49) 
0(32) 1(49) 1(48) 1(50) 1(52) 0(24) 1(52) 
1(39) 1(52) 0(26) 1(46) 0(0) 0(27) 
1(44) 1(50) 1(49) 0(32) 1(49) 
1(40) 1(52) 0(0) 1(42) 
1(50) 1(41) 1(51) 
0(6) 1(51) 
1(42) 

0.4166666666666667
precise=0.27580299785867235
recall=0.3701149425287356
F1score=0.31607361963190184

threshold=0.014499999999999968
1(51) 1(52) 1(48) 1(52) 1(47) 1(51) 0(0) 1(49) 
0(32) 1(49) 1(48) 1(50) 1(52) 0(25) 1(52) 
1(39) 1(52) 0(26) 1(46) 0(0) 0(27) 
1(44) 1(50) 1(49) 0(32) 1(49) 
1(40) 1(52) 0(0) 1(42) 
1(50) 1(41) 1(51) 
0(6) 1(52) 
1(42) 

0.4166666666666667
precise=0.2764606265876376
recall=0.3727168949771689
F1score=0.3174526008750608

threshold=0.014599999999999967
1(51) 1(52) 1(48) 1(52) 1(47) 1(51) 0(0) 1(49) 
0(32) 1(49) 1(48) 1(50) 1(52) 0(25) 1(52) 
1(39) 1(52) 0(26) 1(46) 0(0) 0(27) 
1(44) 1(50) 1(49) 0(32) 1(49) 
1(40) 1(52) 0(0) 1(42) 
1(50) 1(41) 1(51) 
0(6) 1(52) 
1(42) 

0.4166666666666667
precise=0.2771033905399749
recall=0.37528344671201813
F1score=0.3188056826390561

threshold=0.014699999999999967
1(51) 1(52) 1(48) 1(52) 1(47) 1(51) 0(0) 1(49) 
0(32) 1(49) 1(49) 1(50) 1(52) 0(25) 1(52) 
1(39) 1(52) 0(26) 1(46) 0(0) 0(27) 
1(44) 1(50) 1(49) 0(32) 1(49) 
1(40) 1(52) 0(0) 1(42) 
1(50) 1(42) 1(51) 
0(6) 1(52) 
1(43) 

0.4166666666666667
precise=0.2777317880794702
recall=0.3778153153153153
F1score=0.32013358778625955

threshold=0.014799999999999966
1(51) 1(52) 1(48) 1(52) 1(47) 1(51) 0(0) 1(49) 
0(32) 1(49) 1(49) 1(50) 1(52) 0(25) 1(52) 
1(39) 1(52) 0(26) 1(46) 0(0) 0(27) 
1(44) 1(50) 1(49) 0(32) 1(49) 
1(40) 1(52) 0(0) 1(42) 
1(50) 1(42) 1(51) 
0(6) 1(52) 
1(43) 

0.4166666666666667
precise=0.2783462955382726
recall=0.38031319910514544
F1score=0.32143701252658946

threshold=0.014899999999999965
1(51) 1(52) 1(48) 1(52) 1(47) 1(51) 0(0) 1(49) 
0(32) 1(49) 1(49) 1(51) 1(52) 0(25) 1(52) 
1(39) 1(52) 0(26) 1(46) 0(0) 0(27) 
1(44) 1(50) 1(49) 0(32) 1(49) 
1(40) 1(52) 0(0) 1(43) 
1(50) 1(42) 1(51) 
0(6) 1(52) 
1(43) 

0.4166666666666667
precise=0.2789473684210526
recall=0.3827777777777778
F1score=0.3227166276346604

threshold=0.014999999999999965
1(51) 1(52) 1(48) 1(52) 1(47) 1(51) 0(0) 1(49) 
0(33) 1(49) 1(50) 1(51) 1(52) 0(26) 1(52) 
1(39) 1(52) 0(26) 1(46) 0(0) 0(27) 
1(44) 1(50) 1(49) 0(32) 1(49) 
1(40) 1(52) 0(0) 1(43) 
1(50) 1(42) 1(51) 
0(7) 1(52) 
1(43) 

0.4166666666666667
precise=0.27953544253103724
recall=0.3852097130242826
F1score=0.32397307960083543

threshold=0.015099999999999964
1(51) 1(52) 1(48) 1(52) 1(47) 1(51) 0(0) 1(49) 
0(34) 1(49) 1(50) 1(51) 1(52) 0(27) 1(52) 
1(39) 1(52) 0(26) 1(47) 0(0) 0(27) 
1(44) 1(50) 1(49) 0(32) 1(49) 
1(40) 1(52) 0(0) 1(43) 
1(50) 1(42) 1(51) 
0(7) 1(52) 
1(43) 

0.4166666666666667
precise=0.28011093502377177
recall=0.38760964912280704
F1score=0.3252069917203312

threshold=0.015199999999999964
1(51) 1(52) 1(48) 1(52) 1(47) 1(51) 0(0) 1(49) 
0(34) 1(49) 1(50) 1(51) 1(52) 0(28) 1(52) 
1(39) 1(52) 0(26) 1(47) 0(0) 0(28) 
1(44) 1(50) 1(49) 0(32) 1(49) 
1(40) 1(52) 0(0) 1(43) 
1(50) 1(42) 1(51) 
0(7) 1(52) 
1(43) 

0.4166666666666667
precise=0.28067424539396313
recall=0.3899782135076253
F1score=0.3264189651242307

threshold=0.015299999999999963
1(51) 1(52) 1(48) 1(52) 1(47) 1(51) 0(0) 1(49) 
0(35) 1(49) 1(50) 1(51) 1(52) 0(29) 1(52) 
1(39) 1(52) 0(27) 1(47) 0(0) 0(28) 
1(44) 1(50) 1(49) 0(32) 1(49) 
1(40) 1(52) 0(0) 1(43) 
1(50) 1(42) 1(51) 
0(7) 1(52) 
1(43) 

0.4166666666666667
precise=0.28122575640031033
recall=0.39231601731601734
F1score=0.32760957975598737

threshold=0.015399999999999962
1(51) 1(52) 1(48) 1(52) 1(47) 1(51) 0(0) 1(50) 
0(35) 1(49) 1(50) 1(51) 1(52) 0(29) 1(52) 
1(40) 1(52) 0(28) 1(47) 0(0) 0(28) 
1(44) 1(50) 1(49) 0(32) 1(49) 
1(40) 1(52) 0(0) 1(43) 
1(50) 1(42) 1(51) 
0(7) 1(52) 
1(43) 

0.4166666666666667
precise=0.2817658349328215
recall=0.3946236559139785
F1score=0.32877939529675254

threshold=0.015499999999999962
1(51) 1(52) 1(48) 1(52) 1(47) 1(51) 0(0) 1(50) 
0(35) 1(49) 1(50) 1(51) 1(52) 0(29) 1(52) 
1(40) 1(52) 0(28) 1(48) 0(0) 0(28) 
1(45) 1(50) 1(49) 0(32) 1(49) 
1(40) 1(52) 0(0) 1(43) 
1(50) 1(42) 1(51) 
0(7) 1(52) 
1(43) 

0.4166666666666667
precise=0.2822948328267477
recall=0.3969017094017094
F1score=0.3299289520426288

threshold=0.015599999999999961
1(51) 1(52) 1(48) 1(52) 1(48) 1(51) 0(0) 1(50) 
0(35) 1(49) 1(50) 1(51) 1(52) 0(29) 1(52) 
1(40) 1(52) 0(28) 1(49) 0(0) 0(28) 
1(45) 1(50) 1(49) 0(32) 1(49) 
1(42) 1(52) 0(0) 1(43) 
1(50) 1(42) 1(51) 
0(7) 1(52) 
1(43) 

0.4166666666666667
precise=0.2828130876269274
recall=0.3991507430997877
F1score=0.3310587717367378

threshold=0.01569999999999996
1(51) 1(52) 1(49) 1(52) 1(48) 1(51) 0(0) 1(50) 
0(35) 1(49) 1(50) 1(51) 1(52) 0(29) 1(52) 
1(40) 1(52) 0(28) 1(49) 0(0) 0(28) 
1(46) 1(50) 1(49) 0(33) 1(49) 
1(42) 1(52) 0(0) 1(44) 
1(50) 1(42) 1(51) 
0(7) 1(52) 
1(44) 

0.4166666666666667
precise=0.28332092330603126
recall=0.40137130801687765
F1score=0.3321693583587953

threshold=0.01579999999999996
1(51) 1(52) 1(49) 1(52) 1(48) 1(51) 0(0) 1(50) 
0(35) 1(49) 1(50) 1(51) 1(52) 0(29) 1(52) 
1(40) 1(52) 0(28) 1(49) 0(0) 0(29) 
1(46) 1(50) 1(49) 0(33) 1(49) 
1(42) 1(52) 0(0) 1(44) 
1(50) 1(42) 1(51) 
0(7) 1(52) 
1(44) 

0.4166666666666667
precise=0.2838186509399189
recall=0.40356394129979034
F1score=0.33326119887470246

threshold=0.01589999999999996
1(51) 1(52) 1(49) 1(52) 1(48) 1(52) 0(0) 1(50) 
0(35) 1(49) 1(50) 1(51) 1(52) 0(29) 1(52) 
1(40) 1(52) 0(29) 1(49) 0(0) 0(29) 
1(46) 1(50) 1(49) 0(33) 1(49) 
1(43) 1(52) 0(0) 1(44) 
1(50) 1(42) 1(51) 
0(7) 1(52) 
1(44) 

0.4166666666666667
precise=0.2843065693430657
recall=0.40572916666666664
F1score=0.33433476394849787

threshold=0.01599999999999996
1(51) 1(52) 1(49) 1(52) 1(48) 1(52) 0(0) 1(50) 
0(35) 1(49) 1(50) 1(51) 1(52) 0(29) 1(52) 
1(40) 1(52) 0(29) 1(49) 0(0) 0(30) 
1(46) 1(50) 1(49) 0(33) 1(49) 
1(43) 1(52) 0(0) 1(44) 
1(50) 1(42) 1(51) 
0(7) 1(52) 
1(44) 

0.4166666666666667
precise=0.2847849656667871
recall=0.4078674948240166
F1score=0.33539050861885505

threshold=0.016099999999999958
1(51) 1(52) 1(49) 1(52) 1(48) 1(52) 0(0) 1(51) 
0(35) 1(49) 1(50) 1(51) 1(52) 0(29) 1(52) 
1(41) 1(52) 0(29) 1(49) 0(0) 0(31) 
1(46) 1(50) 1(49) 0(33) 1(49) 
1(43) 1(52) 0(0) 1(44) 
1(50) 1(42) 1(51) 
0(7) 1(52) 
1(44) 

0.4166666666666667
precise=0.2852541159627774
recall=0.40997942386831276
F1score=0.33642887294216967

threshold=0.016199999999999957
1(51) 1(52) 1(49) 1(52) 1(49) 1(52) 0(0) 1(51) 
0(35) 1(49) 1(50) 1(51) 1(52) 0(29) 1(52) 
1(41) 1(52) 0(29) 1(49) 0(0) 0(31) 
1(46) 1(50) 1(49) 0(33) 1(49) 
1(43) 1(52) 0(0) 1(45) 
1(50) 1(42) 1(51) 
0(7) 1(52) 
1(44) 

0.4166666666666667
precise=0.2857142857142857
recall=0.4120654396728016
F1score=0.33745028260414484

threshold=0.016299999999999957
1(51) 1(52) 1(49) 1(52) 1(49) 1(52) 0(0) 1(51) 
0(35) 1(49) 1(50) 1(51) 1(52) 0(29) 1(52) 
1(41) 1(52) 0(29) 1(50) 0(0) 0(31) 
1(46) 1(50) 1(49) 0(33) 1(49) 
1(43) 1(52) 0(0) 1(45) 
1(50) 1(42) 1(51) 
0(7) 1(52) 
1(44) 

0.4166666666666667
precise=0.28616573033707865
recall=0.4141260162601626
F1score=0.3384551495016611

threshold=0.016399999999999956
1(51) 1(52) 1(49) 1(52) 1(49) 1(52) 0(0) 1(51) 
0(35) 1(49) 1(50) 1(51) 1(52) 0(29) 1(52) 
1(41) 1(52) 0(29) 1(50) 0(0) 0(31) 
1(46) 1(50) 1(49) 0(33) 1(49) 
1(43) 1(52) 0(0) 1(45) 
1(50) 1(42) 1(51) 
0(7) 1(52) 
1(45) 

0.4166666666666667
precise=0.2866086956521739
recall=0.4161616161616162
F1score=0.33944387229660145

threshold=0.016499999999999956
1(51) 1(52) 1(49) 1(52) 1(49) 1(52) 0(0) 1(51) 
0(35) 1(49) 1(50) 1(51) 1(52) 0(29) 1(52) 
1(41) 1(52) 0(29) 1(50) 0(0) 0(31) 
1(46) 1(50) 1(49) 0(33) 1(49) 
1(43) 1(52) 0(0) 1(45) 
1(50) 1(42) 1(51) 
0(7) 1(52) 
1(46) 

0.4166666666666667
precise=0.2870434183321847
recall=0.4181726907630522
F1score=0.34041683694319574

threshold=0.016599999999999955
1(51) 1(52) 1(49) 1(52) 1(49) 1(52) 0(0) 1(51) 
1(37) 1(49) 1(50) 1(51) 1(52) 0(30) 1(52) 
1(41) 1(52) 0(29) 1(50) 0(0) 0(33) 
1(46) 1(50) 1(49) 0(33) 1(49) 
1(43) 1(52) 0(0) 1(45) 
1(51) 1(42) 1(51) 
0(7) 1(52) 
1(47) 

0.4444444444444444
precise=0.2877133105802048
recall=0.42065868263473055
F1score=0.34171057965139845

threshold=0.016699999999999954
1(51) 1(52) 1(49) 1(52) 1(49) 1(52) 0(0) 1(51) 
1(37) 1(49) 1(50) 1(51) 1(52) 0(30) 1(52) 
1(41) 1(52) 0(29) 1(50) 0(0) 0(33) 
1(46) 1(50) 1(49) 0(33) 1(49) 
1(43) 1(52) 0(0) 1(45) 
1(51) 1(42) 1(51) 
0(7) 1(52) 
1(47) 

0.4444444444444444
precise=0.28837052062204194
recall=0.42311507936507936
F1score=0.34298351427422596

threshold=0.016799999999999954
1(51) 1(52) 1(49) 1(52) 1(49) 1(52) 0(0) 1(51) 
1(37) 1(49) 1(50) 1(51) 1(52) 0(32) 1(52) 
1(41) 1(52) 0(30) 1(50) 0(0) 0(33) 
1(46) 1(50) 1(49) 0(33) 1(49) 
1(43) 1(52) 0(0) 1(45) 
1(51) 1(42) 1(51) 
0(8) 1(52) 
1(47) 

0.4444444444444444
precise=0.28901540522438046
recall=0.4255424063116371
F1score=0.3442361388113283

threshold=0.016899999999999953
1(51) 1(52) 1(49) 1(52) 1(49) 1(52) 0(0) 1(51) 
1(37) 1(49) 1(50) 1(51) 1(52) 0(33) 1(52) 
1(41) 1(52) 0(30) 1(50) 0(0) 0(33) 
1(46) 1(50) 1(49) 0(33) 1(49) 
1(43) 1(52) 0(0) 1(46) 
1(51) 1(42) 1(51) 
0(8) 1(52) 
1(48) 

0.4444444444444444
precise=0.2896483078964831
recall=0.4279411764705882
F1score=0.3454689354966363

threshold=0.016999999999999953
1(51) 1(52) 1(49) 1(52) 1(49) 1(52) 0(0) 1(51) 
1(37) 1(49) 1(50) 1(51) 1(52) 0(34) 1(52) 
1(41) 1(52) 0(30) 1(50) 0(0) 0(33) 
1(46) 1(50) 1(49) 0(33) 1(49) 
1(43) 1(52) 0(0) 1(46) 
1(51) 1(42) 1(51) 
0(8) 1(52) 
1(48) 

0.4444444444444444
precise=0.29026955950032873
recall=0.43031189083820665
F1score=0.34668237141735375

threshold=0.017099999999999952
1(51) 1(52) 1(49) 1(52) 1(49) 1(52) 0(0) 1(51) 
1(37) 1(49) 1(50) 1(51) 1(52) 0(34) 1(52) 
1(41) 1(52) 0(30) 1(50) 0(0) 0(33) 
1(46) 1(50) 1(49) 0(34) 1(49) 
1(43) 1(52) 0(0) 1(46) 
1(51) 1(42) 1(51) 
0(8) 1(52) 
1(48) 

0.4444444444444444
precise=0.29087947882736154
recall=0.4326550387596899
F1score=0.3478768991040125

threshold=0.01719999999999995
1(51) 1(52) 1(49) 1(52) 1(50) 1(52) 0(0) 1(51) 
1(37) 1(49) 1(50) 1(51) 1(52) 0(35) 1(52) 
1(41) 1(52) 0(30) 1(50) 0(0) 0(34) 
1(46) 1(50) 1(49) 0(34) 1(49) 
1(43) 1(52) 0(0) 1(46) 
1(51) 1(43) 1(51) 
0(8) 1(52) 
1(48) 

0.4444444444444444
precise=0.29147837314396385
recall=0.434971098265896
F1score=0.3490529570931581

threshold=0.01729999999999995
1(51) 1(52) 1(49) 1(52) 1(50) 1(52) 0(0) 1(51) 
1(38) 1(49) 1(51) 1(51) 1(52) 0(35) 1(52) 
1(41) 1(52) 0(30) 1(50) 0(0) 0(34) 
1(46) 1(50) 1(49) 0(34) 1(49) 
1(43) 1(52) 0(0) 1(46) 
1(51) 1(43) 1(51) 
0(8) 1(52) 
1(48) 

0.4444444444444444
precise=0.29206653870761357
recall=0.43726053639846746
F1score=0.350210970464135

threshold=0.01739999999999995
1(51) 1(52) 1(49) 1(52) 1(50) 1(52) 0(0) 1(51) 
1(38) 1(49) 1(51) 1(51) 1(52) 0(35) 1(52) 
1(42) 1(52) 0(30) 1(50) 0(0) 0(34) 
1(46) 1(50) 1(49) 0(34) 1(49) 
1(43) 1(52) 0(0) 1(46) 
1(51) 1(43) 1(51) 
0(8) 1(52) 
1(48) 

0.4444444444444444
precise=0.2926442612555485
recall=0.43952380952380954
F1score=0.35135135135135137

threshold=0.01749999999999995
1(51) 1(52) 1(49) 1(52) 1(50) 1(52) 0(0) 1(51) 
1(38) 1(49) 1(51) 1(51) 1(52) 0(35) 1(52) 
1(42) 1(52) 0(31) 1(50) 0(0) 0(34) 
1(46) 1(50) 1(49) 0(34) 1(49) 
1(43) 1(52) 0(0) 1(47) 
1(51) 1(43) 1(51) 
0(8) 1(52) 
1(48) 

0.4444444444444444
precise=0.29321181646763045
recall=0.44176136363636365
F1score=0.35247449943332076

threshold=0.01759999999999995
1(51) 1(52) 1(49) 1(52) 1(50) 1(52) 0(0) 1(51) 
1(38) 1(49) 1(51) 1(51) 1(52) 0(35) 1(52) 
1(43) 1(52) 0(32) 1(50) 0(0) 0(35) 
1(46) 1(50) 1(49) 0(34) 1(49) 
1(43) 1(52) 0(0) 1(47) 
1(51) 1(43) 1(51) 
0(9) 1(52) 
1(48) 

0.4444444444444444
precise=0.2937694704049844
recall=0.4439736346516008
F1score=0.3535808023997

threshold=0.01769999999999995
1(51) 1(52) 1(49) 1(52) 1(50) 1(52) 0(0) 1(51) 
1(38) 1(49) 1(51) 1(51) 1(52) 0(36) 1(52) 
1(43) 1(52) 0(33) 1(50) 0(0) 0(36) 
1(46) 1(50) 1(49) 0(34) 1(49) 
1(43) 1(52) 0(0) 1(47) 
1(51) 1(43) 1(51) 
0(10) 1(52) 
1(48) 

0.4444444444444444
precise=0.2943174799258802
recall=0.4461610486891386
F1score=0.3546706363974693

threshold=0.017799999999999948
1(51) 1(52) 1(49) 1(52) 1(50) 1(52) 0(0) 1(51) 
1(38) 1(49) 1(51) 1(51) 1(52) 0(36) 1(52) 
1(43) 1(52) 0(33) 1(50) 0(0) 1(37) 
1(46) 1(50) 1(49) 0(34) 1(49) 
1(43) 1(52) 0(0) 1(48) 
1(51) 1(43) 1(51) 
0(10) 1(52) 
1(49) 

0.4166666666666667
precise=0.29476584022038566
recall=0.4483240223463687
F1score=0.3556786703601108

threshold=0.017899999999999947
1(51) 1(52) 1(49) 1(52) 1(50) 1(52) 0(0) 1(51) 
1(38) 1(49) 1(51) 1(51) 1(52) 0(36) 1(52) 
1(43) 1(52) 0(33) 1(51) 0(0) 1(37) 
1(46) 1(50) 1(49) 0(34) 1(49) 
1(43) 1(52) 0(0) 1(48) 
1(51) 1(43) 1(51) 
0(10) 1(52) 
1(49) 

0.4166666666666667
precise=0.29520631067961167
recall=0.45046296296296295
F1score=0.35667155425219943

threshold=0.017999999999999947
1(51) 1(52) 1(49) 1(52) 1(50) 1(52) 0(0) 1(51) 
1(39) 1(49) 1(51) 1(51) 1(52) 1(37) 1(52) 
1(43) 1(52) 0(33) 1(51) 0(0) 1(37) 
1(46) 1(50) 1(49) 0(35) 1(49) 
1(43) 1(52) 0(0) 1(48) 
1(51) 1(44) 1(51) 
0(10) 1(52) 
1(49) 

0.3888888888888889
precise=0.29555021046301866
recall=0.4525782688766114
F1score=0.3575845762095307

threshold=0.018099999999999946
1(51) 1(52) 1(49) 1(52) 1(50) 1(52) 0(0) 1(52) 
1(41) 1(49) 1(51) 1(51) 1(52) 1(37) 1(52) 
1(44) 1(52) 0(33) 1(51) 0(0) 1(37) 
1(46) 1(50) 1(49) 0(35) 1(49) 
1(44) 1(52) 0(0) 1(48) 
1(51) 1(45) 1(51) 
0(11) 1(52) 
1(49) 

0.3888888888888889
precise=0.2958879618593564
recall=0.45467032967032966
F1score=0.35848375451263537

threshold=0.018199999999999945
1(51) 1(52) 1(49) 1(52) 1(50) 1(52) 0(0) 1(52) 
1(42) 1(49) 1(51) 1(51) 1(52) 1(37) 1(52) 
1(44) 1(52) 0(35) 1(51) 0(0) 1(38) 
1(46) 1(50) 1(49) 0(35) 1(49) 
1(44) 1(52) 0(0) 1(48) 
1(51) 1(45) 1(51) 
0(11) 1(52) 
1(49) 

0.3888888888888889
precise=0.29621972829297105
recall=0.45673952641165755
F1score=0.3593694016481548

threshold=0.018299999999999945
1(51) 1(52) 1(49) 1(52) 1(50) 1(52) 0(0) 1(52) 
1(43) 1(49) 1(51) 1(51) 1(52) 1(37) 1(52) 
1(44) 1(52) 0(35) 1(51) 0(0) 1(38) 
1(46) 1(50) 1(49) 0(36) 1(49) 
1(45) 1(52) 0(0) 1(48) 
1(51) 1(45) 1(51) 
0(12) 1(52) 
1(49) 

0.3888888888888889
precise=0.2965456674473068
recall=0.458786231884058
F1score=0.36024182076813654

threshold=0.018399999999999944
1(51) 1(52) 1(49) 1(52) 1(51) 1(52) 0(0) 1(52) 
1(44) 1(49) 1(51) 1(51) 1(52) 1(38) 1(52) 
1(44) 1(52) 0(35) 1(51) 0(0) 1(38) 
1(46) 1(50) 1(49) 0(36) 1(49) 
1(45) 1(52) 0(0) 1(48) 
1(51) 1(45) 1(51) 
0(12) 1(52) 
1(49) 

0.3888888888888889
precise=0.2968659315147998
recall=0.4608108108108108
F1score=0.3611013060360042

threshold=0.018499999999999944
1(51) 1(52) 1(49) 1(52) 1(51) 1(52) 0(0) 1(52) 
1(44) 1(49) 1(51) 1(51) 1(52) 1(38) 1(52) 
1(45) 1(52) 0(35) 1(51) 0(0) 1(38) 
1(47) 1(50) 1(49) 0(36) 1(49) 
1(45) 1(52) 0(0) 1(48) 
1(51) 1(45) 1(51) 
0(12) 1(52) 
1(49) 

0.3888888888888889
precise=0.297180667433832
recall=0.4628136200716846
F1score=0.36194814295725297

threshold=0.018599999999999943
1(51) 1(52) 1(49) 1(52) 1(51) 1(52) 0(0) 1(52) 
1(44) 1(49) 1(51) 1(51) 1(52) 1(38) 1(52) 
1(45) 1(52) 0(35) 1(51) 0(0) 1(38) 
1(48) 1(50) 1(49) 0(36) 1(49) 
1(45) 1(52) 0(0) 1(48) 
1(51) 1(45) 1(51) 
0(12) 1(52) 
1(49) 

0.3888888888888889
precise=0.2974900171135197
recall=0.46479500891265596
F1score=0.36278260869565215

threshold=0.018699999999999942
1(51) 1(52) 1(49) 1(52) 1(51) 1(52) 0(0) 1(52) 
1(44) 1(49) 1(51) 1(51) 1(52) 1(38) 1(52) 
1(45) 1(52) 0(36) 1(51) 0(0) 1(39) 
1(48) 1(50) 1(49) 0(36) 1(49) 
1(45) 1(52) 0(0) 1(48) 
1(51) 1(46) 1(51) 
0(12) 1(52) 
1(49) 

0.3888888888888889
precise=0.2977941176470588
recall=0.46675531914893614
F1score=0.3636049723756906

threshold=0.018799999999999942
1(51) 1(52) 1(49) 1(52) 1(51) 1(52) 0(1) 1(52) 
1(44) 1(49) 1(51) 1(51) 1(52) 1(38) 1(52) 
1(45) 1(52) 0(36) 1(51) 0(0) 1(40) 
1(48) 1(50) 1(49) 0(36) 1(49) 
1(45) 1(52) 0(0) 1(48) 
1(51) 1(46) 1(51) 
0(12) 1(52) 
1(49) 

0.3888888888888889
precise=0.29809310151430174
recall=0.468694885361552
F1score=0.3644154953719575

threshold=0.01889999999999994
1(51) 1(52) 1(49) 1(52) 1(51) 1(52) 0(1) 1(52) 
1(44) 1(49) 1(51) 1(51) 1(52) 1(38) 1(52) 
1(45) 1(52) 1(37) 1(51) 0(0) 1(40) 
1(48) 1(50) 1(49) 0(36) 1(49) 
1(45) 1(52) 0(0) 1(49) 
1(51) 1(46) 1(51) 
0(12) 1(52) 
1(49) 

0.3611111111111111
precise=0.2983041423408396
recall=0.4706140350877193
F1score=0.3651522885826102

threshold=0.01899999999999994
1(51) 1(52) 1(49) 1(52) 1(51) 1(52) 0(1) 1(52) 
1(44) 1(49) 1(51) 1(51) 1(52) 1(38) 1(52) 
1(45) 1(52) 1(37) 1(51) 0(0) 1(40) 
1(48) 1(50) 1(49) 0(36) 1(49) 
1(45) 1(52) 0(0) 1(49) 
1(51) 1(46) 1(51) 
0(12) 1(52) 
1(49) 

0.3611111111111111
precise=0.29851157662624034
recall=0.4725130890052356
F1score=0.3658783783783784

threshold=0.01909999999999994
1(51) 1(52) 1(49) 1(52) 1(51) 1(52) 0(1) 1(52) 
1(44) 1(49) 1(51) 1(51) 1(52) 1(38) 1(52) 
1(46) 1(52) 1(37) 1(51) 0(0) 1(40) 
1(48) 1(50) 1(49) 0(36) 1(49) 
1(45) 1(52) 0(0) 1(49) 
1(51) 1(46) 1(51) 
0(12) 1(52) 
1(49) 

0.3611111111111111
precise=0.2987154960371686
recall=0.4743923611111111
F1score=0.3665939963105819

threshold=0.01919999999999994
1(51) 1(52) 1(49) 1(52) 1(51) 1(52) 0(1) 1(52) 
1(44) 1(49) 1(51) 1(51) 1(52) 1(39) 1(52) 
1(46) 1(52) 1(37) 1(51) 0(0) 1(40) 
1(48) 1(50) 1(49) 0(36) 1(49) 
1(45) 1(52) 0(0) 1(49) 
1(51) 1(46) 1(51) 
0(13) 1(52) 
1(49) 

0.3611111111111111
precise=0.2989159891598916
recall=0.47625215889464595
F1score=0.3672993672993673

threshold=0.01929999999999994
1(51) 1(52) 1(49) 1(52) 1(51) 1(52) 0(1) 1(52) 
1(44) 1(49) 1(51) 1(51) 1(52) 1(39) 1(52) 
1(46) 1(52) 1(37) 1(51) 0(0) 1(41) 
1(48) 1(50) 1(49) 0(36) 1(49) 
1(45) 1(52) 0(0) 1(49) 
1(51) 1(46) 1(51) 
0(13) 1(52) 
1(49) 

0.3611111111111111
precise=0.2991131416285945
recall=0.47809278350515466
F1score=0.3679947098693999

threshold=0.019399999999999938
1(51) 1(52) 1(49) 1(52) 1(51) 1(52) 0(1) 1(52) 
1(44) 1(49) 1(51) 1(51) 1(52) 1(39) 1(52) 
1(46) 1(52) 1(37) 1(51) 0(0) 1(41) 
1(48) 1(50) 1(49) 1(37) 1(49) 
1(45) 1(52) 0(0) 1(49) 
1(51) 1(46) 1(51) 
0(13) 1(52) 
1(49) 

0.3333333333333333
precise=0.2992272848387956
recall=0.47991452991452993
F1score=0.36861972755621203

threshold=0.019499999999999938
1(51) 1(52) 1(49) 1(52) 1(51) 1(52) 0(1) 1(52) 
1(44) 1(49) 1(51) 1(51) 1(52) 1(39) 1(52) 
1(46) 1(52) 1(38) 1(51) 0(0) 1(41) 
1(48) 1(50) 1(49) 1(37) 1(49) 
1(45) 1(52) 0(0) 1(49) 
1(51) 1(46) 1(51) 
0(13) 1(52) 
1(49) 

0.3333333333333333
precise=0.2993394980184941
recall=0.4817176870748299
F1score=0.36923578295584164

threshold=0.019599999999999937
1(51) 1(52) 1(49) 1(52) 1(51) 1(52) 0(2) 1(52) 
1(44) 1(49) 1(51) 1(51) 1(52) 1(39) 1(52) 
1(46) 1(52) 1(38) 1(51) 0(0) 1(42) 
1(48) 1(50) 1(49) 1(37) 1(49) 
1(45) 1(52) 0(0) 1(49) 
1(51) 1(46) 1(51) 
0(13) 1(52) 
1(49) 

0.3333333333333333
precise=0.2994498297091957
recall=0.48350253807106597
F1score=0.3698430674648115

threshold=0.019699999999999936
1(51) 1(52) 1(49) 1(52) 1(51) 1(52) 0(2) 1(52) 
1(44) 1(49) 1(51) 1(51) 1(52) 1(39) 1(52) 
1(46) 1(52) 1(38) 1(51) 0(0) 1(42) 
1(48) 1(50) 1(49) 1(37) 1(49) 
1(45) 1(52) 0(0) 1(49) 
1(51) 1(46) 1(51) 
0(14) 1(52) 
1(49) 

0.3333333333333333
precise=0.29955832683813977
recall=0.4852693602693603
F1score=0.3704417670682731

threshold=0.019799999999999936
1(51) 1(52) 1(49) 1(52) 1(51) 1(52) 0(3) 1(52) 
1(44) 1(49) 1(51) 1(51) 1(52) 1(39) 1(52) 
1(47) 1(52) 1(38) 1(51) 0(0) 1(42) 
1(48) 1(50) 1(49) 1(37) 1(49) 
1(45) 1(52) 0(0) 1(49) 
1(51) 1(46) 1(51) 
0(14) 1(52) 
1(49) 

0.3333333333333333
precise=0.29966503478484924
recall=0.4870184254606365
F1score=0.37103206252990906

threshold=0.019899999999999935
1(51) 1(52) 1(49) 1(52) 1(51) 1(52) 0(3) 1(52) 
1(45) 1(49) 1(51) 1(51) 1(52) 1(39) 1(52) 
1(47) 1(52) 1(38) 1(51) 0(0) 1(42) 
1(48) 1(50) 1(50) 1(37) 1(49) 
1(45) 1(52) 0(0) 1(49) 
1(51) 1(46) 1(51) 
0(15) 1(52) 
1(49) 

0.3333333333333333
precise=0.29976999744441607
recall=0.48875
F1score=0.3716141295738951

threshold=0.019999999999999934
1(51) 1(52) 1(49) 1(52) 1(51) 1(52) 0(3) 1(52) 
1(45) 1(50) 1(51) 1(51) 1(52) 1(39) 1(52) 
1(47) 1(52) 1(38) 1(51) 0(0) 1(42) 
1(48) 1(50) 1(50) 1(37) 1(49) 
1(45) 1(52) 0(0) 1(49) 
1(51) 1(46) 1(51) 
0(15) 1(52) 
1(49) 

0.3333333333333333
precise=0.299873257287706
recall=0.4904643449419569
F1score=0.3721881390593047

Max accuracy is 0.6666666666666666 at threshold 0.00030000000000000003
Max precise is 0.3160166432408002 at threshold 0.0
Max recall is 0.4904643449419569 at threshold 0.019999999999999934
Max F1score is 0.3721881390593047 at threshold 0.019999999999999934
