threshold=0.0
0(0) 0(0) 0(1) 0(0) 0(0) 
0(0) 0(1) 0(0) 0(0) 
0(1) 0(0) 0(0) 
0(1) 0(1) 
0(0) 

0.8
precise=0.24792791610585319
recall=0.0
F1score=0.0

threshold=0.02
0(8) 0(0) 0(1) 0(0) 0(0) 
0(0) 0(1) 0(0) 0(0) 
0(7) 0(9) 0(0) 
0(1) 0(1) 
0(4) 

0.8
precise=0.24792791610585319
recall=0.0
F1score=0.0

threshold=0.04
0(15) 0(0) 0(1) 0(0) 0(0) 
0(0) 0(1) 0(1) 0(0) 
0(11) 0(14) 0(4) 
0(4) 0(1) 
0(6) 

0.8
precise=0.24792791610585319
recall=0.0
F1score=0.0

threshold=0.06
0(21) 0(0) 0(1) 0(0) 0(0) 
0(0) 0(1) 0(1) 0(0) 
0(20) 0(19) 0(8) 
0(9) 0(2) 
0(14) 

0.8
precise=0.24792791610585319
recall=0.0
F1score=0.0

threshold=0.08
0(27) 0(0) 0(1) 0(0) 0(0) 
0(0) 0(1) 0(1) 0(0) 
0(33) 0(23) 0(12) 
0(13) 0(2) 
0(24) 

0.8
precise=0.24792791610585319
recall=0.0
F1score=0.0

threshold=0.1
0(28) 0(0) 0(1) 0(0) 0(0) 
0(0) 0(1) 0(2) 0(0) 
0(37) 0(27) 0(14) 
0(16) 0(3) 
0(27) 

0.8
precise=0.24792791610585319
recall=0.0
F1score=0.0

threshold=0.12000000000000001
0(37) 0(0) 0(1) 0(0) 0(0) 
0(0) 0(1) 0(2) 0(0) 
0(42) 0(29) 0(20) 
0(17) 0(3) 
0(28) 

0.8
precise=0.24792791610585319
recall=0.0
F1score=0.0

threshold=0.14
0(42) 0(0) 0(1) 0(0) 0(0) 
0(0) 0(1) 0(2) 0(0) 
0(43) 0(33) 0(25) 
0(19) 0(5) 
0(32) 

0.8
precise=0.24792791610585319
recall=0.0
F1score=0.0

threshold=0.16
1(46) 0(0) 0(1) 0(0) 0(0) 
0(0) 0(1) 0(2) 0(0) 
1(46) 0(34) 0(28) 
0(21) 0(6) 
0(32) 

0.9333333333333333
precise=1.0
recall=0.07407407407407407
F1score=0.13793103448275862

threshold=0.18
1(49) 0(0) 0(1) 0(0) 0(0) 
0(0) 0(1) 0(2) 0(0) 
1(48) 0(34) 0(34) 
0(25) 0(11) 
0(38) 

0.9333333333333333
precise=1.0
recall=0.13333333333333333
F1score=0.23529411764705882

threshold=0.19999999999999998
1(52) 0(0) 0(1) 0(0) 0(0) 
0(0) 0(1) 0(3) 0(0) 
1(48) 0(36) 0(38) 
0(29) 0(13) 
0(39) 

0.9333333333333333
precise=1.0
recall=0.18181818181818182
F1score=0.3076923076923077

threshold=0.21999999999999997
1(55) 0(0) 0(1) 0(0) 0(0) 
0(0) 0(1) 0(5) 0(0) 
1(53) 0(36) 0(43) 
0(30) 0(18) 
0(40) 

0.9333333333333333
precise=1.0
recall=0.2222222222222222
F1score=0.36363636363636365

threshold=0.23999999999999996
1(56) 0(0) 0(1) 0(0) 0(0) 
0(0) 0(1) 0(5) 0(0) 
1(53) 0(37) 1(46) 
0(32) 0(21) 
0(43) 

0.8666666666666667
precise=0.9090909090909091
recall=0.2564102564102564
F1score=0.4

threshold=0.25999999999999995
1(59) 0(0) 0(1) 0(0) 0(0) 
0(0) 0(1) 0(6) 0(0) 
1(54) 0(37) 1(49) 
0(32) 0(27) 
1(45) 

0.9333333333333333
precise=0.8666666666666667
recall=0.30952380952380953
F1score=0.45614035087719296

threshold=0.27999999999999997
1(60) 0(0) 0(1) 0(1) 0(0) 
0(0) 0(1) 0(6) 0(0) 
1(55) 0(39) 1(50) 
0(32) 0(33) 
1(45) 

0.9333333333333333
precise=0.8421052631578947
recall=0.35555555555555557
F1score=0.5

threshold=0.3
1(61) 0(0) 0(1) 0(2) 0(0) 
0(0) 0(1) 0(6) 0(0) 
1(57) 0(40) 1(52) 
0(33) 0(35) 
1(46) 

0.9333333333333333
precise=0.8260869565217391
recall=0.3958333333333333
F1score=0.5352112676056338

threshold=0.32
1(62) 0(0) 0(1) 0(2) 0(0) 
0(0) 0(1) 0(6) 0(0) 
1(57) 0(42) 1(52) 
0(35) 0(38) 
1(46) 

0.9333333333333333
precise=0.8148148148148148
recall=0.43137254901960786
F1score=0.5641025641025641

threshold=0.34
1(62) 0(0) 0(1) 0(2) 0(0) 
0(0) 0(1) 0(7) 0(0) 
1(58) 0(42) 1(52) 
0(38) 0(44) 
1(50) 

0.9333333333333333
precise=0.8064516129032258
recall=0.46296296296296297
F1score=0.5882352941176471

threshold=0.36000000000000004
1(62) 0(0) 0(1) 0(2) 0(0) 
0(0) 0(1) 0(7) 0(0) 
1(58) 0(42) 1(53) 
0(39) 0(44) 
1(52) 

0.9333333333333333
precise=0.8
recall=0.49122807017543857
F1score=0.6086956521739131

threshold=0.38000000000000006
1(62) 0(0) 0(1) 0(3) 0(0) 
0(1) 0(1) 0(7) 0(0) 
1(59) 0(42) 1(53) 
0(40) 1(45) 
1(54) 

0.8666666666666667
precise=0.775
recall=0.5166666666666667
F1score=0.62

threshold=0.4000000000000001
1(64) 0(0) 0(1) 0(3) 0(0) 
0(1) 0(1) 0(10) 0(0) 
1(59) 0(44) 1(54) 
0(41) 1(50) 
1(54) 

0.8666666666666667
precise=0.7555555555555555
recall=0.5396825396825397
F1score=0.6296296296296297

threshold=0.4200000000000001
1(64) 0(0) 0(1) 0(3) 0(0) 
0(1) 0(1) 0(12) 0(0) 
1(59) 1(45) 1(56) 
0(41) 1(52) 
1(54) 

0.8
precise=0.7254901960784313
recall=0.5606060606060606
F1score=0.6324786324786325

threshold=0.4400000000000001
1(64) 0(0) 0(1) 0(3) 0(0) 
0(1) 0(1) 0(14) 0(0) 
1(60) 1(46) 1(56) 
0(41) 1(52) 
1(55) 

0.8
precise=0.7017543859649122
recall=0.5797101449275363
F1score=0.6349206349206349

threshold=0.46000000000000013
1(64) 0(0) 0(1) 0(3) 0(0) 
0(1) 0(1) 0(16) 0(0) 
1(60) 1(46) 1(58) 
0(42) 1(53) 
1(56) 

0.8
precise=0.6825396825396826
recall=0.5972222222222222
F1score=0.6370370370370371

threshold=0.48000000000000015
1(64) 0(0) 0(1) 0(3) 0(0) 
0(3) 0(2) 0(18) 0(0) 
1(60) 1(46) 1(58) 
0(42) 1(53) 
1(57) 

0.8
precise=0.6666666666666666
recall=0.6133333333333333
F1score=0.6388888888888888

threshold=0.5000000000000001
1(64) 0(0) 0(1) 0(3) 0(0) 
0(3) 0(2) 0(20) 0(0) 
1(60) 1(46) 1(58) 
0(42) 1(53) 
1(58) 

0.8
precise=0.6533333333333333
recall=0.6282051282051282
F1score=0.6405228758169934

threshold=0.5200000000000001
1(64) 0(0) 0(1) 0(4) 0(0) 
0(4) 0(2) 0(23) 0(0) 
1(60) 1(47) 1(58) 
0(43) 1(53) 
1(59) 

0.8
precise=0.6419753086419753
recall=0.6419753086419753
F1score=0.6419753086419753

threshold=0.5400000000000001
1(64) 0(0) 0(1) 0(4) 0(0) 
0(5) 0(2) 0(24) 0(0) 
1(60) 1(49) 1(59) 
0(43) 1(53) 
1(60) 

0.8
precise=0.632183908045977
recall=0.6547619047619048
F1score=0.6432748538011696

threshold=0.5600000000000002
1(64) 0(0) 0(1) 0(5) 0(0) 
0(5) 0(2) 0(25) 0(3) 
1(60) 1(49) 1(59) 
1(47) 1(53) 
1(61) 

0.7333333333333333
precise=0.6170212765957447
recall=0.6666666666666666
F1score=0.6408839779005525

threshold=0.5800000000000002
1(64) 0(0) 0(1) 0(5) 0(0) 
0(5) 0(2) 0(29) 0(3) 
1(60) 1(50) 1(59) 
1(47) 1(53) 
1(61) 

0.7333333333333333
precise=0.6039603960396039
recall=0.6777777777777778
F1score=0.6387434554973822

threshold=0.6000000000000002
1(64) 0(0) 0(1) 0(5) 0(0) 
0(6) 0(2) 0(29) 0(3) 
1(60) 1(51) 1(59) 
1(48) 1(54) 
1(61) 

0.7333333333333333
precise=0.5925925925925926
recall=0.6881720430107527
F1score=0.6368159203980099

threshold=0.6200000000000002
1(64) 0(1) 0(1) 0(5) 0(0) 
0(6) 0(2) 0(29) 0(3) 
1(60) 1(51) 1(59) 
1(48) 1(54) 
1(61) 

0.7333333333333333
precise=0.5826086956521739
recall=0.6979166666666666
F1score=0.6350710900473934

threshold=0.6400000000000002
1(64) 0(1) 0(1) 0(5) 0(0) 
0(7) 0(2) 0(29) 0(3) 
1(61) 1(51) 1(59) 
1(48) 1(55) 
1(61) 

0.7333333333333333
precise=0.5737704918032787
recall=0.7070707070707071
F1score=0.6334841628959276

threshold=0.6600000000000003
1(64) 0(1) 0(1) 0(7) 0(0) 
0(7) 0(2) 0(30) 0(3) 
1(61) 1(51) 1(59) 
1(49) 1(55) 
1(61) 

0.7333333333333333
precise=0.5658914728682171
recall=0.7156862745098039
F1score=0.6320346320346321

threshold=0.6800000000000003
1(64) 0(1) 0(1) 0(8) 0(0) 
0(9) 0(2) 0(30) 0(3) 
1(61) 1(51) 1(59) 
1(49) 1(55) 
1(61) 

0.7333333333333333
precise=0.5588235294117647
recall=0.7238095238095238
F1score=0.6307053941908713

threshold=0.7000000000000003
1(64) 0(1) 0(1) 0(8) 0(0) 
0(9) 0(2) 0(30) 0(4) 
1(62) 1(52) 1(59) 
1(50) 1(56) 
1(62) 

0.7333333333333333
precise=0.5524475524475524
recall=0.7314814814814815
F1score=0.6294820717131474

threshold=0.7200000000000003
1(64) 0(2) 0(1) 0(9) 0(0) 
0(10) 0(2) 0(30) 0(4) 
1(62) 1(52) 1(59) 
1(50) 1(56) 
1(62) 

0.7333333333333333
precise=0.5466666666666666
recall=0.7387387387387387
F1score=0.6283524904214559

threshold=0.7400000000000003
1(64) 0(2) 0(1) 0(11) 0(0) 
0(10) 0(3) 0(31) 0(4) 
1(62) 1(53) 1(59) 
1(50) 1(56) 
1(62) 

0.7333333333333333
precise=0.5414012738853503
recall=0.7456140350877193
F1score=0.6273062730627307

threshold=0.7600000000000003
1(64) 0(3) 0(2) 0(11) 0(0) 
0(10) 0(3) 0(32) 0(5) 
1(62) 1(53) 1(59) 
1(50) 1(56) 
1(62) 

0.7333333333333333
precise=0.5365853658536586
recall=0.7521367521367521
F1score=0.6263345195729537

threshold=0.7800000000000004
1(64) 0(3) 0(2) 0(13) 0(0) 
0(10) 0(3) 0(34) 0(5) 
1(62) 1(53) 1(59) 
1(50) 1(57) 
1(62) 

0.7333333333333333
precise=0.5321637426900585
recall=0.7583333333333333
F1score=0.6254295532646048

threshold=0.8000000000000004
1(64) 0(3) 0(2) 0(13) 0(0) 
0(11) 0(3) 0(35) 0(7) 
1(62) 1(53) 1(59) 
1(51) 1(57) 
1(62) 

0.7333333333333333
precise=0.5280898876404494
recall=0.7642276422764228
F1score=0.6245847176079734

threshold=0.8200000000000004
1(64) 0(3) 0(2) 0(13) 0(0) 
0(11) 0(3) 0(35) 0(7) 
1(62) 1(54) 1(59) 
1(51) 1(57) 
1(62) 

0.7333333333333333
precise=0.5243243243243243
recall=0.7698412698412699
F1score=0.6237942122186495

threshold=0.8400000000000004
1(64) 0(3) 0(2) 0(13) 0(0) 
0(11) 0(3) 0(37) 0(9) 
1(62) 1(54) 1(60) 
1(51) 1(57) 
1(62) 

0.7333333333333333
precise=0.5208333333333334
recall=0.7751937984496124
F1score=0.6230529595015576

threshold=0.8600000000000004
1(64) 0(3) 0(2) 0(13) 0(0) 
0(12) 0(3) 0(37) 0(9) 
1(62) 1(56) 1(60) 
1(51) 1(57) 
1(62) 

0.7333333333333333
precise=0.5175879396984925
recall=0.7803030303030303
F1score=0.622356495468278

threshold=0.8800000000000004
1(64) 0(3) 0(2) 0(14) 0(0) 
0(12) 0(3) 0(38) 0(9) 
1(62) 1(58) 1(60) 
1(52) 1(57) 
1(62) 

0.7333333333333333
precise=0.5145631067961165
recall=0.7851851851851852
F1score=0.6217008797653959

threshold=0.9000000000000005
1(64) 0(3) 0(2) 0(14) 0(0) 
0(13) 0(3) 0(41) 0(10) 
1(62) 1(58) 1(60) 
1(52) 1(57) 
1(62) 

0.7333333333333333
precise=0.5117370892018779
recall=0.7898550724637681
F1score=0.6210826210826211

threshold=0.9200000000000005
1(64) 0(3) 0(2) 0(15) 0(1) 
0(13) 0(3) 0(41) 0(10) 
1(62) 1(58) 1(60) 
1(52) 1(57) 
1(62) 

0.7333333333333333
precise=0.509090909090909
recall=0.7943262411347518
F1score=0.6204986149584487

threshold=0.9400000000000005
1(64) 0(3) 0(2) 0(17) 0(1) 
0(14) 0(3) 0(43) 0(11) 
1(62) 1(58) 1(60) 
1(54) 1(57) 
1(62) 

0.7333333333333333
precise=0.5066079295154186
recall=0.7986111111111112
F1score=0.6199460916442049

threshold=0.9600000000000005
1(64) 0(4) 0(2) 0(17) 0(1) 
0(14) 0(3) 0(43) 0(11) 
1(62) 1(58) 1(60) 
1(54) 1(57) 
1(62) 

0.7333333333333333
precise=0.5042735042735043
recall=0.8027210884353742
F1score=0.6194225721784777

threshold=0.9800000000000005
1(64) 0(4) 0(3) 0(17) 0(2) 
0(15) 0(3) 0(43) 0(11) 
1(62) 1(59) 1(60) 
1(54) 1(57) 
1(62) 

0.7333333333333333
precise=0.5020746887966805
recall=0.8066666666666666
F1score=0.618925831202046

threshold=1.0000000000000004
1(64) 0(4) 0(3) 0(18) 0(2) 
0(16) 0(3) 1(46) 0(12) 
1(62) 1(59) 1(60) 
1(54) 1(58) 
1(62) 

0.6666666666666666
precise=0.4979919678714859
recall=0.8104575163398693
F1score=0.6169154228855721

threshold=1.0200000000000005
1(64) 0(4) 0(3) 0(21) 0(2) 
0(16) 0(3) 1(46) 0(13) 
1(62) 1(59) 1(60) 
1(54) 1(58) 
1(62) 

0.6666666666666666
precise=0.49416342412451364
recall=0.8141025641025641
F1score=0.6150121065375302

threshold=1.0400000000000005
1(64) 0(4) 0(3) 0(23) 0(2) 
0(16) 0(3) 1(46) 0(13) 
1(62) 1(59) 1(60) 
1(54) 1(58) 
1(62) 

0.6666666666666666
precise=0.49056603773584906
recall=0.8176100628930818
F1score=0.6132075471698113

threshold=1.0600000000000005
1(64) 0(4) 0(3) 0(23) 0(2) 
0(16) 0(3) 1(47) 0(14) 
1(62) 1(59) 1(60) 
1(54) 1(58) 
1(62) 

0.6666666666666666
precise=0.48717948717948717
recall=0.8209876543209876
F1score=0.6114942528735632

threshold=1.0800000000000005
1(64) 0(4) 0(3) 0(24) 0(2) 
0(18) 0(3) 1(48) 0(15) 
1(62) 1(59) 1(60) 
1(54) 1(58) 
1(62) 

0.6666666666666666
precise=0.48398576512455516
recall=0.8242424242424242
F1score=0.6098654708520179

threshold=1.1000000000000005
1(64) 0(5) 0(3) 0(25) 0(2) 
0(19) 0(3) 1(48) 0(15) 
1(62) 1(59) 1(60) 
1(54) 1(58) 
1(62) 

0.6666666666666666
precise=0.4809688581314879
recall=0.8273809523809523
F1score=0.6083150984682714

threshold=1.1200000000000006
1(64) 0(5) 0(4) 0(25) 0(2) 
0(20) 0(4) 1(48) 0(15) 
1(62) 1(59) 1(60) 
1(54) 1(58) 
1(62) 

0.6666666666666666
precise=0.4781144781144781
recall=0.8304093567251462
F1score=0.6068376068376068

threshold=1.1400000000000006
1(64) 0(5) 0(4) 0(25) 0(3) 
0(20) 0(6) 1(48) 0(16) 
1(62) 1(59) 1(60) 
1(54) 1(59) 
1(62) 

0.6666666666666666
precise=0.47540983606557374
recall=0.8333333333333334
F1score=0.605427974947808

threshold=1.1600000000000006
1(64) 0(5) 0(4) 0(26) 0(4) 
0(21) 0(6) 1(49) 0(18) 
1(62) 1(59) 1(60) 
1(54) 1(59) 
1(62) 

0.6666666666666666
precise=0.4728434504792332
recall=0.8361581920903954
F1score=0.6040816326530613

threshold=1.1800000000000006
1(64) 0(5) 0(4) 0(27) 0(5) 
0(21) 0(7) 1(49) 0(20) 
1(62) 1(59) 1(60) 
1(54) 1(59) 
1(62) 

0.6666666666666666
precise=0.470404984423676
recall=0.8388888888888889
F1score=0.6027944111776448

threshold=1.2000000000000006
1(64) 0(6) 0(4) 0(27) 0(5) 
0(23) 0(7) 1(49) 0(21) 
1(62) 1(60) 1(60) 
1(54) 1(59) 
1(62) 

0.6666666666666666
precise=0.46808510638297873
recall=0.8415300546448088
F1score=0.6015625

threshold=1.2200000000000006
1(64) 0(6) 0(4) 0(29) 0(5) 
0(23) 0(8) 1(50) 0(21) 
1(62) 1(60) 1(60) 
1(54) 1(59) 
1(63) 

0.6666666666666666
precise=0.4658753709198813
recall=0.8440860215053764
F1score=0.6003824091778203

threshold=1.2400000000000007
1(64) 0(6) 0(4) 0(31) 0(5) 
0(24) 0(8) 1(51) 0(21) 
1(62) 1(60) 1(60) 
1(54) 1(59) 
1(63) 

0.6666666666666666
precise=0.463768115942029
recall=0.8465608465608465
F1score=0.599250936329588

threshold=1.2600000000000007
1(64) 0(8) 0(4) 0(31) 0(5) 
0(27) 0(9) 1(51) 0(23) 
1(62) 1(60) 1(61) 
1(54) 1(59) 
1(63) 

0.6666666666666666
precise=0.46175637393767704
recall=0.8489583333333334
F1score=0.5981651376146789

threshold=1.2800000000000007
1(64) 0(8) 0(4) 0(34) 0(5) 
0(27) 0(10) 1(52) 0(23) 
1(62) 1(60) 1(61) 
1(54) 1(59) 
1(63) 

0.6666666666666666
precise=0.4598337950138504
recall=0.8512820512820513
F1score=0.5971223021582733

threshold=1.3000000000000007
1(64) 0(9) 0(4) 0(34) 0(5) 
0(27) 0(13) 1(53) 0(23) 
1(62) 1(60) 1(61) 
1(54) 1(59) 
1(63) 

0.6666666666666666
precise=0.45799457994579945
recall=0.8535353535353535
F1score=0.5961199294532628

threshold=1.3200000000000007
1(64) 0(9) 0(4) 0(34) 0(5) 
0(27) 0(15) 1(53) 0(25) 
1(62) 1(60) 1(61) 
1(55) 1(59) 
1(63) 

0.6666666666666666
precise=0.4562334217506631
recall=0.8557213930348259
F1score=0.5951557093425606

threshold=1.3400000000000007
1(64) 0(9) 0(4) 0(34) 0(5) 
0(27) 0(15) 1(53) 0(25) 
1(62) 1(60) 1(61) 
1(56) 1(59) 
1(63) 

0.6666666666666666
precise=0.45454545454545453
recall=0.8578431372549019
F1score=0.5942275042444821

threshold=1.3600000000000008
1(64) 0(9) 0(4) 0(35) 0(5) 
0(27) 0(16) 1(53) 0(26) 
1(62) 1(60) 1(61) 
1(57) 1(59) 
1(63) 

0.6666666666666666
precise=0.4529262086513995
recall=0.8599033816425121
F1score=0.5933333333333334

threshold=1.3800000000000008
1(64) 0(9) 0(4) 0(35) 0(5) 
0(27) 0(16) 1(53) 0(26) 
1(62) 1(60) 1(61) 
1(57) 1(60) 
1(63) 

0.6666666666666666
precise=0.4513715710723192
recall=0.861904761904762
F1score=0.5924713584288053

threshold=1.4000000000000008
1(64) 0(9) 0(4) 0(35) 0(5) 
0(27) 0(16) 1(53) 0(28) 
1(62) 1(60) 1(61) 
1(57) 1(60) 
1(63) 

0.6666666666666666
precise=0.44987775061124696
recall=0.863849765258216
F1score=0.5916398713826366

threshold=1.4200000000000008
1(64) 0(9) 0(4) 0(36) 0(5) 
0(28) 0(16) 1(53) 0(29) 
1(62) 1(60) 1(61) 
1(57) 1(60) 
1(63) 

0.6666666666666666
precise=0.44844124700239807
recall=0.8657407407407407
F1score=0.5908372827804107

threshold=1.4400000000000008
1(64) 0(9) 0(4) 0(36) 0(6) 
0(28) 0(16) 1(54) 0(29) 
1(62) 1(60) 1(61) 
1(57) 1(60) 
1(63) 

0.6666666666666666
precise=0.4470588235294118
recall=0.867579908675799
F1score=0.5900621118012422

threshold=1.4600000000000009
1(64) 0(10) 0(4) 0(36) 0(8) 
0(29) 0(17) 1(54) 0(30) 
1(62) 1(60) 1(61) 
1(57) 1(60) 
1(63) 

0.6666666666666666
precise=0.4457274826789838
recall=0.8693693693693694
F1score=0.5893129770992367

threshold=1.4800000000000009
1(64) 0(12) 0(5) 0(36) 0(8) 
0(29) 0(17) 1(54) 0(30) 
1(62) 1(61) 1(61) 
1(57) 1(60) 
1(63) 

0.6666666666666666
precise=0.4444444444444444
recall=0.8711111111111111
F1score=0.5885885885885885

threshold=1.5000000000000009
1(64) 0(12) 0(5) 0(38) 0(8) 
0(30) 0(17) 1(55) 0(30) 
1(62) 1(61) 1(61) 
1(58) 1(60) 
1(63) 

0.6666666666666666
precise=0.44320712694877507
recall=0.8728070175438597
F1score=0.5878877400295421

threshold=1.520000000000001
1(64) 0(12) 0(5) 0(41) 0(8) 
0(30) 0(18) 1(55) 0(31) 
1(62) 1(61) 1(61) 
1(58) 1(60) 
1(63) 

0.6666666666666666
precise=0.4420131291028446
recall=0.8744588744588745
F1score=0.5872093023255814

threshold=1.540000000000001
1(64) 0(12) 0(6) 0(44) 0(9) 
0(30) 0(19) 1(56) 0(35) 
1(62) 1(61) 1(61) 
1(58) 1(60) 
1(63) 

0.6666666666666666
precise=0.44086021505376344
recall=0.8760683760683761
F1score=0.586552217453505

threshold=1.560000000000001
1(64) 0(13) 0(7) 1(45) 0(10) 
0(31) 0(19) 1(57) 0(35) 
1(62) 1(61) 1(61) 
1(58) 1(60) 
1(63) 

0.6
precise=0.4388185654008439
recall=0.8776371308016878
F1score=0.5850914205344585

threshold=1.580000000000001
1(64) 0(13) 0(7) 1(45) 0(10) 
0(31) 0(19) 1(57) 0(36) 
1(62) 1(61) 1(61) 
1(58) 1(60) 
1(63) 

0.6
precise=0.43685300207039335
recall=0.8791666666666667
F1score=0.5836791147994468

threshold=1.600000000000001
1(64) 0(14) 0(7) 1(45) 0(10) 
0(32) 0(20) 1(57) 0(38) 
1(62) 1(61) 1(61) 
1(59) 1(60) 
1(63) 

0.6
precise=0.4349593495934959
recall=0.8806584362139918
F1score=0.582312925170068

threshold=1.620000000000001
1(64) 0(15) 0(7) 1(45) 0(10) 
0(32) 0(20) 1(57) 0(41) 
1(62) 1(62) 1(61) 
1(59) 1(60) 
1(63) 

0.6
precise=0.43313373253493015
recall=0.8821138211382114
F1score=0.5809906291834003

threshold=1.640000000000001
1(64) 0(15) 0(7) 1(45) 0(12) 
0(33) 0(20) 1(58) 0(41) 
1(62) 1(62) 1(61) 
1(59) 1(60) 
1(63) 

0.6
precise=0.43137254901960786
recall=0.8835341365461847
F1score=0.5797101449275363

threshold=1.660000000000001
1(64) 0(15) 0(7) 1(45) 0(12) 
0(34) 0(21) 1(58) 0(43) 
1(62) 1(62) 1(61) 
1(59) 1(60) 
1(63) 

0.6
precise=0.4296724470134875
recall=0.8849206349206349
F1score=0.5784695201037614

threshold=1.680000000000001
1(64) 0(16) 0(8) 1(46) 0(12) 
0(34) 0(22) 1(58) 1(45) 
1(62) 1(62) 1(61) 
1(60) 1(60) 
1(63) 

0.5333333333333333
precise=0.42722117202268434
recall=0.8862745098039215
F1score=0.576530612244898

threshold=1.700000000000001
1(64) 0(16) 0(8) 1(46) 0(12) 
0(35) 0(22) 1(59) 1(45) 
1(62) 1(62) 1(61) 
1(62) 1(60) 
1(63) 

0.5333333333333333
precise=0.424860853432282
recall=0.8875968992248062
F1score=0.5746549560853199

threshold=1.720000000000001
1(64) 0(16) 0(8) 1(46) 0(13) 
0(35) 0(23) 1(59) 1(45) 
1(62) 1(62) 1(61) 
1(62) 1(60) 
1(63) 

0.5333333333333333
precise=0.4225865209471767
recall=0.8888888888888888
F1score=0.5728395061728395

threshold=1.740000000000001
1(64) 0(17) 0(8) 1(48) 0(14) 
0(36) 0(24) 1(59) 1(46) 
1(62) 1(62) 1(61) 
1(62) 1(60) 
1(63) 

0.5333333333333333
precise=0.4203935599284436
recall=0.8901515151515151
F1score=0.5710814094775213

threshold=1.7600000000000011
1(64) 0(17) 0(8) 1(49) 0(15) 
0(37) 0(25) 1(59) 1(46) 
1(62) 1(62) 1(61) 
1(62) 1(60) 
1(63) 

0.5333333333333333
precise=0.4182776801405975
recall=0.8913857677902621
F1score=0.569377990430622

threshold=1.7800000000000011
1(64) 0(19) 0(10) 1(49) 0(15) 
0(39) 0(25) 1(59) 1(46) 
1(62) 1(62) 1(62) 
1(62) 1(60) 
1(63) 

0.5333333333333333
precise=0.4162348877374784
recall=0.8925925925925926
F1score=0.5677267373380448

threshold=1.8000000000000012
1(64) 0(19) 0(10) 1(50) 0(16) 
0(40) 0(26) 1(59) 1(46) 
1(62) 1(62) 1(62) 
1(62) 1(60) 
1(63) 

0.5333333333333333
precise=0.4142614601018676
recall=0.8937728937728938
F1score=0.5661252900232019

threshold=1.8200000000000012
1(64) 0(19) 0(10) 1(50) 0(16) 
0(40) 0(28) 1(60) 1(47) 
1(62) 1(62) 1(62) 
1(62) 1(60) 
1(63) 

0.5333333333333333
precise=0.41235392320534225
recall=0.894927536231884
F1score=0.5645714285714286

threshold=1.8400000000000012
1(64) 0(20) 0(10) 1(50) 0(17) 
0(40) 0(29) 1(60) 1(48) 
1(62) 1(62) 1(62) 
1(62) 1(60) 
1(63) 

0.5333333333333333
precise=0.41050903119868637
recall=0.8960573476702509
F1score=0.5630630630630631

threshold=1.8600000000000012
1(64) 0(20) 0(11) 1(50) 0(17) 
0(40) 0(30) 1(60) 1(48) 
1(62) 1(62) 1(62) 
1(62) 1(60) 
1(63) 

0.5333333333333333
precise=0.4087237479806139
recall=0.8971631205673759
F1score=0.5615982241953386

threshold=1.8800000000000012
1(64) 0(20) 0(11) 1(50) 0(17) 
0(40) 0(30) 1(60) 1(48) 
1(62) 1(62) 1(62) 
1(62) 1(60) 
1(63) 

0.5333333333333333
precise=0.4069952305246423
recall=0.8982456140350877
F1score=0.5601750547045952

threshold=1.9000000000000012
1(64) 0(20) 0(11) 1(50) 0(18) 
0(40) 0(30) 1(60) 1(48) 
1(62) 1(62) 1(62) 
1(63) 1(60) 
1(63) 

0.5333333333333333
precise=0.405320813771518
recall=0.8993055555555556
F1score=0.5587918015102481

threshold=1.9200000000000013
1(64) 0(20) 0(11) 1(50) 0(20) 
0(41) 0(33) 1(61) 1(48) 
1(62) 1(62) 1(62) 
1(63) 1(60) 
1(63) 

0.5333333333333333
precise=0.4036979969183359
recall=0.9003436426116839
F1score=0.5574468085106383

threshold=1.9400000000000013
1(64) 0(21) 0(12) 1(51) 0(21) 
0(41) 0(33) 1(61) 1(48) 
1(62) 1(62) 1(62) 
1(63) 1(60) 
1(63) 

0.5333333333333333
precise=0.40212443095599393
recall=0.9013605442176871
F1score=0.5561385099685204

threshold=1.9600000000000013
1(64) 0(21) 0(14) 1(51) 0(21) 
0(41) 0(33) 1(61) 1(49) 
1(62) 1(62) 1(62) 
1(63) 1(60) 
1(63) 

0.5333333333333333
precise=0.40059790732436473
recall=0.9023569023569024
F1score=0.5548654244306418

threshold=1.9800000000000013
1(64) 0(22) 0(14) 1(51) 0(21) 
0(41) 0(34) 1(61) 1(49) 
1(62) 1(62) 1(62) 
1(63) 1(60) 
1(63) 

0.5333333333333333
precise=0.39911634756995584
recall=0.9033333333333333
F1score=0.5536261491317671

threshold=2.0000000000000013
1(64) 0(22) 0(14) 1(51) 0(21) 
0(42) 0(34) 1(61) 1(49) 
1(62) 1(62) 1(62) 
1(63) 1(60) 
1(63) 

0.5333333333333333
precise=0.397677793904209
recall=0.9042904290429042
F1score=0.5524193548387096

threshold=2.0200000000000014
1(64) 0(23) 0(15) 1(53) 0(22) 
0(42) 0(35) 1(61) 1(50) 
1(62) 1(62) 1(62) 
1(63) 1(60) 
1(63) 

0.5333333333333333
precise=0.39628040057224606
recall=0.9052287581699346
F1score=0.5512437810945273

threshold=2.0400000000000014
1(64) 0(25) 0(15) 1(56) 0(23) 
0(42) 0(36) 1(61) 1(51) 
1(62) 1(62) 1(62) 
1(63) 1(60) 
1(63) 

0.5333333333333333
precise=0.39492242595204513
recall=0.9061488673139159
F1score=0.550098231827112

threshold=2.0600000000000014
1(64) 0(26) 0(15) 1(56) 0(23) 
0(42) 0(37) 1(61) 1(52) 
1(62) 1(62) 1(62) 
1(63) 1(60) 
1(63) 

0.5333333333333333
precise=0.39360222531293465
recall=0.907051282051282
F1score=0.5489815712900097

threshold=2.0800000000000014
1(64) 0(26) 0(15) 1(56) 0(23) 
0(42) 0(37) 1(61) 1(52) 
1(62) 1(62) 1(62) 
1(63) 1(60) 
1(63) 

0.5333333333333333
precise=0.39231824417009603
recall=0.9079365079365079
F1score=0.5478927203065134

threshold=2.1000000000000014
1(64) 0(27) 0(16) 1(56) 0(23) 
0(42) 0(37) 1(61) 1(53) 
1(62) 1(62) 1(62) 
1(63) 1(60) 
1(63) 

0.5333333333333333
precise=0.3910690121786198
recall=0.9088050314465409
F1score=0.5468306527909177

threshold=2.1200000000000014
1(64) 0(27) 0(16) 1(57) 0(23) 
0(43) 0(37) 1(62) 1(53) 
1(62) 1(62) 1(62) 
1(63) 1(60) 
1(63) 

0.5333333333333333
precise=0.38985313751668893
recall=0.9096573208722741
F1score=0.5457943925233645

threshold=2.1400000000000015
1(64) 0(27) 0(17) 1(57) 0(23) 
0(43) 0(37) 1(62) 1(53) 
1(62) 1(62) 1(62) 
1(63) 1(60) 
1(63) 

0.5333333333333333
precise=0.38866930171277997
recall=0.9104938271604939
F1score=0.5447830101569714

threshold=2.1600000000000015
1(64) 0(28) 0(18) 1(58) 0(25) 
0(43) 0(37) 1(62) 1(54) 
1(62) 1(62) 1(62) 
1(63) 1(60) 
1(63) 

0.5333333333333333
precise=0.38751625487646296
recall=0.9113149847094801
F1score=0.5437956204379562

threshold=2.1800000000000015
1(64) 0(29) 0(18) 1(58) 0(25) 
0(43) 0(38) 1(62) 1(54) 
1(62) 1(62) 1(62) 
1(63) 1(60) 
1(63) 

0.5333333333333333
precise=0.386392811296534
recall=0.9121212121212121
F1score=0.5428313796212805

threshold=2.2000000000000015
1(64) 0(29) 0(18) 1(58) 0(26) 
0(43) 0(39) 1(62) 1(54) 
1(62) 1(62) 1(62) 
1(63) 1(60) 
1(63) 

0.5333333333333333
precise=0.385297845373891
recall=0.9129129129129129
F1score=0.5418894830659536

threshold=2.2200000000000015
1(64) 0(29) 0(19) 1(58) 0(26) 
0(43) 0(39) 1(62) 1(54) 
1(62) 1(62) 1(62) 
1(63) 1(60) 
1(63) 

0.5333333333333333
precise=0.38423028785982477
recall=0.9136904761904762
F1score=0.5409691629955947

threshold=2.2400000000000015
1(64) 0(31) 0(19) 1(58) 0(26) 
0(44) 0(39) 1(62) 1(54) 
1(62) 1(62) 1(62) 
1(63) 1(60) 
1(63) 

0.5333333333333333
precise=0.3831891223733004
recall=0.9144542772861357
F1score=0.5400696864111498

threshold=2.2600000000000016
1(64) 0(32) 0(19) 1(58) 0(27) 
0(44) 0(39) 1(63) 1(54) 
1(62) 1(62) 1(62) 
1(63) 1(60) 
1(63) 

0.5333333333333333
precise=0.38217338217338215
recall=0.9152046783625731
F1score=0.5391903531438416

threshold=2.2800000000000016
1(64) 0(32) 0(20) 1(58) 0(28) 
0(44) 0(39) 1(63) 1(54) 
1(62) 1(62) 1(62) 
1(63) 1(61) 
1(63) 

0.5333333333333333
precise=0.38118214716525933
recall=0.9159420289855073
F1score=0.5383304940374787

threshold=2.3000000000000016
1(64) 0(32) 0(22) 1(58) 0(30) 
0(44) 0(39) 1(63) 1(55) 
1(62) 1(62) 1(62) 
1(63) 1(61) 
1(63) 

0.5333333333333333
precise=0.3802145411203814
recall=0.9166666666666666
F1score=0.5374894692502106

threshold=2.3200000000000016
1(64) 0(32) 0(23) 1(58) 0(30) 
0(44) 0(39) 1(63) 1(55) 
1(62) 1(62) 1(62) 
1(63) 1(61) 
1(63) 

0.5333333333333333
precise=0.3792697290930506
recall=0.9173789173789174
F1score=0.5366666666666666

threshold=2.3400000000000016
1(64) 0(33) 0(23) 1(59) 0(32) 
1(45) 0(39) 1(63) 1(55) 
1(62) 1(62) 1(62) 
1(63) 1(61) 
1(63) 

0.4666666666666667
precise=0.37790697674418605
recall=0.9180790960451978
F1score=0.5354200988467874

threshold=2.3600000000000017
1(64) 0(33) 0(23) 1(61) 0(34) 
1(45) 0(39) 1(63) 1(56) 
1(63) 1(62) 1(62) 
1(63) 1(61) 
1(63) 

0.4666666666666667
precise=0.37657864523536166
recall=0.9187675070028011
F1score=0.5342019543973942

threshold=2.3800000000000017
1(64) 0(33) 0(23) 1(61) 0(34) 
1(45) 0(39) 1(63) 1(57) 
1(63) 1(62) 1(62) 
1(63) 1(61) 
1(63) 

0.4666666666666667
precise=0.37528344671201813
recall=0.9194444444444444
F1score=0.533011272141707

threshold=2.4000000000000017
1(64) 0(33) 0(24) 1(61) 0(35) 
1(45) 0(41) 1(63) 1(57) 
1(63) 1(62) 1(62) 
1(63) 1(61) 
1(63) 

0.4666666666666667
precise=0.374020156774916
recall=0.9201101928374655
F1score=0.5318471337579618

threshold=2.4200000000000017
1(64) 0(34) 0(24) 1(61) 0(35) 
1(46) 0(41) 1(63) 1(57) 
1(63) 1(62) 1(62) 
1(63) 1(61) 
1(63) 

0.4666666666666667
precise=0.372787610619469
recall=0.9207650273224044
F1score=0.5307086614173229

threshold=2.4400000000000017
1(64) 0(34) 0(24) 1(62) 0(36) 
1(47) 0(42) 1(63) 1(57) 
1(63) 1(62) 1(62) 
1(63) 1(61) 
1(63) 

0.4666666666666667
precise=0.37158469945355194
recall=0.9214092140921409
F1score=0.5295950155763239

threshold=2.4600000000000017
1(64) 0(34) 0(24) 1(62) 0(36) 
1(48) 0(42) 1(63) 1(57) 
1(63) 1(62) 1(62) 
1(63) 1(62) 
1(63) 

0.4666666666666667
precise=0.37041036717062636
recall=0.9220430107526881
F1score=0.5285053929121726

threshold=2.4800000000000018
1(64) 0(34) 0(24) 1(62) 0(36) 
1(50) 0(43) 1(63) 1(57) 
1(63) 1(62) 1(62) 
1(63) 1(62) 
1(63) 

0.4666666666666667
precise=0.36926360725720386
recall=0.9226666666666666
F1score=0.5274390243902439

threshold=2.5000000000000018
1(64) 0(35) 0(24) 1(62) 0(36) 
1(50) 1(45) 1(63) 1(57) 
1(63) 1(62) 1(62) 
1(63) 1(62) 
1(63) 

0.4
precise=0.3677555321390938
recall=0.9232804232804233
F1score=0.5259984928409948

threshold=2.520000000000002
1(64) 0(35) 0(25) 1(62) 0(36) 
1(50) 1(45) 1(64) 1(57) 
1(63) 1(62) 1(62) 
1(63) 1(62) 
1(63) 

0.4
precise=0.36628511966701355
recall=0.9238845144356955
F1score=0.5245901639344263

threshold=2.540000000000002
1(64) 0(35) 0(25) 1(62) 0(37) 
1(50) 1(45) 1(64) 1(57) 
1(63) 1(62) 1(62) 
1(63) 1(62) 
1(63) 

0.4
precise=0.3648509763617677
recall=0.9244791666666666
F1score=0.5232129697862933

threshold=2.560000000000002
1(64) 0(36) 0(25) 1(62) 0(37) 
1(50) 1(46) 1(64) 1(57) 
1(63) 1(62) 1(62) 
1(63) 1(62) 
1(63) 

0.4
precise=0.3634517766497462
recall=0.9250645994832042
F1score=0.521865889212828

threshold=2.580000000000002
1(64) 0(37) 0(25) 1(62) 0(37) 
1(50) 1(46) 1(64) 1(57) 
1(63) 1(62) 1(62) 
1(63) 1(62) 
1(63) 

0.4
precise=0.362086258776329
recall=0.9256410256410257
F1score=0.5205479452054794

threshold=2.600000000000002
1(64) 0(39) 0(25) 1(62) 0(37) 
1(50) 1(46) 1(64) 1(57) 
1(63) 1(62) 1(62) 
1(63) 1(62) 
1(63) 

0.4
precise=0.3607532210109019
recall=0.926208651399491
F1score=0.5192582025677603

threshold=2.620000000000002
1(64) 0(40) 0(27) 1(62) 0(37) 
1(50) 1(46) 1(64) 1(57) 
1(63) 1(62) 1(62) 
1(64) 1(62) 
1(63) 

0.4
precise=0.3594515181194907
recall=0.9267676767676768
F1score=0.5179957657021877

threshold=2.640000000000002
1(64) 0(41) 0(27) 1(62) 0(37) 
1(50) 1(46) 1(64) 1(57) 
1(63) 1(62) 1(62) 
1(64) 1(62) 
1(63) 

0.4
precise=0.35818005808325265
recall=0.9273182957393483
F1score=0.5167597765363129

threshold=2.660000000000002
1(64) 0(41) 0(27) 1(62) 0(38) 
1(50) 1(46) 1(64) 1(58) 
1(63) 1(62) 1(62) 
1(64) 1(62) 
1(63) 

0.4
precise=0.3569377990430622
recall=0.927860696517413
F1score=0.5155494125777471

threshold=2.680000000000002
1(64) 0(41) 0(27) 1(62) 0(38) 
1(50) 1(46) 1(64) 1(59) 
1(63) 1(62) 1(62) 
1(64) 1(62) 
1(63) 

0.4
precise=0.35572374645222327
recall=0.928395061728395
F1score=0.5143638850889193

threshold=2.700000000000002
1(64) 0(42) 0(27) 1(62) 0(39) 
1(50) 1(46) 1(64) 1(59) 
1(63) 1(62) 1(62) 
1(64) 1(62) 
1(63) 

0.4
precise=0.3545369504209542
recall=0.928921568627451
F1score=0.5132024373730535

threshold=2.720000000000002
1(64) 0(43) 0(28) 1(62) 0(39) 
1(50) 1(47) 1(64) 1(59) 
1(63) 1(62) 1(62) 
1(64) 1(63) 
1(63) 

0.4
precise=0.35337650323774283
recall=0.9294403892944039
F1score=0.5120643431635389

threshold=2.740000000000002
1(64) 0(43) 0(28) 1(62) 0(41) 
1(50) 1(48) 1(64) 1(59) 
1(63) 1(62) 1(62) 
1(64) 1(63) 
1(63) 

0.4
precise=0.35224153705397987
recall=0.9299516908212561
F1score=0.5109489051094891

threshold=2.760000000000002
1(64) 0(43) 0(29) 1(62) 0(42) 
1(50) 1(48) 1(64) 1(59) 
1(63) 1(62) 1(62) 
1(64) 1(63) 
1(63) 

0.4
precise=0.351131221719457
recall=0.9304556354916067
F1score=0.5098554533508541

threshold=2.780000000000002
1(64) 0(43) 0(29) 1(62) 0(42) 
1(50) 1(48) 1(64) 1(59) 
1(63) 1(62) 1(62) 
1(64) 1(63) 
1(63) 

0.4
precise=0.35004476275738583
recall=0.930952380952381
F1score=0.5087833441769681

threshold=2.800000000000002
1(64) 0(43) 0(30) 1(62) 0(43) 
1(50) 1(48) 1(64) 1(59) 
1(63) 1(62) 1(62) 
1(64) 1(63) 
1(63) 

0.4
precise=0.3489813994685562
recall=0.9314420803782506
F1score=0.5077319587628866

threshold=2.820000000000002
1(64) 0(43) 0(30) 1(62) 0(44) 
1(50) 1(48) 1(64) 1(59) 
1(63) 1(62) 1(62) 
1(64) 1(63) 
1(63) 

0.4
precise=0.3479404031551271
recall=0.931924882629108
F1score=0.5067007019783025

threshold=2.840000000000002
1(64) 0(44) 0(30) 1(62) 1(46) 
1(50) 1(48) 1(64) 1(59) 
1(63) 1(62) 1(62) 
1(64) 1(63) 
1(63) 

0.3333333333333333
precise=0.3466204506065858
recall=0.9324009324009324
F1score=0.505369551484523

threshold=2.860000000000002
1(64) 0(44) 0(30) 1(62) 1(46) 
1(50) 1(48) 1(64) 1(59) 
1(63) 1(62) 1(62) 
1(64) 1(63) 
1(63) 

0.3333333333333333
precise=0.3453299057412168
recall=0.9328703703703703
F1score=0.5040650406504065

threshold=2.880000000000002
1(64) 0(44) 0(30) 1(62) 1(47) 
1(50) 1(48) 1(64) 1(59) 
1(63) 1(62) 1(62) 
1(64) 1(63) 
1(63) 

0.3333333333333333
precise=0.3440677966101695
recall=0.9333333333333333
F1score=0.5027863777089784

threshold=2.900000000000002
1(64) 0(44) 0(30) 1(62) 1(49) 
1(50) 1(48) 1(64) 1(59) 
1(63) 1(62) 1(62) 
1(64) 1(63) 
1(63) 

0.3333333333333333
precise=0.34283319362950543
recall=0.9337899543378996
F1score=0.5015328019619865

threshold=2.920000000000002
1(64) 1(46) 0(30) 1(62) 1(49) 
1(51) 1(48) 1(64) 1(61) 
1(63) 1(62) 1(62) 
1(64) 1(63) 
1(63) 

0.26666666666666666
precise=0.34134217067108535
recall=0.9342403628117913
F1score=0.5

threshold=2.940000000000002
1(64) 1(46) 0(30) 1(63) 1(49) 
1(51) 1(48) 1(64) 1(61) 
1(63) 1(62) 1(63) 
1(64) 1(63) 
1(63) 

0.26666666666666666
precise=0.33988533988533987
recall=0.9346846846846847
F1score=0.4984984984984985

threshold=2.960000000000002
1(64) 1(46) 0(31) 1(64) 1(50) 
1(51) 1(48) 1(64) 1(61) 
1(63) 1(62) 1(63) 
1(64) 1(63) 
1(63) 

0.26666666666666666
precise=0.3384615384615385
recall=0.9351230425055929
F1score=0.49702734839476814

threshold=2.980000000000002
1(64) 1(46) 0(31) 1(64) 1(51) 
1(52) 1(48) 1(64) 1(61) 
1(63) 1(62) 1(63) 
1(64) 1(63) 
1(63) 

0.26666666666666666
precise=0.33706965572457964
recall=0.9355555555555556
F1score=0.4955856386109476

threshold=3.000000000000002
1(64) 1(46) 0(34) 1(64) 1(52) 
1(52) 1(48) 1(64) 1(61) 
1(63) 1(62) 1(63) 
1(64) 1(63) 
1(63) 

0.26666666666666666
precise=0.33570863024544734
recall=0.9359823399558499
F1score=0.49417249417249415

threshold=3.0200000000000022
1(64) 1(47) 0(35) 1(64) 1(52) 
1(53) 1(48) 1(64) 1(61) 
1(63) 1(62) 1(63) 
1(64) 1(63) 
1(63) 

0.26666666666666666
precise=0.33437744714173845
recall=0.9364035087719298
F1score=0.4927870744373918

threshold=3.0400000000000023
1(64) 1(47) 0(35) 1(64) 1(52) 
1(53) 1(48) 1(64) 1(61) 
1(63) 1(62) 1(63) 
1(64) 1(63) 
1(63) 

0.26666666666666666
precise=0.3330751355538342
recall=0.9368191721132898
F1score=0.49142857142857144

threshold=3.0600000000000023
1(64) 1(47) 0(35) 1(64) 1(52) 
1(54) 1(48) 1(64) 1(61) 
1(63) 1(62) 1(63) 
1(64) 1(63) 
1(63) 

0.26666666666666666
precise=0.3318007662835249
recall=0.9372294372294372
F1score=0.490096208262592

threshold=3.0800000000000023
1(64) 1(47) 0(35) 1(64) 1(52) 
1(54) 1(49) 1(64) 1(61) 
1(63) 1(62) 1(63) 
1(64) 1(63) 
1(63) 

0.26666666666666666
precise=0.3305534495830174
recall=0.9376344086021505
F1score=0.48878923766816146

threshold=3.1000000000000023
1(64) 1(47) 0(36) 1(64) 1(52) 
1(54) 1(49) 1(64) 1(61) 
1(63) 1(62) 1(63) 
1(64) 1(63) 
1(63) 

0.26666666666666666
precise=0.3293323330832708
recall=0.938034188034188
F1score=0.4875069405885619

threshold=3.1200000000000023
1(64) 1(47) 0(37) 1(64) 1(52) 
1(54) 1(50) 1(64) 1(61) 
1(63) 1(62) 1(63) 
1(64) 1(63) 
1(63) 

0.26666666666666666
precise=0.3281365998515219
recall=0.9384288747346072
F1score=0.48624862486248627

threshold=3.1400000000000023
1(64) 1(48) 0(37) 1(64) 1(52) 
1(54) 1(51) 1(64) 1(61) 
1(63) 1(62) 1(63) 
1(64) 1(63) 
1(63) 

0.26666666666666666
precise=0.32696546656869946
recall=0.9388185654008439
F1score=0.48501362397820164

threshold=3.1600000000000024
1(64) 1(48) 0(37) 1(64) 1(54) 
1(54) 1(51) 1(64) 1(61) 
1(63) 1(62) 1(63) 
1(64) 1(63) 
1(63) 

0.26666666666666666
precise=0.32581818181818184
recall=0.939203354297694
F1score=0.4838012958963283

threshold=3.1800000000000024
1(64) 1(49) 0(37) 1(64) 1(56) 
1(54) 1(51) 1(64) 1(61) 
1(63) 1(62) 1(63) 
1(64) 1(63) 
1(63) 

0.26666666666666666
precise=0.32469402447804174
recall=0.9395833333333333
F1score=0.4826110219368646

threshold=3.2000000000000024
1(64) 1(50) 0(37) 1(64) 1(56) 
1(54) 1(51) 1(64) 1(61) 
1(63) 1(62) 1(63) 
1(64) 1(63) 
1(63) 

0.26666666666666666
precise=0.323592302209551
recall=0.9399585921325052
F1score=0.4814422057264051

threshold=3.2200000000000024
1(64) 1(50) 0(38) 1(64) 1(57) 
1(54) 1(51) 1(64) 1(61) 
1(63) 1(62) 1(63) 
1(64) 1(63) 
1(63) 

0.26666666666666666
precise=0.32251235003528583
recall=0.9403292181069959
F1score=0.48029427220178667

threshold=3.2400000000000024
1(64) 1(50) 0(38) 1(64) 1(57) 
1(54) 1(51) 1(64) 1(61) 
1(63) 1(62) 1(63) 
1(64) 1(63) 
1(63) 

0.26666666666666666
precise=0.3214535290006988
recall=0.9406952965235174
F1score=0.4791666666666667

threshold=3.2600000000000025
1(64) 1(50) 0(38) 1(64) 1(57) 
1(54) 1(51) 1(64) 1(61) 
1(63) 1(62) 1(63) 
1(64) 1(63) 
1(63) 

0.26666666666666666
precise=0.32041522491349483
recall=0.9410569105691057
F1score=0.4780588538977801

threshold=3.2800000000000025
1(64) 1(50) 0(38) 1(64) 1(58) 
1(54) 1(51) 1(64) 1(61) 
1(63) 1(62) 1(63) 
1(64) 1(63) 
1(63) 

0.26666666666666666
precise=0.31939684715558603
recall=0.9414141414141414
F1score=0.47697031729785055

threshold=3.3000000000000025
1(64) 1(50) 0(39) 1(64) 1(58) 
1(55) 1(51) 1(64) 1(61) 
1(63) 1(62) 1(63) 
1(64) 1(63) 
1(63) 

0.26666666666666666
precise=0.318397827562797
recall=0.9417670682730924
F1score=0.4759005580923389

threshold=3.3200000000000025
1(64) 1(50) 0(39) 1(64) 1(58) 
1(55) 1(51) 1(64) 1(61) 
1(63) 1(62) 1(63) 
1(64) 1(63) 
1(63) 

0.26666666666666666
precise=0.31741761936785473
recall=0.9421157684630739
F1score=0.47484909456740443

threshold=3.3400000000000025
1(64) 1(51) 0(39) 1(64) 1(58) 
1(55) 1(51) 1(64) 1(61) 
1(63) 1(62) 1(64) 
1(64) 1(63) 
1(63) 

0.26666666666666666
precise=0.31645569620253167
recall=0.9424603174603174
F1score=0.47381546134663344

threshold=3.3600000000000025
1(64) 1(51) 0(41) 1(64) 1(58) 
1(55) 1(53) 1(64) 1(61) 
1(63) 1(62) 1(64) 
1(64) 1(63) 
1(63) 

0.26666666666666666
precise=0.31551155115511553
recall=0.9428007889546351
F1score=0.47279920870425324

threshold=3.3800000000000026
1(64) 1(51) 0(42) 1(64) 1(58) 
1(55) 1(53) 1(64) 1(61) 
1(63) 1(62) 1(64) 
1(64) 1(63) 
1(63) 

0.26666666666666666
precise=0.3145846958796599
recall=0.9431372549019608
F1score=0.4717999019127023

threshold=3.4000000000000026
1(64) 1(51) 0(42) 1(64) 1(58) 
1(55) 1(53) 1(64) 1(61) 
1(63) 1(62) 1(64) 
1(64) 1(63) 
1(63) 

0.26666666666666666
precise=0.3136746597537265
recall=0.9434697855750487
F1score=0.4708171206225681

threshold=3.4200000000000026
1(64) 1(51) 0(43) 1(64) 1(58) 
1(56) 1(54) 1(64) 1(61) 
1(63) 1(62) 1(64) 
1(64) 1(63) 
1(63) 

0.26666666666666666
precise=0.3127809890815671
recall=0.9437984496124031
F1score=0.46985045827303423

threshold=3.4400000000000026
1(64) 1(51) 0(43) 1(64) 1(58) 
1(56) 1(54) 1(64) 1(61) 
1(63) 1(62) 1(64) 
1(64) 1(63) 
1(63) 

0.26666666666666666
precise=0.3119032463399109
recall=0.9441233140655106
F1score=0.4688995215311005

threshold=3.4600000000000026
1(64) 1(52) 0(43) 1(64) 1(58) 
1(56) 1(54) 1(64) 1(61) 
1(63) 1(62) 1(64) 
1(64) 1(63) 
1(63) 

0.26666666666666666
precise=0.3110410094637224
recall=0.9444444444444444
F1score=0.4679639297579497

threshold=3.4800000000000026
1(64) 1(52) 0(44) 1(64) 1(58) 
1(57) 1(54) 1(64) 1(61) 
1(63) 1(62) 1(64) 
1(64) 1(63) 
1(63) 

0.26666666666666666
precise=0.31019387116948094
recall=0.9447619047619048
F1score=0.4670433145009416

threshold=3.5000000000000027
1(64) 1(52) 0(44) 1(64) 1(58) 
1(57) 1(54) 1(64) 1(61) 
1(63) 1(62) 1(64) 
1(64) 1(63) 
1(63) 

0.26666666666666666
precise=0.30936143831370116
recall=0.9450757575757576
F1score=0.4661373190098085

threshold=3.5200000000000027
1(64) 1(52) 0(44) 1(64) 1(58) 
1(57) 1(54) 1(64) 1(61) 
1(63) 1(62) 1(64) 
1(64) 1(63) 
1(63) 

0.26666666666666666
precise=0.30854333128457284
recall=0.9453860640301318
F1score=0.4652455977757183

threshold=3.5400000000000027
1(64) 1(53) 0(44) 1(64) 1(58) 
1(57) 1(55) 1(64) 1(61) 
1(63) 1(62) 1(64) 
1(64) 1(64) 
1(63) 

0.26666666666666666
precise=0.307739183424741
recall=0.9456928838951311
F1score=0.46436781609195404

threshold=3.5600000000000027
1(64) 1(53) 0(44) 1(64) 1(58) 
1(57) 1(55) 1(64) 1(61) 
1(63) 1(62) 1(64) 
1(64) 1(64) 
1(63) 

0.26666666666666666
precise=0.30694864048338366
recall=0.9459962756052142
F1score=0.4635036496350365

threshold=3.5800000000000027
1(64) 1(53) 0(44) 1(64) 1(58) 
1(57) 1(55) 1(64) 1(61) 
1(63) 1(62) 1(64) 
1(64) 1(64) 
1(63) 

0.26666666666666666
precise=0.30617136009586576
recall=0.9462962962962963
F1score=0.4626527840651879

threshold=3.6000000000000028
1(64) 1(53) 1(46) 1(64) 1(59) 
1(57) 1(55) 1(64) 1(61) 
1(63) 1(62) 1(64) 
1(64) 1(64) 
1(63) 

0.2
precise=0.30522565320665085
recall=0.9465930018416207
F1score=0.46160754378087115

threshold=3.6200000000000028
1(64) 1(53) 1(47) 1(64) 1(59) 
1(57) 1(55) 1(64) 1(61) 
1(63) 1(62) 1(64) 
1(64) 1(64) 
1(63) 

0.2
precise=0.3042966450853443
recall=0.9468864468864469
F1score=0.46057906458797326

threshold=3.640000000000003
1(64) 1(53) 1(49) 1(64) 1(59) 
1(57) 1(55) 1(64) 1(61) 
1(63) 1(62) 1(64) 
1(64) 1(64) 
1(64) 

0.2
precise=0.3033838973162194
recall=0.9471766848816029
F1score=0.4595669465311533

threshold=3.660000000000003
1(64) 1(53) 1(49) 1(64) 1(59) 
1(58) 1(55) 1(64) 1(61) 
1(63) 1(62) 1(64) 
1(64) 1(64) 
1(64) 

0.2
precise=0.302486986697513
recall=0.947463768115942
F1score=0.4585708022797019

threshold=3.680000000000003
1(64) 1(53) 1(49) 1(64) 1(59) 
1(58) 1(55) 1(64) 1(61) 
1(63) 1(62) 1(64) 
1(64) 1(64) 
1(64) 

0.2
precise=0.30160550458715596
recall=0.9477477477477477
F1score=0.4575902566333188

threshold=3.700000000000003
1(64) 1(53) 1(50) 1(64) 1(60) 
1(58) 1(55) 1(64) 1(61) 
1(63) 1(62) 1(64) 
1(64) 1(64) 
1(64) 

0.2
precise=0.3007390562819784
recall=0.9480286738351255
F1score=0.4566249460509279

threshold=3.720000000000003
1(64) 1(53) 1(50) 1(64) 1(60) 
1(58) 1(55) 1(64) 1(61) 
1(63) 1(63) 1(64) 
1(64) 1(64) 
1(64) 

0.2
precise=0.29988726042841035
recall=0.948306595365419
F1score=0.4556745182012848

threshold=3.740000000000003
1(64) 1(53) 1(50) 1(64) 1(60) 
1(58) 1(55) 1(64) 1(61) 
1(64) 1(63) 1(64) 
1(64) 1(64) 
1(64) 

0.2
precise=0.2990497484628284
recall=0.9485815602836879
F1score=0.4547386315342116

threshold=3.760000000000003
1(64) 1(53) 1(50) 1(64) 1(60) 
1(58) 1(55) 1(64) 1(61) 
1(64) 1(63) 1(64) 
1(64) 1(64) 
1(64) 

0.2
precise=0.2982261640798226
recall=0.9488536155202821
F1score=0.4538169548713623

threshold=3.780000000000003
1(64) 1(53) 1(51) 1(64) 1(60) 
1(58) 1(55) 1(64) 1(61) 
1(64) 1(63) 1(64) 
1(64) 1(64) 
1(64) 

0.2
precise=0.29741616272677296
recall=0.9491228070175438
F1score=0.45290916701548767

threshold=3.800000000000003
1(64) 1(54) 1(51) 1(64) 1(61) 
1(58) 1(55) 1(64) 1(61) 
1(64) 1(63) 1(64) 
1(64) 1(64) 
1(64) 

0.2
precise=0.2966194111232279
recall=0.9493891797556719
F1score=0.45201495637723305

threshold=3.820000000000003
1(64) 1(54) 1(51) 1(64) 1(61) 
1(58) 1(55) 1(64) 1(61) 
1(64) 1(63) 1(64) 
1(64) 1(64) 
1(64) 

0.2
precise=0.29583558680367766
recall=0.9496527777777778
F1score=0.4511340206185567

threshold=3.840000000000003
1(64) 1(54) 1(51) 1(64) 1(61) 
1(58) 1(55) 1(64) 1(61) 
1(64) 1(63) 1(64) 
1(64) 1(64) 
1(64) 

0.2
precise=0.29506437768240346
recall=0.9499136442141624
F1score=0.4502660663119116

threshold=3.860000000000003
1(64) 1(54) 1(51) 1(64) 1(61) 
1(58) 1(56) 1(64) 1(61) 
1(64) 1(63) 1(64) 
1(64) 1(64) 
1(64) 

0.2
precise=0.29430548163916975
recall=0.9501718213058419
F1score=0.44941080861438437

threshold=3.880000000000003
1(64) 1(54) 1(51) 1(64) 1(61) 
1(58) 1(56) 1(64) 1(61) 
1(64) 1(63) 1(64) 
1(64) 1(64) 
1(64) 

0.2
precise=0.293558606124604
recall=0.9504273504273504
F1score=0.4485679709560307

threshold=3.900000000000003
1(64) 1(54) 1(51) 1(64) 1(61) 
1(58) 1(56) 1(64) 1(61) 
1(64) 1(63) 1(64) 
1(64) 1(64) 
1(64) 

0.2
precise=0.2928234677841802
recall=0.9506802721088435
F1score=0.44773728474169

threshold=3.920000000000003
1(64) 1(54) 1(51) 1(64) 1(61) 
1(58) 1(57) 1(64) 1(61) 
1(64) 1(63) 1(64) 
1(64) 1(64) 
1(64) 

0.2
precise=0.2920997920997921
recall=0.9509306260575296
F1score=0.4469184890656064

threshold=3.940000000000003
1(64) 1(54) 1(51) 1(64) 1(61) 
1(58) 1(57) 1(64) 1(61) 
1(64) 1(63) 1(64) 
1(64) 1(64) 
1(64) 

0.2
precise=0.2913873130479629
recall=0.9511784511784511
F1score=0.44611133043821555

threshold=3.960000000000003
1(64) 1(54) 1(51) 1(64) 1(61) 
1(58) 1(57) 1(64) 1(61) 
1(64) 1(63) 1(64) 
1(64) 1(64) 
1(64) 

0.2
precise=0.2906857727737973
recall=0.9514237855946399
F1score=0.4453155625245002

threshold=3.980000000000003
1(64) 1(54) 1(51) 1(64) 1(61) 
1(58) 1(57) 1(64) 1(61) 
1(64) 1(63) 1(64) 
1(64) 1(64) 
1(64) 

0.2
precise=0.2899949212798375
recall=0.9516666666666667
F1score=0.4445309458933437

threshold=4.000000000000003
1(64) 1(54) 1(51) 1(64) 1(61) 
1(58) 1(57) 1(64) 1(61) 
1(64) 1(63) 1(64) 
1(64) 1(64) 
1(64) 

0.2
precise=0.28931451612903225
recall=0.9519071310116086
F1score=0.44375724777734826

threshold=4.020000000000002
1(64) 1(54) 1(51) 1(64) 1(61) 
1(58) 1(57) 1(64) 1(61) 
1(64) 1(63) 1(64) 
1(64) 1(64) 
1(64) 

0.2
precise=0.28864432216108055
recall=0.9521452145214522
F1score=0.4429942418426104

threshold=4.040000000000002
1(64) 1(54) 1(51) 1(64) 1(61) 
1(58) 1(57) 1(64) 1(61) 
1(64) 1(63) 1(64) 
1(64) 1(64) 
1(64) 

0.2
precise=0.28798411122144985
recall=0.9523809523809523
F1score=0.44224170796797563

threshold=4.060000000000001
1(64) 1(54) 1(51) 1(64) 1(61) 
1(58) 1(57) 1(64) 1(61) 
1(64) 1(63) 1(64) 
1(64) 1(64) 
1(64) 

0.2
precise=0.287333661902415
recall=0.9526143790849673
F1score=0.4414994320333207

threshold=4.080000000000001
1(64) 1(54) 1(51) 1(64) 1(61) 
1(58) 1(57) 1(64) 1(61) 
1(64) 1(63) 1(64) 
1(64) 1(64) 
1(64) 

0.2
precise=0.28669275929549903
recall=0.9528455284552846
F1score=0.44076720571643474

threshold=4.1000000000000005
1(64) 1(54) 1(51) 1(64) 1(61) 
1(58) 1(57) 1(64) 1(61) 
1(64) 1(63) 1(64) 
1(64) 1(64) 
1(64) 

0.2
precise=0.2860611947547353
recall=0.9530744336569579
F1score=0.4400448262980949

threshold=4.12
1(64) 1(54) 1(52) 1(64) 1(61) 
1(58) 1(57) 1(64) 1(61) 
1(64) 1(63) 1(64) 
1(64) 1(64) 
1(64) 

0.2
precise=0.2854387656702025
recall=0.9533011272141707
F1score=0.43933209647495364

threshold=4.14
1(64) 1(54) 1(52) 1(64) 1(61) 
1(58) 1(57) 1(64) 1(61) 
1(64) 1(63) 1(64) 
1(64) 1(64) 
1(64) 

0.2
precise=0.2848252752513164
recall=0.9535256410256411
F1score=0.4386288241798747

threshold=4.159999999999999
1(64) 1(54) 1(52) 1(64) 1(61) 
1(58) 1(57) 1(64) 1(61) 
1(64) 1(63) 1(64) 
1(64) 1(64) 
1(64) 

0.2
precise=0.28422053231939165
recall=0.9537480063795853
F1score=0.43793482240937387

threshold=4.179999999999999
1(64) 1(54) 1(52) 1(64) 1(61) 
1(59) 1(57) 1(64) 1(61) 
1(64) 1(63) 1(64) 
1(64) 1(64) 
1(64) 

0.2
precise=0.2836243511090137
recall=0.953968253968254
F1score=0.4372499090578392

threshold=4.199999999999998
1(64) 1(54) 1(52) 1(64) 1(61) 
1(59) 1(57) 1(64) 1(61) 
1(64) 1(63) 1(64) 
1(64) 1(64) 
1(64) 

0.2
precise=0.2830365510777882
recall=0.9541864139020537
F1score=0.4365739067582219

threshold=4.219999999999998
1(64) 1(54) 1(52) 1(64) 1(61) 
1(59) 1(57) 1(64) 1(61) 
1(64) 1(63) 1(64) 
1(64) 1(64) 
1(64) 

0.2
precise=0.2824569567240577
recall=0.9544025157232704
F1score=0.43590664272890484

threshold=4.2399999999999975
1(64) 1(54) 1(53) 1(64) 1(61) 
1(59) 1(57) 1(64) 1(61) 
1(64) 1(64) 1(64) 
1(64) 1(64) 
1(64) 

0.2
precise=0.28188539741219965
recall=0.9546165884194053
F1score=0.43524794862647165

threshold=4.259999999999997
1(64) 1(54) 1(53) 1(64) 1(61) 
1(59) 1(58) 1(64) 1(61) 
1(64) 1(64) 1(64) 
1(64) 1(64) 
1(64) 

0.2
precise=0.28132170720514
recall=0.9548286604361371
F1score=0.434597660404112

threshold=4.279999999999997
1(64) 1(54) 1(53) 1(64) 1(61) 
1(59) 1(58) 1(64) 1(61) 
1(64) 1(64) 1(64) 
1(64) 1(64) 
1(64) 

0.2
precise=0.28076572470373745
recall=0.9550387596899225
F1score=0.4339556181754139

threshold=4.299999999999996
1(64) 1(54) 1(53) 1(64) 1(61) 
1(59) 1(58) 1(64) 1(61) 
1(64) 1(64) 1(64) 
1(64) 1(64) 
1(64) 

0.2
precise=0.28021729289271163
recall=0.9552469135802469
F1score=0.4333216660833042

threshold=4.319999999999996
1(64) 1(54) 1(53) 1(64) 1(61) 
1(59) 1(58) 1(64) 1(61) 
1(64) 1(64) 1(64) 
1(64) 1(64) 
1(64) 

0.2
precise=0.27967625899280574
recall=0.9554531490015361
F1score=0.43269565217391304

threshold=4.339999999999995
1(64) 1(54) 1(53) 1(64) 1(61) 
1(59) 1(58) 1(64) 1(61) 
1(64) 1(64) 1(64) 
1(64) 1(64) 
1(64) 

0.2
precise=0.2791424743188924
recall=0.9556574923547401
F1score=0.4320774282751469

threshold=4.359999999999995
1(64) 1(54) 1(53) 1(64) 1(61) 
1(59) 1(58) 1(64) 1(61) 
1(64) 1(64) 1(64) 
1(64) 1(64) 
1(64) 

0.2
precise=0.27861579414374443
recall=0.9558599695585996
F1score=0.4314668498797664

threshold=4.379999999999995
1(64) 1(54) 1(53) 1(64) 1(61) 
1(59) 1(58) 1(64) 1(61) 
1(64) 1(64) 1(64) 
1(64) 1(64) 
1(64) 

0.2
precise=0.2780960775672102
recall=0.956060606060606
F1score=0.4308637760327757

threshold=4.399999999999994
1(64) 1(54) 1(53) 1(64) 1(61) 
1(59) 1(58) 1(64) 1(61) 
1(64) 1(64) 1(64) 
1(64) 1(64) 
1(64) 

0.2
precise=0.2775831873905429
recall=0.9562594268476622
F1score=0.4302680692229386

threshold=4.419999999999994
1(64) 1(54) 1(53) 1(64) 1(61) 
1(59) 1(58) 1(64) 1(61) 
1(64) 1(64) 1(64) 
1(64) 1(64) 
1(64) 

0.2
precise=0.2770769899956503
recall=0.9564564564564565
F1score=0.42967959527824623

threshold=4.439999999999993
1(64) 1(55) 1(53) 1(64) 1(61) 
1(60) 1(59) 1(64) 1(61) 
1(64) 1(64) 1(64) 
1(64) 1(64) 
1(64) 

0.2
precise=0.27657735522904064
recall=0.9566517189835575
F1score=0.4290982232651693

threshold=4.459999999999993
1(64) 1(55) 1(53) 1(64) 1(61) 
1(60) 1(59) 1(64) 1(61) 
1(64) 1(64) 1(64) 
1(64) 1(64) 
1(64) 

0.2
precise=0.27608415629025335
recall=0.9568452380952381
F1score=0.42852382539153616

threshold=4.479999999999992
1(64) 1(55) 1(53) 1(64) 1(61) 
1(60) 1(60) 1(64) 1(61) 
1(64) 1(64) 1(64) 
1(64) 1(64) 
1(64) 

0.2
precise=0.27559726962457337
recall=0.957037037037037
F1score=0.42795627691288507

threshold=4.499999999999992
1(64) 1(55) 1(53) 1(64) 1(61) 
1(60) 1(60) 1(64) 1(61) 
1(64) 1(64) 1(64) 
1(64) 1(64) 
1(64) 

0.2
precise=0.2751165748198389
recall=0.9572271386430679
F1score=0.42739545604214685

threshold=4.519999999999992
1(64) 1(55) 1(53) 1(64) 1(61) 
1(60) 1(60) 1(64) 1(61) 
1(64) 1(64) 1(64) 
1(64) 1(64) 
1(64) 

0.2
precise=0.2746419545071609
recall=0.9574155653450808
F1score=0.4268412438625205

threshold=4.539999999999991
1(64) 1(55) 1(53) 1(64) 1(61) 
1(60) 1(60) 1(64) 1(61) 
1(64) 1(64) 1(64) 
1(64) 1(64) 
1(64) 

0.2
precise=0.274173294265383
recall=0.9576023391812866
F1score=0.4262935242434103

threshold=4.559999999999991
1(64) 1(55) 1(53) 1(64) 1(61) 
1(60) 1(60) 1(64) 1(61) 
1(64) 1(64) 1(64) 
1(64) 1(64) 
1(64) 

0.2
precise=0.2737104825291181
recall=0.9577874818049491
F1score=0.4257521837593012

threshold=4.57999999999999
1(64) 1(55) 1(53) 1(64) 1(61) 
1(60) 1(60) 1(64) 1(61) 
1(64) 1(64) 1(64) 
1(64) 1(64) 
1(64) 

0.2
precise=0.2732534105002067
recall=0.9579710144927536
F1score=0.42521711161145065

threshold=4.59999999999999
1(64) 1(55) 1(53) 1(64) 1(61) 
1(60) 1(60) 1(64) 1(61) 
1(64) 1(64) 1(64) 
1(64) 1(64) 
1(64) 

0.2
precise=0.27280197206244866
recall=0.9581529581529582
F1score=0.42468819955228654

threshold=4.6199999999999894
1(64) 1(55) 1(53) 1(64) 1(61) 
1(60) 1(60) 1(64) 1(61) 
1(64) 1(64) 1(64) 
1(64) 1(64) 
1(64) 

0.2
precise=0.2723560636994692
recall=0.9583333333333334
F1score=0.4241653418124006

threshold=4.639999999999989
1(64) 1(55) 1(53) 1(64) 1(61) 
1(61) 1(60) 1(64) 1(61) 
1(64) 1(64) 1(64) 
1(64) 1(64) 
1(64) 

0.2
precise=0.2719155844155844
recall=0.9585121602288984
F1score=0.4236484350300348

threshold=4.659999999999989
1(64) 1(55) 1(53) 1(64) 1(61) 
1(61) 1(61) 1(64) 1(61) 
1(64) 1(64) 1(64) 
1(64) 1(64) 
1(64) 

0.2
precise=0.27148043565954016
recall=0.9586894586894587
F1score=0.4231373781829613

threshold=4.679999999999988
1(64) 1(55) 1(54) 1(64) 1(61) 
1(61) 1(61) 1(64) 1(61) 
1(64) 1(64) 1(64) 
1(64) 1(64) 
1(64) 

0.2
precise=0.27105052125100243
recall=0.9588652482269504
F1score=0.4226320725226633

threshold=4.699999999999988
1(64) 1(55) 1(54) 1(64) 1(61) 
1(61) 1(61) 1(64) 1(61) 
1(64) 1(64) 1(64) 
1(64) 1(64) 
1(64) 

0.2
precise=0.27062574730968514
recall=0.9590395480225988
F1score=0.4221324215107243

threshold=4.719999999999987
1(64) 1(56) 1(54) 1(64) 1(61) 
1(61) 1(61) 1(64) 1(61) 
1(64) 1(64) 1(64) 
1(64) 1(64) 
1(64) 

0.2
precise=0.27020602218700474
recall=0.9592123769338959
F1score=0.4216383307573416

threshold=4.739999999999987
1(64) 1(56) 1(54) 1(64) 1(61) 
1(61) 1(61) 1(64) 1(61) 
1(64) 1(64) 1(64) 
1(64) 1(64) 
1(64) 

0.2
precise=0.26979125640015755
recall=0.9593837535014006
F1score=0.42114970796188134

threshold=4.7599999999999865
1(64) 1(56) 1(54) 1(64) 1(61) 
1(61) 1(61) 1(64) 1(61) 
1(64) 1(64) 1(64) 
1(64) 1(64) 
1(64) 

0.2
precise=0.26938136256851997
recall=0.9595536959553695
F1score=0.4206664628553959

threshold=4.779999999999986
1(64) 1(56) 1(54) 1(64) 1(61) 
1(61) 1(61) 1(64) 1(61) 
1(64) 1(64) 1(64) 
1(64) 1(64) 
1(64) 

0.2
precise=0.26897625535227715
recall=0.9597222222222223
F1score=0.42018850714502887

threshold=4.799999999999986
1(64) 1(56) 1(54) 1(64) 1(61) 
1(61) 1(61) 1(64) 1(61) 
1(64) 1(64) 1(64) 
1(64) 1(64) 
1(64) 

0.2
precise=0.26857585139318885
recall=0.9598893499308437
F1score=0.41971575446023585

threshold=4.819999999999985
1(64) 1(56) 1(55) 1(64) 1(61) 
1(61) 1(61) 1(64) 1(61) 
1(64) 1(64) 1(64) 
1(64) 1(64) 
1(64) 

0.2
precise=0.2681800692574067
recall=0.9600550964187328
F1score=0.41924812030075187

threshold=4.839999999999985
1(64) 1(56) 1(55) 1(64) 1(61) 
1(61) 1(61) 1(64) 1(61) 
1(64) 1(64) 1(64) 
1(64) 1(64) 
1(64) 

0.2
precise=0.26778882938026016
recall=0.9602194787379973
F1score=0.4187855219862399

threshold=4.859999999999984
1(64) 1(56) 1(55) 1(64) 1(61) 
1(61) 1(61) 1(64) 1(61) 
1(64) 1(64) 1(64) 
1(64) 1(64) 
1(64) 

0.2
precise=0.26740205401293266
recall=0.9603825136612022
F1score=0.41832787860755727

threshold=4.879999999999984
1(64) 1(56) 1(55) 1(64) 1(61) 
1(61) 1(61) 1(64) 1(61) 
1(64) 1(64) 1(64) 
1(64) 1(64) 
1(64) 

0.2
precise=0.2670196671709531
recall=0.9605442176870749
F1score=0.41787511097957974

threshold=4.8999999999999835
1(64) 1(57) 1(55) 1(64) 1(61) 
1(61) 1(61) 1(64) 1(61) 
1(64) 1(64) 1(64) 
1(64) 1(64) 
1(64) 

0.2
precise=0.26664159458443026
recall=0.9607046070460704
F1score=0.41742714159552546

threshold=4.919999999999983
1(64) 1(57) 1(56) 1(64) 1(61) 
1(61) 1(61) 1(64) 1(61) 
1(64) 1(64) 1(64) 
1(64) 1(64) 
1(64) 

0.2
precise=0.26626776364996263
recall=0.9608636977058029
F1score=0.4169838945827233

threshold=4.939999999999983
1(64) 1(57) 1(56) 1(64) 1(61) 
1(61) 1(61) 1(64) 1(61) 
1(64) 1(64) 1(64) 
1(64) 1(64) 
1(64) 

0.2
precise=0.2658981033841577
recall=0.9610215053763441
F1score=0.4165452956597728

threshold=4.959999999999982
1(64) 1(57) 1(56) 1(64) 1(61) 
1(61) 1(61) 1(64) 1(61) 
1(64) 1(64) 1(64) 
1(64) 1(64) 
1(64) 

0.2
precise=0.2655325443786982
recall=0.9611780455153949
F1score=0.4161112720950449

threshold=4.979999999999982
1(64) 1(57) 1(56) 1(64) 1(61) 
1(61) 1(61) 1(64) 1(61) 
1(64) 1(64) 1(64) 
1(64) 1(64) 
1(64) 

0.2
precise=0.2651710187568959
recall=0.9613333333333334
F1score=0.4156817526664745

threshold=4.999999999999981
1(64) 1(57) 1(56) 1(64) 1(61) 
1(61) 1(61) 1(64) 1(61) 
1(64) 1(64) 1(64) 
1(64) 1(64) 
1(64) 

0.2
precise=0.2648134601316752
recall=0.9614873837981408
F1score=0.4152566676225982

threshold=5.019999999999981
1(64) 1(57) 1(56) 1(64) 1(61) 
1(61) 1(61) 1(64) 1(61) 
1(64) 1(64) 1(64) 
1(64) 1(64) 
1(64) 

0.2
precise=0.2644598035649327
recall=0.9616402116402116
F1score=0.4148359486447932

threshold=5.0399999999999805
1(64) 1(57) 1(56) 1(64) 1(61) 
1(61) 1(61) 1(64) 1(61) 
1(64) 1(64) 1(64) 
1(64) 1(64) 
1(64) 

0.2
precise=0.26410998552821996
recall=0.9617918313570487
F1score=0.41441952881067273

threshold=5.05999999999998
1(64) 1(57) 1(56) 1(64) 1(61) 
1(61) 1(61) 1(64) 1(61) 
1(64) 1(64) 1(64) 
1(64) 1(64) 
1(64) 

0.2
precise=0.26376394386469953
recall=0.9619422572178478
F1score=0.4140073425585993

threshold=5.07999999999998
1(64) 1(57) 1(56) 1(64) 1(61) 
1(61) 1(61) 1(64) 1(61) 
1(64) 1(64) 1(64) 
1(64) 1(64) 
1(64) 

0.2
precise=0.2634216177523264
recall=0.9620915032679739
F1score=0.4135993256532734

threshold=5.099999999999979
1(64) 1(57) 1(56) 1(64) 1(61) 
1(61) 1(61) 1(64) 1(61) 
1(64) 1(64) 1(64) 
1(64) 1(64) 
1(64) 

0.2
precise=0.26308294766820933
recall=0.9622395833333334
F1score=0.4131954151523623

threshold=5.119999999999979
1(64) 1(57) 1(57) 1(64) 1(61) 
1(61) 1(61) 1(64) 1(61) 
1(64) 1(64) 1(64) 
1(64) 1(64) 
1(64) 

0.2
precise=0.26274787535410765
recall=0.9623865110246433
F1score=0.4127955493741307

threshold=5.139999999999978
1(64) 1(57) 1(57) 1(64) 1(61) 
1(61) 1(61) 1(64) 1(61) 
1(64) 1(64) 1(64) 
1(64) 1(64) 
1(64) 

0.2
precise=0.2624163437830222
recall=0.962532299741602
F1score=0.4123996678660393

threshold=5.159999999999978
1(64) 1(57) 1(57) 1(64) 1(61) 
1(61) 1(61) 1(64) 1(61) 
1(64) 1(64) 1(64) 
1(64) 1(64) 
1(64) 

0.2
precise=0.2620882971268395
recall=0.9626769626769627
F1score=0.41200771137427705

threshold=5.1799999999999775
1(64) 1(57) 1(57) 1(64) 1(61) 
1(61) 1(61) 1(64) 1(61) 
1(64) 1(64) 1(64) 
1(64) 1(64) 
1(64) 

0.2
precise=0.2617636807249913
recall=0.9628205128205128
F1score=0.41161962181419565

threshold=5.199999999999977
1(64) 1(57) 1(57) 1(64) 1(61) 
1(61) 1(61) 1(64) 1(61) 
1(64) 1(64) 1(64) 
1(64) 1(64) 
1(64) 

0.2
precise=0.26144244105409153
recall=0.9629629629629629
F1score=0.4112353422416144

threshold=5.219999999999977
1(64) 1(58) 1(57) 1(64) 1(61) 
1(61) 1(61) 1(64) 1(61) 
1(64) 1(64) 1(64) 
1(64) 1(64) 
1(64) 

0.2
precise=0.26112452569851674
recall=0.9631043256997456
F1score=0.41085481682496605

threshold=5.239999999999976
1(64) 1(58) 1(57) 1(64) 1(61) 
1(62) 1(61) 1(64) 1(61) 
1(64) 1(64) 1(64) 
1(64) 1(64) 
1(64) 

0.2
precise=0.2608098833218943
recall=0.9632446134347274
F1score=0.4104779908182555

threshold=5.259999999999976
1(64) 1(58) 1(57) 1(64) 1(61) 
1(62) 1(61) 1(64) 1(61) 
1(64) 1(64) 1(64) 
1(64) 1(64) 
1(64) 

0.2
precise=0.2604984636394674
recall=0.9633838383838383
F1score=0.41010481053480247

threshold=5.279999999999975
1(64) 1(58) 1(57) 1(64) 1(61) 
1(62) 1(61) 1(64) 1(61) 
1(64) 1(64) 1(64) 
1(64) 1(64) 
1(64) 

0.2
precise=0.2601902173913043
recall=0.9635220125786164
F1score=0.4097352233217438

threshold=5.299999999999975
1(64) 1(58) 1(58) 1(64) 1(61) 
1(62) 1(61) 1(64) 1(61) 
1(64) 1(64) 1(64) 
1(64) 1(64) 
1(64) 

0.2
precise=0.25988509631632306
recall=0.9636591478696742
F1score=0.4093691775352675

threshold=5.3199999999999745
1(64) 1(58) 1(58) 1(64) 1(61) 
1(62) 1(61) 1(64) 1(61) 
1(64) 1(64) 1(64) 
1(64) 1(64) 
1(64) 

0.2
precise=0.25958305312710156
recall=0.9637952559300874
F1score=0.4090066225165563

threshold=5.339999999999974
1(64) 1(58) 1(58) 1(64) 1(61) 
1(62) 1(61) 1(64) 1(61) 
1(64) 1(64) 1(64) 
1(64) 1(64) 
1(64) 

0.2
precise=0.25928404148544665
recall=0.9639303482587065
F1score=0.40864750856841553

threshold=5.359999999999974
1(64) 1(58) 1(58) 1(64) 1(61) 
1(62) 1(61) 1(64) 1(61) 
1(64) 1(64) 1(64) 
1(64) 1(64) 
1(64) 

0.2
precise=0.2589880159786951
recall=0.9640644361833953
F1score=0.4082917869325636

threshold=5.379999999999973
1(64) 1(59) 1(58) 1(64) 1(61) 
1(62) 1(61) 1(64) 1(62) 
1(64) 1(64) 1(64) 
1(64) 1(64) 
1(64) 

0.2
precise=0.2586949320967208
recall=0.9641975308641976
F1score=0.4079394097675633

threshold=5.399999999999973
1(64) 1(59) 1(58) 1(64) 1(61) 
1(62) 1(61) 1(64) 1(62) 
1(64) 1(64) 1(64) 
1(64) 1(64) 
1(64) 

0.2
precise=0.2584047462096243
recall=0.964329643296433
F1score=0.407590330127372

threshold=5.419999999999972
1(64) 1(59) 1(58) 1(64) 1(61) 
1(62) 1(61) 1(64) 1(62) 
1(64) 1(64) 1(64) 
1(64) 1(64) 
1(64) 

0.2
precise=0.2581174155460807
recall=0.9644607843137255
F1score=0.4072445019404916

threshold=5.439999999999972
1(64) 1(59) 1(58) 1(64) 1(61) 
1(62) 1(61) 1(64) 1(62) 
1(64) 1(64) 1(64) 
1(64) 1(64) 
1(64) 

0.2
precise=0.25783289817232374
recall=0.9645909645909646
F1score=0.4069018799896987

threshold=5.4599999999999715
1(64) 1(59) 1(58) 1(64) 1(61) 
1(62) 1(61) 1(64) 1(62) 
1(64) 1(64) 1(64) 
1(64) 1(64) 
1(64) 

0.2
precise=0.2575511529717441
recall=0.9647201946472019
F1score=0.4065624198923353

threshold=5.479999999999971
1(64) 1(60) 1(58) 1(64) 1(61) 
1(62) 1(61) 1(64) 1(62) 
1(64) 1(64) 1(64) 
1(64) 1(64) 
1(64) 

0.2
precise=0.2572721396250808
recall=0.9648484848484848
F1score=0.40622607808114314

threshold=5.499999999999971
1(64) 1(60) 1(58) 1(64) 1(61) 
1(62) 1(61) 1(64) 1(62) 
1(64) 1(64) 1(64) 
1(64) 1(64) 
1(64) 

0.2
precise=0.25699581859118686
recall=0.964975845410628
F1score=0.4058928117856236

threshold=5.51999999999997
1(64) 1(60) 1(58) 1(64) 1(61) 
1(62) 1(61) 1(64) 1(62) 
1(64) 1(64) 1(64) 
1(64) 1(64) 
1(64) 

0.2
precise=0.2567221510883483
recall=0.9651022864019254
F1score=0.40556257901390647

threshold=5.53999999999997
1(64) 1(60) 1(58) 1(64) 1(61) 
1(62) 1(62) 1(64) 1(62) 
1(64) 1(64) 1(64) 
1(64) 1(64) 
1(64) 

0.2
precise=0.2564510990761389
recall=0.9652278177458034
F1score=0.405235338535112

threshold=5.559999999999969
1(64) 1(60) 1(58) 1(64) 1(61) 
1(62) 1(62) 1(64) 1(62) 
1(64) 1(64) 1(64) 
1(64) 1(64) 
1(64) 

0.2
precise=0.2561826252377933
recall=0.965352449223417
F1score=0.40491104986218995

threshold=5.579999999999969
1(64) 1(60) 1(58) 1(64) 1(61) 
1(62) 1(62) 1(64) 1(62) 
1(64) 1(64) 1(64) 
1(64) 1(64) 
1(64) 

0.2
precise=0.25591669296307984
recall=0.9654761904761905
F1score=0.40458967323522077

threshold=5.599999999999969
1(64) 1(60) 1(58) 1(64) 1(61) 
1(62) 1(62) 1(64) 1(62) 
1(64) 1(64) 1(64) 
1(64) 1(64) 
1(64) 

0.2
precise=0.2556532663316583
recall=0.9655990510083037
F1score=0.4042711696051651

threshold=5.619999999999968
1(64) 1(60) 1(59) 1(64) 1(61) 
1(62) 1(62) 1(64) 1(62) 
1(64) 1(64) 1(64) 
1(64) 1(64) 
1(64) 

0.2
precise=0.2553923100969053
recall=0.9657210401891253
F1score=0.40395550061804697

threshold=5.639999999999968
1(64) 1(60) 1(59) 1(64) 1(61) 
1(62) 1(62) 1(64) 1(62) 
1(64) 1(64) 1(64) 
1(64) 1(64) 
1(64) 

0.2
precise=0.2551337896701929
recall=0.9658421672555948
F1score=0.40364262859955696

threshold=5.659999999999967
1(64) 1(60) 1(59) 1(64) 1(61) 
1(62) 1(62) 1(64) 1(62) 
1(64) 1(64) 1(64) 
1(64) 1(64) 
1(64) 

0.2
precise=0.25487767110560544
recall=0.965962441314554
F1score=0.4033325165400637

threshold=5.679999999999967
1(64) 1(60) 1(60) 1(64) 1(61) 
1(62) 1(62) 1(64) 1(62) 
1(64) 1(64) 1(64) 
1(64) 1(64) 
1(64) 

0.2
precise=0.25462392108508014
recall=0.9660818713450292
F1score=0.4030251280800195

threshold=5.699999999999966
1(64) 1(60) 1(60) 1(64) 1(61) 
1(62) 1(62) 1(64) 1(62) 
1(64) 1(64) 1(64) 
1(64) 1(64) 
1(64) 

0.2
precise=0.2543725069039583
recall=0.9662004662004662
F1score=0.4027204274957493

threshold=5.719999999999966
1(64) 1(60) 1(60) 1(64) 1(61) 
1(62) 1(62) 1(64) 1(62) 
1(64) 1(64) 1(64) 
1(64) 1(64) 
1(64) 

0.2
precise=0.25412339645693344
recall=0.9663182346109176
F1score=0.4024183796856106

threshold=5.739999999999966
1(64) 1(60) 1(60) 1(64) 1(61) 
1(62) 1(62) 1(64) 1(62) 
1(64) 1(64) 1(64) 
1(64) 1(64) 
1(64) 

0.2
precise=0.2538765582243843
recall=0.9664351851851852
F1score=0.4021189501565134

threshold=5.759999999999965
1(64) 1(60) 1(60) 1(64) 1(61) 
1(62) 1(62) 1(64) 1(62) 
1(64) 1(64) 1(64) 
1(64) 1(64) 
1(64) 

0.2
precise=0.2536319612590799
recall=0.9665513264129181
F1score=0.4018221050107888

threshold=5.779999999999965
1(64) 1(60) 1(60) 1(64) 1(61) 
1(62) 1(62) 1(64) 1(62) 
1(64) 1(64) 1(64) 
1(64) 1(64) 
1(64) 

0.2
precise=0.25338957517324495
recall=0.9666666666666667
F1score=0.401527810933397

threshold=5.799999999999964
1(64) 1(60) 1(60) 1(64) 1(61) 
1(62) 1(62) 1(64) 1(62) 
1(64) 1(64) 1(64) 
1(64) 1(64) 
1(64) 

0.2
precise=0.2531493701259748
recall=0.9667812142038946
F1score=0.4012360351794628

threshold=5.819999999999964
1(64) 1(60) 1(60) 1(64) 1(61) 
1(62) 1(62) 1(64) 1(62) 
1(64) 1(64) 1(64) 
1(64) 1(64) 
1(64) 

0.2
precise=0.25291131681098833
recall=0.9668949771689498
F1score=0.40094674556213017

threshold=5.839999999999963
1(64) 1(60) 1(60) 1(64) 1(61) 
1(62) 1(62) 1(64) 1(62) 
1(64) 1(64) 1(64) 
1(64) 1(64) 
1(64) 

0.2
precise=0.25267538644470866
recall=0.9670079635949943
F1score=0.4006599104407259

threshold=5.859999999999963
1(64) 1(60) 1(60) 1(64) 1(61) 
1(62) 1(62) 1(64) 1(62) 
1(64) 1(64) 1(64) 
1(64) 1(64) 
1(64) 

0.2
precise=0.2524415507546611
recall=0.9671201814058957
F1score=0.4003754987092232

threshold=5.879999999999963
1(64) 1(60) 1(60) 1(64) 1(61) 
1(62) 1(62) 1(64) 1(62) 
1(64) 1(64) 1(64) 
1(64) 1(64) 
1(64) 

0.2
precise=0.2522097819681791
recall=0.9672316384180791
F1score=0.4000934797849965

threshold=5.899999999999962
1(64) 1(60) 1(61) 1(64) 1(61) 
1(62) 1(62) 1(64) 1(62) 
1(64) 1(64) 1(64) 
1(64) 1(64) 
1(64) 

0.2
precise=0.25198005280140806
recall=0.9673423423423423
F1score=0.399813823597859

threshold=5.919999999999962
1(64) 1(60) 1(61) 1(64) 1(61) 
1(62) 1(62) 1(64) 1(62) 
1(64) 1(64) 1(64) 
1(64) 1(64) 
1(64) 

0.2
precise=0.2517523364485981
recall=0.9674523007856342
F1score=0.3995365005793743

threshold=5.939999999999961
1(64) 1(60) 1(61) 1(64) 1(61) 
1(62) 1(62) 1(64) 1(62) 
1(64) 1(64) 1(64) 
1(64) 1(64) 
1(64) 

0.2
precise=0.2515266065716778
recall=0.9675615212527964
F1score=0.3992614816524348

threshold=5.959999999999961
1(64) 1(60) 1(61) 1(64) 1(61) 
1(62) 1(62) 1(64) 1(62) 
1(64) 1(64) 1(64) 
1(64) 1(64) 
1(64) 

0.2
precise=0.25130283729009845
recall=0.967670011148272
F1score=0.3989887382210986

threshold=5.9799999999999605
1(64) 1(60) 1(61) 1(64) 1(61) 
1(62) 1(62) 1(64) 1(62) 
1(64) 1(64) 1(64) 
1(64) 1(64) 
1(64) 

0.2
precise=0.2510810031709426
recall=0.9677777777777777
F1score=0.3987182421606775

threshold=5.99999999999996
1(64) 1(60) 1(61) 1(64) 1(61) 
1(62) 1(62) 1(64) 1(62) 
1(64) 1(64) 1(64) 
1(64) 1(64) 
1(64) 

0.2
precise=0.2508610792192882
recall=0.9678848283499446
F1score=0.3984499658080693

Max accuracy is 0.9333333333333333 at threshold 0.36000000000000004
Max precise is 1.0 at threshold 0.16
Max recall is 0.9678848283499446 at threshold 5.99999999999996
Max F1score is 0.6432748538011696 at threshold 0.5400000000000001
