threshold=0.0
0(0) 0(0) 0(1) 0(0) 0(0) 
0(0) 0(1) 0(0) 0(0) 
0(1) 0(0) 0(0) 
0(1) 0(1) 
0(0) 

0.8
precise=0.42399800470389715
recall=0.0
F1score=0.0

threshold=0.0001
0(4) 0(0) 0(1) 0(0) 0(0) 
0(0) 0(1) 0(0) 0(0) 
0(6) 0(12) 0(0) 
0(1) 0(1) 
0(3) 

0.8
precise=0.42399800470389715
recall=0.0
F1score=0.0

threshold=0.0002
0(4) 0(0) 0(1) 0(0) 0(0) 
0(0) 0(1) 0(0) 0(0) 
0(10) 0(15) 0(0) 
0(1) 0(1) 
0(7) 

0.8
precise=0.42399800470389715
recall=0.0
F1score=0.0

threshold=0.00030000000000000003
0(5) 0(0) 0(1) 0(0) 0(0) 
0(0) 0(1) 0(1) 0(0) 
0(10) 0(17) 0(0) 
0(1) 0(1) 
0(7) 

0.8
precise=0.42399800470389715
recall=0.0
F1score=0.0

threshold=0.0004
0(8) 0(0) 0(1) 0(0) 0(1) 
0(0) 0(1) 0(1) 0(0) 
0(11) 0(17) 0(0) 
0(1) 0(1) 
0(9) 

0.8
precise=0.42399800470389715
recall=0.0
F1score=0.0

threshold=0.0005
0(9) 0(0) 0(1) 0(0) 0(1) 
0(0) 0(1) 0(2) 0(0) 
0(16) 0(17) 0(1) 
0(1) 0(1) 
0(10) 

0.8
precise=0.42399800470389715
recall=0.0
F1score=0.0

threshold=0.0006000000000000001
0(9) 0(0) 0(1) 0(0) 0(1) 
0(0) 0(1) 0(2) 0(0) 
0(17) 0(20) 0(1) 
0(1) 0(1) 
0(11) 

0.8
precise=0.42399800470389715
recall=0.0
F1score=0.0

threshold=0.0007000000000000001
0(10) 0(0) 0(1) 0(0) 0(1) 
0(0) 0(1) 0(2) 0(1) 
0(19) 0(21) 0(1) 
0(1) 0(1) 
0(13) 

0.8
precise=0.42399800470389715
recall=0.0
F1score=0.0

threshold=0.0008000000000000001
0(10) 0(0) 0(1) 0(0) 0(1) 
0(0) 0(1) 0(2) 0(1) 
0(21) 0(22) 0(1) 
0(2) 0(1) 
0(15) 

0.8
precise=0.42399800470389715
recall=0.0
F1score=0.0

threshold=0.0009000000000000002
0(10) 0(0) 0(1) 0(0) 0(1) 
0(0) 0(1) 0(2) 0(1) 
0(23) 0(24) 0(1) 
0(2) 0(1) 
0(17) 

0.8
precise=0.42399800470389715
recall=0.0
F1score=0.0

threshold=0.0010000000000000002
0(10) 0(0) 0(1) 0(0) 0(1) 
0(0) 0(1) 0(2) 0(3) 
0(23) 0(24) 0(1) 
0(2) 0(1) 
0(20) 

0.8
precise=0.42399800470389715
recall=0.0
F1score=0.0

threshold=0.0011000000000000003
0(11) 0(0) 0(1) 0(0) 0(1) 
0(0) 0(1) 0(2) 0(3) 
0(23) 0(24) 0(2) 
0(2) 0(1) 
0(21) 

0.8
precise=0.42399800470389715
recall=0.0
F1score=0.0

threshold=0.0012000000000000003
0(11) 0(0) 0(1) 0(0) 0(1) 
0(0) 0(1) 0(2) 0(3) 
0(24) 0(25) 0(2) 
0(2) 0(1) 
0(24) 

0.8
precise=0.42399800470389715
recall=0.0
F1score=0.0

threshold=0.0013000000000000004
0(12) 0(0) 0(1) 0(0) 0(1) 
0(0) 0(1) 0(2) 0(3) 
0(25) 0(27) 0(2) 
0(2) 0(1) 
0(26) 

0.8
precise=0.42399800470389715
recall=0.0
F1score=0.0

threshold=0.0014000000000000004
0(12) 0(0) 0(1) 0(0) 0(1) 
0(0) 0(1) 0(2) 0(3) 
0(26) 0(30) 0(2) 
0(2) 0(1) 
0(28) 

0.8
precise=0.42399800470389715
recall=0.0
F1score=0.0

threshold=0.0015000000000000005
0(14) 0(0) 0(1) 0(0) 0(1) 
0(0) 0(1) 0(2) 0(4) 
0(29) 0(32) 0(2) 
0(2) 0(1) 
0(30) 

0.8
precise=0.42399800470389715
recall=0.0
F1score=0.0

threshold=0.0016000000000000005
0(14) 0(0) 0(1) 0(0) 0(1) 
0(0) 0(1) 0(2) 0(5) 
0(31) 0(32) 0(2) 
0(2) 0(1) 
0(31) 

0.8
precise=0.42399800470389715
recall=0.0
F1score=0.0

threshold=0.0017000000000000006
0(14) 0(0) 0(1) 0(0) 0(1) 
0(0) 0(1) 0(2) 0(5) 
0(32) 0(34) 0(4) 
0(2) 0(1) 
0(33) 

0.8
precise=0.42399800470389715
recall=0.0
F1score=0.0

threshold=0.0018000000000000006
0(14) 0(0) 0(1) 0(0) 0(1) 
0(0) 0(1) 0(2) 0(6) 
0(33) 0(35) 0(4) 
0(2) 0(1) 
0(34) 

0.8
precise=0.42399800470389715
recall=0.0
F1score=0.0

threshold=0.0019000000000000006
0(15) 0(0) 0(1) 0(0) 0(1) 
0(0) 0(1) 0(2) 0(6) 
0(34) 0(35) 0(5) 
0(2) 0(1) 
0(35) 

0.8
precise=0.42399800470389715
recall=0.0
F1score=0.0

threshold=0.0020000000000000005
0(15) 0(0) 0(1) 0(0) 0(1) 
0(0) 0(1) 0(2) 0(6) 
0(34) 0(37) 0(5) 
0(2) 0(1) 
0(36) 

0.8
precise=0.42399800470389715
recall=0.0
F1score=0.0

threshold=0.0021000000000000003
0(15) 0(0) 0(1) 0(0) 0(1) 
0(0) 0(1) 0(2) 0(6) 
0(34) 0(38) 0(5) 
0(2) 0(1) 
0(38) 

0.8
precise=0.42399800470389715
recall=0.0
F1score=0.0

threshold=0.0022
0(15) 0(0) 0(1) 0(0) 0(1) 
0(0) 0(1) 0(2) 0(6) 
0(34) 0(40) 0(6) 
0(2) 0(1) 
0(38) 

0.8
precise=0.42399800470389715
recall=0.0
F1score=0.0

threshold=0.0023
0(15) 0(0) 0(1) 0(0) 0(1) 
0(0) 0(1) 0(2) 0(6) 
0(35) 0(41) 0(8) 
0(4) 0(1) 
0(41) 

0.8
precise=0.42399800470389715
recall=0.0
F1score=0.0

threshold=0.0024
0(15) 0(0) 0(1) 0(0) 0(1) 
0(0) 0(1) 0(2) 0(6) 
0(38) 0(42) 0(11) 
0(5) 0(1) 
0(42) 

0.8
precise=0.42399800470389715
recall=0.0
F1score=0.0

threshold=0.0024999999999999996
0(16) 0(0) 0(1) 0(0) 0(1) 
0(0) 0(1) 0(2) 0(6) 
0(39) 0(43) 0(12) 
0(5) 0(1) 
0(44) 

0.8
precise=0.42399800470389715
recall=0.0
F1score=0.0

threshold=0.0025999999999999994
0(16) 0(0) 0(1) 0(0) 0(1) 
0(0) 0(1) 0(2) 0(6) 
0(39) 0(44) 0(13) 
0(6) 0(1) 
1(45) 

0.8666666666666667
precise=1.0
recall=0.012345679012345678
F1score=0.024390243902439025

threshold=0.0026999999999999993
0(16) 0(0) 0(1) 0(0) 0(1) 
0(0) 0(1) 0(2) 0(6) 
0(39) 0(44) 0(17) 
0(6) 0(1) 
1(46) 

0.8666666666666667
precise=1.0
recall=0.023809523809523808
F1score=0.046511627906976744

threshold=0.002799999999999999
0(17) 0(0) 0(1) 0(0) 0(1) 
0(0) 0(1) 0(2) 0(6) 
0(39) 1(45) 0(18) 
0(7) 0(1) 
1(46) 

0.8
precise=0.75
recall=0.034482758620689655
F1score=0.06593406593406594

threshold=0.002899999999999999
0(17) 0(0) 0(1) 0(0) 0(1) 
0(0) 0(1) 0(2) 0(6) 
0(41) 1(45) 0(18) 
0(8) 0(1) 
1(46) 

0.8
precise=0.6666666666666666
recall=0.044444444444444446
F1score=0.08333333333333333

threshold=0.0029999999999999988
0(17) 0(0) 0(1) 0(0) 0(1) 
0(0) 0(1) 0(2) 0(6) 
0(42) 1(47) 0(19) 
0(9) 0(1) 
1(47) 

0.8
precise=0.625
recall=0.053763440860215055
F1score=0.09900990099009901

threshold=0.0030999999999999986
0(17) 0(0) 0(1) 0(0) 0(1) 
0(0) 0(1) 0(2) 0(6) 
0(42) 1(47) 0(19) 
0(12) 0(1) 
1(50) 

0.8
precise=0.6
recall=0.0625
F1score=0.11320754716981132

threshold=0.0031999999999999984
0(17) 0(0) 0(1) 0(0) 0(1) 
0(0) 0(1) 0(2) 0(6) 
0(43) 1(48) 0(21) 
0(12) 0(1) 
1(50) 

0.8
precise=0.5833333333333334
recall=0.0707070707070707
F1score=0.12612612612612611

threshold=0.0032999999999999982
0(17) 0(0) 0(1) 0(0) 0(1) 
0(0) 0(1) 0(2) 0(7) 
0(43) 1(49) 0(22) 
0(12) 0(1) 
1(52) 

0.8
precise=0.5714285714285714
recall=0.0784313725490196
F1score=0.13793103448275862

threshold=0.003399999999999998
0(17) 0(0) 0(1) 0(0) 0(1) 
0(0) 0(1) 0(2) 0(8) 
0(44) 1(49) 0(22) 
0(15) 0(1) 
1(52) 

0.8
precise=0.5625
recall=0.08571428571428572
F1score=0.1487603305785124

threshold=0.003499999999999998
0(17) 0(0) 0(1) 0(0) 0(1) 
0(0) 0(1) 0(2) 0(8) 
0(44) 1(50) 0(23) 
0(15) 0(1) 
1(53) 

0.8
precise=0.5555555555555556
recall=0.09259259259259259
F1score=0.15873015873015872

threshold=0.0035999999999999977
0(17) 0(0) 0(1) 0(0) 0(1) 
0(0) 0(1) 0(2) 0(8) 
0(44) 1(50) 0(23) 
0(15) 0(1) 
1(54) 

0.8
precise=0.55
recall=0.0990990990990991
F1score=0.16793893129770993

threshold=0.0036999999999999976
0(18) 0(0) 0(1) 0(0) 0(2) 
0(0) 0(1) 0(2) 0(8) 
1(45) 1(50) 0(23) 
0(15) 0(1) 
1(55) 

0.8666666666666667
precise=0.5652173913043478
recall=0.11403508771929824
F1score=0.1897810218978102

threshold=0.0037999999999999974
0(19) 0(0) 0(1) 0(0) 0(2) 
0(0) 0(1) 0(2) 0(8) 
1(45) 1(51) 0(23) 
0(15) 0(1) 
1(56) 

0.8666666666666667
precise=0.5769230769230769
recall=0.1282051282051282
F1score=0.2097902097902098

threshold=0.0038999999999999972
0(20) 0(0) 0(1) 0(0) 0(2) 
0(0) 0(1) 0(2) 0(8) 
1(47) 1(52) 0(24) 
0(16) 0(1) 
1(57) 

0.8666666666666667
precise=0.5862068965517241
recall=0.14166666666666666
F1score=0.22818791946308725

threshold=0.0039999999999999975
0(20) 0(0) 0(1) 0(0) 0(2) 
0(1) 0(1) 0(2) 0(8) 
1(48) 1(52) 0(24) 
0(19) 0(1) 
1(59) 

0.8666666666666667
precise=0.59375
recall=0.15447154471544716
F1score=0.24516129032258063

threshold=0.004099999999999998
0(20) 0(0) 0(1) 0(0) 0(2) 
0(1) 0(1) 0(3) 0(8) 
1(48) 1(53) 0(24) 
0(19) 0(1) 
1(60) 

0.8666666666666667
precise=0.6
recall=0.16666666666666666
F1score=0.2608695652173913

threshold=0.004199999999999998
0(20) 0(0) 0(1) 0(0) 0(2) 
0(1) 0(1) 0(3) 0(9) 
1(48) 1(53) 0(26) 
0(19) 0(1) 
1(60) 

0.8666666666666667
precise=0.6052631578947368
recall=0.17829457364341086
F1score=0.2754491017964072

threshold=0.004299999999999998
0(20) 0(0) 0(1) 0(0) 0(2) 
0(1) 0(1) 0(3) 0(9) 
1(48) 1(53) 0(26) 
0(19) 0(1) 
1(61) 

0.8666666666666667
precise=0.6097560975609756
recall=0.1893939393939394
F1score=0.28901734104046245

threshold=0.0043999999999999985
0(20) 0(0) 0(1) 0(0) 0(2) 
0(1) 0(1) 0(3) 0(9) 
1(49) 1(55) 0(28) 
0(19) 0(1) 
1(61) 

0.8666666666666667
precise=0.6136363636363636
recall=0.2
F1score=0.3016759776536313

threshold=0.004499999999999999
0(20) 0(0) 0(1) 0(0) 0(2) 
0(1) 0(1) 0(3) 0(9) 
1(51) 1(57) 0(28) 
0(19) 0(1) 
1(61) 

0.8666666666666667
precise=0.6170212765957447
recall=0.21014492753623187
F1score=0.31351351351351353

threshold=0.004599999999999999
0(22) 0(0) 0(1) 0(0) 0(2) 
0(1) 0(1) 0(3) 0(10) 
1(51) 1(57) 0(29) 
0(19) 0(2) 
1(61) 

0.8666666666666667
precise=0.62
recall=0.2198581560283688
F1score=0.32460732984293195

threshold=0.004699999999999999
0(22) 0(0) 0(1) 0(0) 0(2) 
0(1) 0(1) 0(3) 0(11) 
1(51) 1(57) 0(29) 
0(22) 0(2) 
1(61) 

0.8666666666666667
precise=0.6226415094339622
recall=0.22916666666666666
F1score=0.3350253807106599

threshold=0.0048
0(23) 0(0) 0(1) 0(0) 0(2) 
0(1) 0(1) 0(3) 0(11) 
1(51) 1(57) 0(30) 
0(22) 0(2) 
1(61) 

0.8666666666666667
precise=0.625
recall=0.23809523809523808
F1score=0.3448275862068966

threshold=0.0049
0(24) 0(0) 0(1) 0(0) 0(2) 
0(1) 0(1) 0(4) 0(11) 
1(52) 1(58) 0(31) 
0(23) 0(2) 
1(61) 

0.8666666666666667
precise=0.6271186440677966
recall=0.24666666666666667
F1score=0.35406698564593303

threshold=0.005
0(25) 0(0) 0(1) 0(0) 0(2) 
0(1) 0(1) 0(4) 0(11) 
1(53) 1(58) 0(31) 
0(24) 0(2) 
1(61) 

0.8666666666666667
precise=0.6290322580645161
recall=0.2549019607843137
F1score=0.3627906976744186

threshold=0.0051
0(25) 0(0) 0(1) 0(0) 0(2) 
0(1) 0(1) 0(4) 0(11) 
1(54) 1(58) 0(33) 
0(24) 0(2) 
1(61) 

0.8666666666666667
precise=0.6307692307692307
recall=0.26282051282051283
F1score=0.37104072398190047

threshold=0.005200000000000001
0(25) 0(0) 0(1) 0(0) 0(2) 
0(1) 0(1) 0(4) 0(11) 
1(54) 1(58) 0(33) 
0(25) 0(3) 
1(61) 

0.8666666666666667
precise=0.6323529411764706
recall=0.27044025157232704
F1score=0.3788546255506608

threshold=0.005300000000000001
0(25) 0(0) 0(1) 0(0) 0(2) 
0(1) 0(1) 0(4) 0(11) 
1(54) 1(58) 0(33) 
0(25) 0(3) 
1(61) 

0.8666666666666667
precise=0.6338028169014085
recall=0.2777777777777778
F1score=0.38626609442060084

threshold=0.005400000000000001
0(25) 0(0) 0(1) 0(0) 0(2) 
0(1) 0(1) 0(4) 0(11) 
1(54) 1(60) 0(34) 
0(27) 0(3) 
1(61) 

0.8666666666666667
precise=0.6351351351351351
recall=0.28484848484848485
F1score=0.39330543933054396

threshold=0.005500000000000001
0(25) 0(0) 0(1) 0(0) 0(2) 
0(1) 0(1) 0(4) 0(11) 
1(54) 1(60) 0(35) 
0(27) 0(3) 
1(61) 

0.8666666666666667
precise=0.6363636363636364
recall=0.2916666666666667
F1score=0.4

threshold=0.005600000000000002
0(25) 0(0) 0(1) 0(0) 0(2) 
0(1) 0(1) 0(4) 0(11) 
1(54) 1(60) 0(35) 
0(31) 0(3) 
1(61) 

0.8666666666666667
precise=0.6375
recall=0.2982456140350877
F1score=0.4063745019920319

threshold=0.005700000000000002
0(25) 0(0) 0(1) 0(0) 0(2) 
0(1) 0(1) 0(4) 0(11) 
1(55) 1(60) 0(35) 
0(33) 0(3) 
1(61) 

0.8666666666666667
precise=0.6385542168674698
recall=0.3045977011494253
F1score=0.41245136186770426

threshold=0.005800000000000002
0(25) 0(0) 0(1) 0(0) 0(2) 
0(1) 0(1) 0(4) 0(11) 
1(55) 1(60) 0(35) 
0(35) 0(3) 
1(61) 

0.8666666666666667
precise=0.6395348837209303
recall=0.3107344632768362
F1score=0.41825095057034223

threshold=0.0059000000000000025
0(26) 0(0) 0(1) 0(0) 0(2) 
0(1) 0(1) 0(4) 0(11) 
1(55) 1(60) 0(35) 
0(35) 0(3) 
1(61) 

0.8666666666666667
precise=0.6404494382022472
recall=0.31666666666666665
F1score=0.42379182156133827

threshold=0.006000000000000003
0(26) 0(1) 0(1) 0(1) 0(2) 
0(1) 0(1) 0(4) 0(11) 
1(55) 1(61) 0(36) 
0(35) 0(3) 
1(61) 

0.8666666666666667
precise=0.6413043478260869
recall=0.3224043715846995
F1score=0.4290909090909091

threshold=0.006100000000000003
0(26) 0(1) 0(1) 0(1) 0(2) 
0(1) 0(1) 0(4) 0(11) 
1(55) 1(61) 0(36) 
0(35) 0(3) 
1(61) 

0.8666666666666667
precise=0.6421052631578947
recall=0.3279569892473118
F1score=0.43416370106761565

threshold=0.006200000000000003
0(26) 0(1) 0(1) 0(1) 0(2) 
0(1) 0(1) 0(4) 0(11) 
1(55) 1(61) 0(36) 
0(35) 0(3) 
1(61) 

0.8666666666666667
precise=0.6428571428571429
recall=0.3333333333333333
F1score=0.43902439024390244

threshold=0.0063000000000000035
0(26) 0(1) 0(1) 0(1) 0(2) 
0(1) 0(1) 0(5) 0(11) 
1(56) 1(61) 0(36) 
0(36) 0(3) 
1(61) 

0.8666666666666667
precise=0.6435643564356436
recall=0.3385416666666667
F1score=0.44368600682593856

threshold=0.006400000000000004
0(26) 0(1) 0(1) 0(1) 0(2) 
0(1) 0(1) 0(5) 0(11) 
1(57) 1(61) 0(37) 
0(37) 0(3) 
1(61) 

0.8666666666666667
precise=0.6442307692307693
recall=0.3435897435897436
F1score=0.44816053511705684

threshold=0.006500000000000004
0(26) 0(1) 0(1) 0(1) 0(2) 
0(1) 0(1) 0(5) 0(11) 
1(58) 1(61) 0(37) 
0(38) 0(4) 
1(61) 

0.8666666666666667
precise=0.6448598130841121
recall=0.3484848484848485
F1score=0.4524590163934426

threshold=0.006600000000000004
0(26) 0(1) 0(1) 0(1) 0(2) 
0(2) 0(1) 0(5) 0(11) 
1(58) 1(61) 0(37) 
0(38) 0(4) 
1(61) 

0.8666666666666667
precise=0.6454545454545455
recall=0.35323383084577115
F1score=0.4565916398713826

threshold=0.0067000000000000046
0(26) 0(1) 0(1) 0(1) 0(2) 
0(2) 0(1) 0(6) 0(11) 
1(59) 1(61) 0(37) 
0(38) 0(4) 
1(62) 

0.8666666666666667
precise=0.6460176991150443
recall=0.35784313725490197
F1score=0.4605678233438486

threshold=0.006800000000000005
0(27) 0(1) 0(1) 0(1) 0(2) 
0(2) 0(1) 0(6) 0(11) 
1(59) 1(61) 0(37) 
0(38) 0(4) 
1(62) 

0.8666666666666667
precise=0.646551724137931
recall=0.36231884057971014
F1score=0.46439628482972134

threshold=0.006900000000000005
0(28) 0(1) 0(1) 0(1) 0(2) 
0(2) 0(1) 0(6) 0(11) 
1(59) 1(61) 0(37) 
0(38) 0(4) 
1(62) 

0.8666666666666667
precise=0.6470588235294118
recall=0.36666666666666664
F1score=0.46808510638297873

threshold=0.007000000000000005
0(28) 0(1) 0(1) 0(1) 0(2) 
0(2) 0(1) 0(6) 0(11) 
1(59) 1(61) 0(37) 
0(39) 0(4) 
1(63) 

0.8666666666666667
precise=0.6475409836065574
recall=0.37089201877934275
F1score=0.4716417910447761

threshold=0.007100000000000006
0(28) 0(1) 0(1) 0(1) 0(2) 
0(2) 0(1) 0(6) 0(11) 
1(60) 1(61) 0(37) 
0(40) 0(4) 
1(64) 

0.8666666666666667
precise=0.648
recall=0.375
F1score=0.4750733137829912

threshold=0.007200000000000006
0(28) 0(1) 0(1) 0(1) 0(2) 
0(2) 0(1) 0(6) 0(11) 
1(60) 1(61) 0(37) 
0(43) 0(4) 
1(64) 

0.8666666666666667
precise=0.6484375
recall=0.3789954337899543
F1score=0.4783861671469741

threshold=0.007300000000000006
0(28) 0(1) 0(1) 0(1) 0(2) 
0(2) 0(1) 0(6) 0(11) 
1(60) 1(61) 0(37) 
0(43) 0(4) 
1(64) 

0.8666666666666667
precise=0.648854961832061
recall=0.38288288288288286
F1score=0.48158640226628896

threshold=0.007400000000000006
0(28) 0(1) 0(1) 0(1) 0(2) 
0(2) 0(1) 0(6) 0(11) 
1(60) 1(62) 0(40) 
1(45) 0(4) 
1(64) 

0.8
precise=0.6444444444444445
recall=0.38666666666666666
F1score=0.48333333333333334

threshold=0.007500000000000007
0(28) 0(1) 0(1) 0(1) 0(2) 
0(2) 0(1) 0(6) 0(12) 
1(60) 1(62) 0(41) 
1(45) 0(4) 
1(64) 

0.8
precise=0.6402877697841727
recall=0.39035087719298245
F1score=0.48501362397820164

threshold=0.007600000000000007
0(28) 0(1) 0(1) 0(1) 0(2) 
0(2) 0(1) 0(6) 0(12) 
1(60) 1(62) 0(41) 
1(45) 0(4) 
1(64) 

0.8
precise=0.6363636363636364
recall=0.3939393939393939
F1score=0.48663101604278075

threshold=0.007700000000000007
0(30) 0(1) 0(1) 0(1) 0(2) 
0(3) 0(1) 0(6) 0(12) 
1(60) 1(62) 0(41) 
1(45) 0(4) 
1(64) 

0.8
precise=0.6326530612244898
recall=0.3974358974358974
F1score=0.4881889763779528

threshold=0.0078000000000000074
0(30) 0(1) 0(1) 0(1) 0(3) 
0(3) 0(1) 0(7) 0(13) 
1(60) 1(62) 0(41) 
1(45) 0(5) 
1(64) 

0.8
precise=0.6291390728476821
recall=0.4008438818565401
F1score=0.4896907216494845

threshold=0.007900000000000008
0(30) 0(1) 0(1) 0(1) 0(3) 
0(3) 0(1) 0(7) 0(14) 
1(60) 1(62) 0(42) 
1(45) 0(5) 
1(64) 

0.8
precise=0.6258064516129033
recall=0.4041666666666667
F1score=0.4911392405063291

threshold=0.008000000000000007
0(30) 0(1) 0(1) 0(1) 0(3) 
0(3) 0(1) 0(7) 0(14) 
1(60) 1(62) 0(43) 
1(46) 0(5) 
1(64) 

0.8
precise=0.6226415094339622
recall=0.4074074074074074
F1score=0.4925373134328358

threshold=0.008100000000000007
0(33) 0(1) 0(1) 0(1) 0(3) 
0(3) 0(1) 0(7) 0(14) 
1(60) 1(62) 1(45) 
1(46) 0(5) 
1(64) 

0.7333333333333333
precise=0.6158536585365854
recall=0.4105691056910569
F1score=0.4926829268292683

threshold=0.008200000000000006
0(34) 0(1) 0(1) 0(1) 0(3) 
0(3) 0(1) 0(7) 0(14) 
1(60) 1(62) 1(45) 
1(47) 0(5) 
1(64) 

0.7333333333333333
precise=0.6094674556213018
recall=0.41365461847389556
F1score=0.49282296650717705

threshold=0.008300000000000005
0(34) 0(1) 0(1) 0(1) 0(3) 
0(3) 0(1) 0(7) 0(14) 
1(60) 1(63) 1(46) 
1(48) 0(6) 
1(64) 

0.7333333333333333
precise=0.603448275862069
recall=0.4166666666666667
F1score=0.49295774647887325

threshold=0.008400000000000005
0(35) 0(1) 0(1) 0(1) 0(3) 
0(3) 0(1) 0(7) 0(14) 
1(60) 1(63) 1(47) 
1(49) 0(6) 
1(64) 

0.7333333333333333
precise=0.5977653631284916
recall=0.4196078431372549
F1score=0.4930875576036866

threshold=0.008500000000000004
0(36) 0(1) 0(1) 0(1) 0(3) 
0(3) 0(1) 0(7) 0(15) 
1(60) 1(63) 1(47) 
1(49) 0(6) 
1(64) 

0.7333333333333333
precise=0.592391304347826
recall=0.42248062015503873
F1score=0.49321266968325794

threshold=0.008600000000000003
0(36) 0(1) 0(1) 0(1) 0(3) 
0(3) 0(1) 0(7) 0(15) 
1(60) 1(63) 1(48) 
1(49) 0(6) 
1(64) 

0.7333333333333333
precise=0.5873015873015873
recall=0.42528735632183906
F1score=0.49333333333333335

threshold=0.008700000000000003
0(36) 0(1) 0(1) 0(1) 0(3) 
0(3) 0(1) 0(7) 0(15) 
1(60) 1(63) 1(49) 
1(49) 0(6) 
1(64) 

0.7333333333333333
precise=0.5824742268041238
recall=0.42803030303030304
F1score=0.49344978165938863

threshold=0.008800000000000002
0(37) 0(1) 0(1) 0(1) 0(3) 
0(3) 0(1) 0(7) 0(15) 
1(61) 1(63) 1(49) 
1(49) 0(6) 
1(64) 

0.7333333333333333
precise=0.5778894472361809
recall=0.4307116104868914
F1score=0.49356223175965663

threshold=0.008900000000000002
0(37) 0(1) 0(1) 0(1) 0(3) 
0(3) 0(1) 0(7) 0(16) 
1(61) 1(63) 1(49) 
1(49) 0(6) 
1(64) 

0.7333333333333333
precise=0.5735294117647058
recall=0.43333333333333335
F1score=0.4936708860759494

threshold=0.009000000000000001
0(37) 0(1) 0(1) 0(1) 0(3) 
0(3) 0(1) 0(7) 0(16) 
1(61) 1(63) 1(51) 
1(51) 0(8) 
1(64) 

0.7333333333333333
precise=0.569377990430622
recall=0.4358974358974359
F1score=0.49377593360995853

threshold=0.0091
0(38) 0(1) 0(1) 0(1) 0(3) 
0(3) 0(1) 0(7) 0(16) 
1(61) 1(63) 1(51) 
1(51) 0(8) 
1(64) 

0.7333333333333333
precise=0.5654205607476636
recall=0.4384057971014493
F1score=0.49387755102040815

threshold=0.0092
0(38) 0(1) 0(1) 0(1) 0(3) 
0(3) 0(1) 0(7) 0(16) 
1(61) 1(63) 1(51) 
1(52) 0(8) 
1(64) 

0.7333333333333333
precise=0.5616438356164384
recall=0.44086021505376344
F1score=0.4939759036144578

threshold=0.0093
0(38) 0(1) 0(1) 0(1) 0(3) 
0(3) 0(1) 0(7) 0(16) 
1(61) 1(63) 1(51) 
1(52) 0(9) 
1(64) 

0.7333333333333333
precise=0.5580357142857143
recall=0.4432624113475177
F1score=0.49407114624505927

threshold=0.009399999999999999
0(38) 0(1) 0(1) 0(1) 0(3) 
0(3) 0(1) 0(7) 0(17) 
1(61) 1(63) 1(51) 
1(52) 0(9) 
1(64) 

0.7333333333333333
precise=0.5545851528384279
recall=0.4456140350877193
F1score=0.49416342412451364

threshold=0.009499999999999998
0(38) 0(1) 0(1) 0(1) 0(3) 
0(3) 0(1) 0(7) 0(17) 
1(61) 1(63) 1(51) 
1(52) 0(10) 
1(64) 

0.7333333333333333
precise=0.5512820512820513
recall=0.4479166666666667
F1score=0.4942528735632184

threshold=0.009599999999999997
0(38) 0(1) 0(1) 0(1) 0(3) 
0(3) 0(1) 0(7) 0(17) 
1(61) 1(63) 1(52) 
1(52) 0(10) 
1(64) 

0.7333333333333333
precise=0.5481171548117155
recall=0.45017182130584193
F1score=0.49433962264150944

threshold=0.009699999999999997
0(38) 0(1) 0(1) 0(1) 0(3) 
0(3) 0(1) 0(7) 0(17) 
1(61) 1(63) 1(52) 
1(52) 0(10) 
1(64) 

0.7333333333333333
precise=0.5450819672131147
recall=0.4523809523809524
F1score=0.4944237918215613

threshold=0.009799999999999996
0(38) 0(1) 0(1) 0(1) 0(3) 
0(3) 0(1) 0(7) 0(17) 
1(62) 1(63) 1(54) 
1(53) 0(10) 
1(64) 

0.7333333333333333
precise=0.5421686746987951
recall=0.45454545454545453
F1score=0.4945054945054945

threshold=0.009899999999999996
0(38) 0(1) 0(1) 0(1) 0(3) 
0(3) 0(1) 0(7) 0(17) 
1(62) 1(63) 1(54) 
1(53) 0(10) 
1(64) 

0.7333333333333333
precise=0.5393700787401575
recall=0.45666666666666667
F1score=0.49458483754512633

threshold=0.009999999999999995
0(38) 0(1) 0(1) 0(1) 0(3) 
0(3) 0(1) 0(7) 0(17) 
1(62) 1(63) 1(54) 
1(53) 0(10) 
1(64) 

0.7333333333333333
precise=0.5366795366795367
recall=0.45874587458745875
F1score=0.49466192170818507

threshold=0.010099999999999994
0(38) 0(1) 0(1) 0(1) 0(3) 
0(3) 0(1) 0(7) 0(17) 
1(62) 1(63) 1(54) 
1(53) 0(10) 
1(64) 

0.7333333333333333
precise=0.5340909090909091
recall=0.46078431372549017
F1score=0.49473684210526314

threshold=0.010199999999999994
0(38) 0(1) 0(1) 0(1) 0(3) 
0(3) 0(1) 0(7) 0(18) 
1(62) 1(63) 1(54) 
1(53) 0(10) 
1(64) 

0.7333333333333333
precise=0.5315985130111525
recall=0.4627831715210356
F1score=0.49480968858131485

threshold=0.010299999999999993
0(38) 0(1) 0(1) 0(1) 0(3) 
0(3) 0(1) 0(7) 0(18) 
1(62) 1(63) 1(54) 
1(54) 0(10) 
1(64) 

0.7333333333333333
precise=0.5291970802919708
recall=0.46474358974358976
F1score=0.4948805460750853

threshold=0.010399999999999993
0(38) 0(1) 0(1) 0(1) 0(3) 
0(3) 0(1) 0(7) 0(18) 
1(62) 1(63) 1(55) 
1(54) 0(10) 
1(64) 

0.7333333333333333
precise=0.5268817204301075
recall=0.4666666666666667
F1score=0.494949494949495

threshold=0.010499999999999992
0(38) 0(1) 0(1) 0(1) 0(3) 
0(3) 0(1) 0(7) 0(18) 
1(62) 1(63) 1(55) 
1(54) 0(10) 
1(64) 

0.7333333333333333
precise=0.5246478873239436
recall=0.46855345911949686
F1score=0.4950166112956811

threshold=0.010599999999999991
0(38) 0(1) 0(1) 0(1) 0(3) 
0(3) 0(1) 0(7) 0(18) 
1(62) 1(63) 1(55) 
1(54) 0(12) 
1(64) 

0.7333333333333333
precise=0.5224913494809689
recall=0.470404984423676
F1score=0.49508196721311476

threshold=0.01069999999999999
0(39) 0(1) 0(1) 0(1) 0(3) 
0(3) 0(1) 0(7) 0(18) 
1(62) 1(63) 1(55) 
1(55) 0(13) 
1(64) 

0.7333333333333333
precise=0.5204081632653061
recall=0.4722222222222222
F1score=0.49514563106796117

threshold=0.01079999999999999
0(39) 0(1) 0(1) 0(1) 0(3) 
0(3) 0(1) 0(8) 0(18) 
1(62) 1(63) 1(55) 
1(56) 0(13) 
1(64) 

0.7333333333333333
precise=0.5183946488294314
recall=0.4740061162079511
F1score=0.4952076677316294

threshold=0.01089999999999999
0(39) 0(1) 0(1) 0(1) 0(3) 
0(4) 0(1) 0(8) 0(18) 
1(62) 1(63) 1(56) 
1(57) 0(14) 
1(64) 

0.7333333333333333
precise=0.5164473684210527
recall=0.47575757575757577
F1score=0.4952681388012618

threshold=0.010999999999999989
0(39) 0(1) 0(1) 0(1) 0(3) 
0(4) 0(1) 0(8) 0(19) 
1(62) 1(63) 1(57) 
1(57) 0(14) 
1(64) 

0.7333333333333333
precise=0.5145631067961165
recall=0.4774774774774775
F1score=0.4953271028037383

threshold=0.011099999999999988
0(39) 0(1) 0(1) 0(1) 0(3) 
0(4) 0(1) 0(8) 0(19) 
1(62) 1(63) 1(57) 
1(57) 0(14) 
1(64) 

0.7333333333333333
precise=0.5127388535031847
recall=0.4791666666666667
F1score=0.49538461538461537

threshold=0.011199999999999988
0(39) 0(1) 0(1) 0(1) 0(3) 
0(4) 0(1) 0(8) 0(19) 
1(62) 1(63) 1(57) 
1(57) 0(15) 
1(64) 

0.7333333333333333
precise=0.5109717868338558
recall=0.4808259587020649
F1score=0.49544072948328266

threshold=0.011299999999999987
0(39) 0(1) 0(1) 0(1) 0(3) 
0(4) 0(1) 0(8) 0(19) 
1(62) 1(63) 1(57) 
1(57) 0(15) 
1(64) 

0.7333333333333333
precise=0.5092592592592593
recall=0.4824561403508772
F1score=0.4954954954954955

threshold=0.011399999999999987
0(39) 0(1) 0(1) 0(1) 0(5) 
0(5) 0(1) 0(8) 0(19) 
1(62) 1(63) 1(57) 
1(57) 0(18) 
1(64) 

0.7333333333333333
precise=0.5075987841945289
recall=0.48405797101449277
F1score=0.49554896142433236

threshold=0.011499999999999986
0(39) 0(1) 0(1) 0(1) 0(5) 
0(5) 0(1) 0(8) 0(19) 
1(62) 1(63) 1(59) 
1(57) 0(19) 
1(64) 

0.7333333333333333
precise=0.5059880239520959
recall=0.48563218390804597
F1score=0.49560117302052786

threshold=0.011599999999999985
0(39) 0(1) 0(1) 0(1) 0(5) 
0(5) 0(1) 0(8) 0(20) 
1(62) 1(63) 1(59) 
1(58) 0(19) 
1(64) 

0.7333333333333333
precise=0.504424778761062
recall=0.48717948717948717
F1score=0.4956521739130435

threshold=0.011699999999999985
0(40) 0(1) 0(1) 0(1) 0(5) 
0(5) 0(1) 0(8) 0(20) 
1(62) 1(63) 1(59) 
1(58) 0(20) 
1(64) 

0.7333333333333333
precise=0.502906976744186
recall=0.4887005649717514
F1score=0.49570200573065903

threshold=0.011799999999999984
0(40) 0(1) 0(1) 0(1) 0(5) 
0(5) 0(1) 0(8) 0(20) 
1(62) 1(63) 1(59) 
1(58) 0(20) 
1(64) 

0.7333333333333333
precise=0.501432664756447
recall=0.49019607843137253
F1score=0.49575070821529743

threshold=0.011899999999999984
0(40) 0(1) 0(1) 0(1) 0(5) 
0(5) 0(1) 0(8) 0(20) 
1(62) 1(63) 1(59) 
1(60) 0(21) 
1(64) 

0.7333333333333333
precise=0.5
recall=0.49166666666666664
F1score=0.4957983193277311

threshold=0.011999999999999983
0(40) 0(1) 0(1) 0(1) 0(5) 
0(5) 0(1) 0(8) 0(20) 
1(62) 1(63) 1(59) 
1(61) 0(21) 
1(64) 

0.7333333333333333
precise=0.4986072423398329
recall=0.4931129476584022
F1score=0.49584487534626037

threshold=0.012099999999999982
0(41) 0(1) 0(1) 0(1) 0(5) 
0(5) 0(1) 0(8) 0(20) 
1(63) 1(63) 1(59) 
1(61) 0(23) 
1(64) 

0.7333333333333333
precise=0.49725274725274726
recall=0.49453551912568305
F1score=0.4958904109589041

threshold=0.012199999999999982
0(41) 0(1) 0(1) 0(1) 0(5) 
0(5) 0(1) 0(8) 0(21) 
1(63) 1(63) 1(59) 
1(61) 0(24) 
1(64) 

0.7333333333333333
precise=0.4959349593495935
recall=0.4959349593495935
F1score=0.4959349593495935

threshold=0.012299999999999981
0(41) 0(1) 0(1) 0(1) 0(5) 
0(5) 0(1) 0(8) 0(21) 
1(63) 1(63) 1(59) 
1(61) 0(24) 
1(64) 

0.7333333333333333
precise=0.4946524064171123
recall=0.49731182795698925
F1score=0.4959785522788204

threshold=0.01239999999999998
0(41) 0(1) 0(1) 0(1) 0(5) 
0(5) 0(1) 0(8) 0(21) 
1(63) 1(63) 1(59) 
1(61) 0(24) 
1(64) 

0.7333333333333333
precise=0.49340369393139843
recall=0.49866666666666665
F1score=0.4960212201591512

threshold=0.01249999999999998
0(41) 0(1) 0(1) 0(1) 0(5) 
0(5) 0(1) 0(8) 0(21) 
1(63) 1(63) 1(59) 
1(61) 0(24) 
1(64) 

0.7333333333333333
precise=0.4921875
recall=0.5
F1score=0.49606299212598426

threshold=0.01259999999999998
0(41) 0(1) 0(1) 0(2) 0(5) 
0(6) 0(1) 0(9) 0(21) 
1(63) 1(63) 1(59) 
1(61) 0(24) 
1(64) 

0.7333333333333333
precise=0.4910025706940874
recall=0.5013123359580053
F1score=0.4961038961038961

threshold=0.012699999999999979
0(41) 0(1) 0(1) 0(2) 0(5) 
0(6) 0(1) 0(9) 0(21) 
1(63) 1(63) 1(59) 
1(61) 0(24) 
1(64) 

0.7333333333333333
precise=0.48984771573604063
recall=0.5026041666666666
F1score=0.4961439588688946

threshold=0.012799999999999978
0(41) 0(1) 0(1) 0(2) 0(5) 
0(6) 0(1) 0(9) 0(21) 
1(63) 1(63) 1(59) 
1(62) 0(24) 
1(64) 

0.7333333333333333
precise=0.48872180451127817
recall=0.5038759689922481
F1score=0.4961832061068702

threshold=0.012899999999999977
0(41) 0(1) 0(1) 0(2) 0(5) 
0(6) 0(1) 0(9) 0(21) 
1(63) 1(64) 1(59) 
1(62) 0(24) 
1(64) 

0.7333333333333333
precise=0.4876237623762376
recall=0.5051282051282051
F1score=0.49622166246851385

threshold=0.012999999999999977
0(41) 0(1) 0(1) 0(2) 0(5) 
0(6) 0(1) 0(9) 0(22) 
1(63) 1(64) 1(59) 
1(62) 0(26) 
1(64) 

0.7333333333333333
precise=0.48655256723716384
recall=0.5063613231552163
F1score=0.49625935162094764

threshold=0.013099999999999976
0(41) 0(1) 0(1) 0(2) 0(5) 
0(6) 0(1) 0(9) 0(23) 
1(63) 1(64) 1(59) 
1(62) 0(26) 
1(64) 

0.7333333333333333
precise=0.4855072463768116
recall=0.5075757575757576
F1score=0.4962962962962963

threshold=0.013199999999999976
0(41) 0(1) 0(1) 0(2) 0(5) 
0(6) 0(1) 0(9) 0(23) 
1(63) 1(64) 1(59) 
1(62) 0(28) 
1(64) 

0.7333333333333333
precise=0.48448687350835323
recall=0.5087719298245614
F1score=0.4963325183374083

threshold=0.013299999999999975
0(41) 0(1) 0(1) 0(2) 0(5) 
0(7) 0(2) 0(9) 0(23) 
1(63) 1(64) 1(59) 
1(62) 0(28) 
1(64) 

0.7333333333333333
precise=0.4834905660377358
recall=0.5099502487562189
F1score=0.4963680387409201

threshold=0.013399999999999974
0(41) 0(1) 0(1) 0(2) 0(5) 
0(7) 0(2) 0(10) 0(23) 
1(63) 1(64) 1(59) 
1(62) 0(28) 
1(64) 

0.7333333333333333
precise=0.4825174825174825
recall=0.5111111111111111
F1score=0.49640287769784175

threshold=0.013499999999999974
0(41) 0(1) 0(1) 0(2) 0(6) 
0(8) 0(2) 0(10) 0(23) 
1(63) 1(64) 1(59) 
1(63) 0(29) 
1(64) 

0.7333333333333333
precise=0.4815668202764977
recall=0.5122549019607843
F1score=0.49643705463182897

threshold=0.013599999999999973
0(41) 0(1) 0(1) 0(2) 0(6) 
0(8) 0(2) 0(10) 0(24) 
1(64) 1(64) 1(59) 
1(63) 0(29) 
1(64) 

0.7333333333333333
precise=0.4806378132118451
recall=0.51338199513382
F1score=0.4964705882352941

threshold=0.013699999999999973
0(41) 0(1) 0(1) 0(2) 0(6) 
0(8) 0(2) 0(10) 0(24) 
1(64) 1(64) 1(59) 
1(63) 0(29) 
1(64) 

0.7333333333333333
precise=0.4797297297297297
recall=0.5144927536231884
F1score=0.4965034965034965

threshold=0.013799999999999972
0(41) 0(1) 0(1) 0(2) 0(6) 
0(8) 0(2) 0(10) 0(24) 
1(64) 1(64) 1(59) 
1(63) 0(30) 
1(64) 

0.7333333333333333
precise=0.47884187082405344
recall=0.5155875299760192
F1score=0.49653579676674364

threshold=0.013899999999999971
0(42) 0(1) 0(1) 0(2) 0(6) 
0(8) 0(2) 0(10) 0(24) 
1(64) 1(64) 1(59) 
1(63) 0(30) 
1(64) 

0.7333333333333333
precise=0.4779735682819383
recall=0.5166666666666667
F1score=0.4965675057208238

threshold=0.01399999999999997
0(42) 0(1) 0(1) 0(2) 0(6) 
0(8) 0(2) 0(10) 0(24) 
1(64) 1(64) 1(59) 
1(63) 0(30) 
1(64) 

0.7333333333333333
precise=0.477124183006536
recall=0.5177304964539007
F1score=0.4965986394557823

threshold=0.01409999999999997
0(43) 0(1) 0(1) 0(3) 0(6) 
0(8) 0(2) 0(10) 0(24) 
1(64) 1(64) 1(60) 
1(63) 0(30) 
1(64) 

0.7333333333333333
precise=0.47629310344827586
recall=0.5187793427230047
F1score=0.4966292134831461

threshold=0.01419999999999997
0(43) 0(1) 0(1) 0(3) 0(6) 
0(8) 0(2) 0(11) 0(24) 
1(64) 1(64) 1(60) 
1(63) 0(32) 
1(64) 

0.7333333333333333
precise=0.47547974413646055
recall=0.5198135198135199
F1score=0.49665924276169265

threshold=0.014299999999999969
0(43) 0(1) 0(1) 0(3) 0(6) 
0(8) 0(2) 0(11) 0(25) 
1(64) 1(64) 1(60) 
1(63) 0(32) 
1(64) 

0.7333333333333333
precise=0.47468354430379744
recall=0.5208333333333334
F1score=0.4966887417218543

threshold=0.014399999999999968
0(43) 0(1) 0(1) 0(3) 0(6) 
0(8) 0(2) 0(11) 0(25) 
1(64) 1(64) 1(60) 
1(63) 0(34) 
1(64) 

0.7333333333333333
precise=0.47390396659707723
recall=0.5218390804597701
F1score=0.49671772428884026

threshold=0.014499999999999968
0(43) 0(1) 0(1) 0(3) 0(6) 
0(8) 0(2) 0(11) 0(25) 
1(64) 1(64) 1(61) 
1(63) 0(35) 
1(64) 

0.7333333333333333
precise=0.4731404958677686
recall=0.5228310502283106
F1score=0.4967462039045553

threshold=0.014599999999999967
0(43) 0(1) 0(1) 0(3) 0(6) 
0(8) 0(2) 0(11) 0(25) 
1(64) 1(64) 1(61) 
1(63) 0(35) 
1(64) 

0.7333333333333333
precise=0.4723926380368098
recall=0.5238095238095238
F1score=0.4967741935483871

threshold=0.014699999999999967
0(44) 0(1) 0(1) 0(3) 0(6) 
0(8) 0(2) 0(11) 0(25) 
1(64) 1(64) 1(61) 
1(63) 0(35) 
1(64) 

0.7333333333333333
precise=0.4716599190283401
recall=0.5247747747747747
F1score=0.4968017057569296

threshold=0.014799999999999966
0(44) 0(1) 0(1) 0(3) 0(6) 
0(8) 0(2) 0(11) 0(25) 
1(64) 1(64) 1(61) 
1(63) 0(36) 
1(64) 

0.7333333333333333
precise=0.4709418837675351
recall=0.5257270693512305
F1score=0.49682875264270615

threshold=0.014899999999999965
0(44) 0(1) 0(1) 0(3) 0(6) 
0(8) 0(2) 0(11) 0(25) 
1(64) 1(64) 1(62) 
1(63) 0(36) 
1(64) 

0.7333333333333333
precise=0.47023809523809523
recall=0.5266666666666666
F1score=0.4968553459119497

threshold=0.014999999999999965
0(44) 0(1) 0(1) 0(3) 0(6) 
0(8) 0(2) 0(11) 0(25) 
1(64) 1(64) 1(62) 
1(63) 0(36) 
1(64) 

0.7333333333333333
precise=0.46954813359528486
recall=0.5275938189845475
F1score=0.4968814968814969

threshold=0.015099999999999964
0(44) 0(1) 0(1) 0(3) 0(6) 
0(8) 0(2) 0(11) 0(25) 
1(64) 1(64) 1(62) 
1(63) 0(37) 
1(64) 

0.7333333333333333
precise=0.4688715953307393
recall=0.5285087719298246
F1score=0.49690721649484537

threshold=0.015199999999999964
1(45) 0(1) 0(1) 0(4) 0(6) 
0(8) 0(2) 0(11) 0(25) 
1(64) 1(64) 1(62) 
1(63) 0(39) 
1(64) 

0.8
precise=0.46923076923076923
recall=0.5315904139433552
F1score=0.49846782431052095

threshold=0.015299999999999963
1(45) 0(1) 0(1) 0(4) 0(6) 
0(8) 0(2) 0(11) 0(25) 
1(64) 1(64) 1(62) 
1(63) 0(39) 
1(64) 

0.8
precise=0.4695817490494297
recall=0.5346320346320347
F1score=0.5

threshold=0.015399999999999962
1(45) 0(1) 0(1) 0(4) 0(6) 
0(8) 0(2) 0(11) 0(25) 
1(64) 1(64) 1(62) 
1(63) 0(40) 
1(64) 

0.8
precise=0.4699248120300752
recall=0.5376344086021505
F1score=0.5015045135406219

threshold=0.015499999999999962
1(46) 0(1) 0(1) 0(4) 0(6) 
0(8) 0(2) 0(11) 0(25) 
1(64) 1(64) 1(62) 
1(63) 0(41) 
1(64) 

0.8
precise=0.47026022304832715
recall=0.5405982905982906
F1score=0.5029821073558648

threshold=0.015599999999999961
1(46) 0(1) 0(1) 0(4) 0(6) 
0(8) 0(2) 0(12) 0(25) 
1(64) 1(64) 1(62) 
1(63) 0(41) 
1(64) 

0.8
precise=0.47058823529411764
recall=0.5435244161358811
F1score=0.5044334975369458

threshold=0.01569999999999996
1(46) 0(1) 0(1) 0(4) 0(6) 
0(8) 0(2) 0(12) 0(26) 
1(64) 1(64) 1(63) 
1(63) 0(41) 
1(64) 

0.8
precise=0.4709090909090909
recall=0.5464135021097046
F1score=0.505859375

threshold=0.01579999999999996
1(46) 0(1) 0(2) 0(4) 0(6) 
0(8) 0(2) 0(12) 0(26) 
1(64) 1(64) 1(63) 
1(63) 0(41) 
1(64) 

0.8
precise=0.4712230215827338
recall=0.549266247379455
F1score=0.5072604065827686

threshold=0.01589999999999996
1(46) 0(1) 0(2) 0(4) 0(6) 
0(8) 0(2) 0(12) 0(26) 
1(64) 1(64) 1(63) 
1(63) 0(43) 
1(64) 

0.8
precise=0.47153024911032027
recall=0.5520833333333334
F1score=0.508637236084453

threshold=0.01599999999999996
1(46) 0(1) 0(2) 0(5) 0(7) 
0(8) 0(2) 0(12) 0(27) 
1(64) 1(64) 1(63) 
1(63) 0(43) 
1(64) 

0.8
precise=0.47183098591549294
recall=0.5548654244306418
F1score=0.5099904852521409

threshold=0.016099999999999958
1(46) 0(1) 0(2) 0(5) 0(8) 
0(8) 0(2) 0(12) 0(27) 
1(64) 1(64) 1(63) 
1(63) 0(43) 
1(64) 

0.8
precise=0.4721254355400697
recall=0.5576131687242798
F1score=0.5113207547169811

threshold=0.016199999999999957
1(46) 0(1) 0(2) 0(5) 0(8) 
0(8) 0(2) 0(12) 0(28) 
1(64) 1(64) 1(63) 
1(63) 0(44) 
1(64) 

0.8
precise=0.4724137931034483
recall=0.5603271983640081
F1score=0.5126286248830683

threshold=0.016299999999999957
1(46) 0(1) 0(2) 0(5) 0(8) 
0(8) 0(2) 0(12) 0(28) 
1(64) 1(64) 1(63) 
1(63) 1(45) 
1(64) 

0.7333333333333333
precise=0.47189097103918226
recall=0.5630081300813008
F1score=0.5134383688600556

threshold=0.016399999999999956
1(47) 0(1) 0(2) 0(5) 0(8) 
0(8) 0(2) 0(12) 0(29) 
1(64) 1(64) 1(63) 
1(63) 1(46) 
1(64) 

0.7333333333333333
precise=0.4713804713804714
recall=0.5656565656565656
F1score=0.5142332415059688

threshold=0.016499999999999956
1(47) 0(1) 0(2) 0(5) 0(8) 
0(8) 0(2) 0(12) 0(29) 
1(64) 1(64) 1(63) 
1(63) 1(47) 
1(64) 

0.7333333333333333
precise=0.47088186356073214
recall=0.5682730923694779
F1score=0.5150136487716106

threshold=0.016599999999999955
1(47) 0(1) 0(2) 0(5) 0(8) 
0(9) 0(2) 0(12) 0(29) 
1(64) 1(64) 1(63) 
1(63) 1(47) 
1(64) 

0.7333333333333333
precise=0.47039473684210525
recall=0.5708582834331337
F1score=0.5157799819657349

threshold=0.016699999999999954
1(47) 0(1) 0(2) 0(5) 0(8) 
0(9) 0(2) 0(12) 0(29) 
1(64) 1(64) 1(63) 
1(63) 1(47) 
1(64) 

0.7333333333333333
precise=0.46991869918699186
recall=0.5734126984126984
F1score=0.516532618409294

threshold=0.016799999999999954
1(47) 0(1) 0(2) 0(5) 0(8) 
0(9) 0(2) 0(12) 0(30) 
1(64) 1(64) 1(63) 
1(63) 1(48) 
1(64) 

0.7333333333333333
precise=0.4694533762057878
recall=0.5759368836291914
F1score=0.5172719220549159

threshold=0.016899999999999953
1(47) 0(1) 0(2) 0(5) 0(8) 
0(9) 0(2) 0(12) 0(30) 
1(64) 1(64) 1(64) 
1(63) 1(48) 
1(64) 

0.7333333333333333
precise=0.46899841017488075
recall=0.5784313725490197
F1score=0.517998244073749

threshold=0.016999999999999953
1(47) 0(1) 0(2) 0(5) 0(8) 
0(9) 0(2) 0(13) 0(31) 
1(64) 1(64) 1(64) 
1(63) 1(48) 
1(64) 

0.7333333333333333
precise=0.46855345911949686
recall=0.580896686159844
F1score=0.5187119234116623

threshold=0.017099999999999952
1(47) 0(1) 0(2) 0(5) 0(8) 
0(9) 0(2) 0(13) 0(31) 
1(64) 1(64) 1(64) 
1(63) 1(48) 
1(64) 

0.7333333333333333
precise=0.4681181959564541
recall=0.5833333333333334
F1score=0.5194132873166523

threshold=0.01719999999999995
1(47) 0(1) 0(2) 0(5) 0(8) 
0(9) 0(2) 0(13) 0(33) 
1(64) 1(64) 1(64) 
1(63) 1(50) 
1(64) 

0.7333333333333333
precise=0.4676923076923077
recall=0.5857418111753372
F1score=0.5201026518391788

threshold=0.01729999999999995
1(47) 0(1) 0(2) 0(5) 0(9) 
0(9) 0(2) 0(13) 0(33) 
1(64) 1(64) 1(64) 
1(63) 1(52) 
1(64) 

0.7333333333333333
precise=0.4672754946727549
recall=0.5881226053639846
F1score=0.5207803223070399

threshold=0.01739999999999995
1(47) 0(1) 0(2) 0(5) 0(9) 
0(10) 0(2) 0(14) 0(33) 
1(64) 1(64) 1(64) 
1(63) 1(52) 
1(64) 

0.7333333333333333
precise=0.46686746987951805
recall=0.5904761904761905
F1score=0.5214465937762826

threshold=0.01749999999999995
1(47) 0(1) 0(2) 0(5) 0(9) 
0(10) 0(2) 0(14) 0(33) 
1(64) 1(64) 1(64) 
1(63) 1(53) 
1(64) 

0.7333333333333333
precise=0.46646795827123694
recall=0.5928030303030303
F1score=0.5221017514595496

threshold=0.01759999999999995
1(47) 0(1) 0(2) 0(5) 0(9) 
0(10) 0(2) 0(14) 0(33) 
1(64) 1(64) 1(64) 
1(63) 1(53) 
1(64) 

0.7333333333333333
precise=0.46607669616519176
recall=0.5951035781544256
F1score=0.522746071133168

threshold=0.01769999999999995
1(47) 0(1) 0(2) 0(5) 0(10) 
0(10) 0(2) 0(14) 0(33) 
1(64) 1(64) 1(64) 
1(63) 1(53) 
1(64) 

0.7333333333333333
precise=0.4656934306569343
recall=0.5973782771535581
F1score=0.5233798195242002

threshold=0.017799999999999948
1(47) 0(1) 0(2) 0(5) 0(11) 
0(10) 0(2) 0(14) 0(33) 
1(64) 1(64) 1(64) 
1(63) 1(53) 
1(64) 

0.7333333333333333
precise=0.4653179190751445
recall=0.5996275605214153
F1score=0.5240032546786005

threshold=0.017899999999999947
1(47) 0(1) 0(2) 0(5) 0(11) 
0(10) 0(2) 0(15) 0(33) 
1(64) 1(64) 1(64) 
1(63) 1(54) 
1(64) 

0.7333333333333333
precise=0.46494992846924177
recall=0.6018518518518519
F1score=0.5246166263115416

threshold=0.017999999999999947
1(47) 0(1) 0(2) 0(5) 0(11) 
0(10) 0(2) 0(15) 0(33) 
1(64) 1(64) 1(64) 
1(63) 1(55) 
1(64) 

0.7333333333333333
precise=0.46458923512747874
recall=0.6040515653775322
F1score=0.5252201761409128

threshold=0.018099999999999946
1(47) 0(1) 0(2) 0(5) 0(11) 
0(10) 0(2) 0(15) 0(33) 
1(64) 1(64) 1(64) 
1(63) 1(55) 
1(64) 

0.7333333333333333
precise=0.4642356241234222
recall=0.6062271062271062
F1score=0.5258141382049245

threshold=0.018199999999999945
1(48) 0(1) 0(2) 0(5) 0(11) 
0(10) 0(2) 0(15) 0(33) 
1(64) 1(64) 1(64) 
1(63) 1(55) 
1(64) 

0.7333333333333333
precise=0.4638888888888889
recall=0.6083788706739527
F1score=0.5263987391646966

threshold=0.018299999999999945
1(48) 0(1) 0(2) 0(5) 0(11) 
0(10) 0(2) 0(15) 0(33) 
1(64) 1(64) 1(64) 
1(63) 1(55) 
1(64) 

0.7333333333333333
precise=0.46354883081155435
recall=0.6105072463768116
F1score=0.5269741985926505

threshold=0.018399999999999944
1(48) 0(1) 0(2) 0(5) 0(11) 
0(11) 0(2) 0(15) 0(33) 
1(64) 1(64) 1(64) 
1(63) 1(55) 
1(64) 

0.7333333333333333
precise=0.46321525885558584
recall=0.6126126126126126
F1score=0.5275407292474786

threshold=0.018499999999999944
1(48) 0(1) 0(2) 0(5) 0(11) 
0(11) 0(2) 0(15) 0(33) 
1(64) 1(64) 1(64) 
1(63) 1(55) 
1(64) 

0.7333333333333333
precise=0.46288798920377866
recall=0.6146953405017921
F1score=0.5280985373364127

threshold=0.018599999999999943
1(48) 0(1) 0(2) 0(5) 0(11) 
0(11) 0(2) 0(15) 0(33) 
1(64) 1(64) 1(64) 
1(63) 1(55) 
1(64) 

0.7333333333333333
precise=0.4625668449197861
recall=0.6167557932263814
F1score=0.5286478227654698

threshold=0.018699999999999942
1(48) 0(1) 0(2) 0(5) 0(11) 
0(11) 0(2) 0(15) 0(34) 
1(64) 1(64) 1(64) 
1(63) 1(55) 
1(64) 

0.7333333333333333
precise=0.46225165562913906
recall=0.6187943262411347
F1score=0.5291887793783169

threshold=0.018799999999999942
1(48) 0(1) 0(2) 0(5) 0(11) 
0(11) 0(2) 0(15) 0(35) 
1(64) 1(64) 1(64) 
1(63) 1(55) 
1(64) 

0.7333333333333333
precise=0.46194225721784776
recall=0.6208112874779541
F1score=0.5297215951843491

threshold=0.01889999999999994
1(48) 0(1) 0(2) 0(5) 0(11) 
0(11) 0(2) 0(15) 0(35) 
1(64) 1(64) 1(64) 
1(63) 1(55) 
1(64) 

0.7333333333333333
precise=0.4616384915474642
recall=0.6228070175438597
F1score=0.5302464525765497

threshold=0.01899999999999994
1(48) 0(1) 0(2) 0(6) 0(11) 
0(11) 0(2) 0(15) 0(35) 
1(64) 1(64) 1(64) 
1(63) 1(56) 
1(64) 

0.7333333333333333
precise=0.46134020618556704
recall=0.62478184991274
F1score=0.530763528539659

threshold=0.01909999999999994
1(48) 0(1) 0(2) 0(6) 0(11) 
0(12) 0(2) 0(16) 0(35) 
1(64) 1(64) 1(64) 
1(63) 1(56) 
1(64) 

0.7333333333333333
precise=0.4610472541507024
recall=0.6267361111111112
F1score=0.5312729948491538

threshold=0.01919999999999994
1(48) 0(1) 0(2) 0(6) 0(11) 
0(12) 0(2) 0(16) 0(36) 
1(64) 1(64) 1(64) 
1(63) 1(56) 
1(64) 

0.7333333333333333
precise=0.4607594936708861
recall=0.6286701208981001
F1score=0.5317750182615048

threshold=0.01929999999999994
1(48) 0(1) 0(2) 0(6) 0(11) 
0(12) 0(2) 0(16) 0(36) 
1(64) 1(64) 1(64) 
1(63) 1(56) 
1(64) 

0.7333333333333333
precise=0.4604767879548306
recall=0.6305841924398625
F1score=0.5322697606961566

threshold=0.019399999999999938
1(48) 0(1) 0(2) 0(6) 0(11) 
0(12) 0(2) 0(17) 0(36) 
1(64) 1(64) 1(64) 
1(63) 1(56) 
1(64) 

0.7333333333333333
precise=0.4601990049751244
recall=0.6324786324786325
F1score=0.5327573794096472

threshold=0.019499999999999938
1(48) 0(1) 0(2) 0(6) 0(11) 
0(12) 0(2) 0(17) 0(36) 
1(64) 1(64) 1(64) 
1(63) 1(56) 
1(64) 

0.7333333333333333
precise=0.4599260172626387
recall=0.6343537414965986
F1score=0.5332380271622588

threshold=0.019599999999999937
1(48) 0(1) 0(2) 0(6) 0(11) 
0(12) 0(2) 0(17) 0(36) 
1(64) 1(64) 1(64) 
1(63) 1(56) 
1(64) 

0.7333333333333333
precise=0.45965770171149145
recall=0.6362098138747885
F1score=0.5337118523775728

threshold=0.019699999999999936
1(48) 0(1) 0(2) 0(6) 0(11) 
0(12) 0(2) 0(17) 0(36) 
1(64) 1(64) 1(64) 
1(63) 1(56) 
1(64) 

0.7333333333333333
precise=0.4593939393939394
recall=0.6380471380471381
F1score=0.5341789992952783

threshold=0.019799999999999936
1(48) 0(1) 0(2) 0(6) 0(11) 
0(12) 0(2) 0(17) 0(36) 
1(64) 1(64) 1(64) 
1(63) 1(56) 
1(64) 

0.7333333333333333
precise=0.45913461538461536
recall=0.6398659966499163
F1score=0.5346396081175647

threshold=0.019899999999999935
1(49) 0(1) 0(2) 0(6) 0(11) 
0(12) 0(2) 0(17) 0(36) 
1(64) 1(64) 1(64) 
1(63) 1(56) 
1(64) 

0.7333333333333333
precise=0.45887961859356374
recall=0.6416666666666667
F1score=0.5350938151494093

threshold=0.019999999999999934
1(49) 0(1) 0(2) 0(6) 0(11) 
0(12) 0(2) 0(18) 0(36) 
1(64) 1(64) 1(64) 
1(63) 1(56) 
1(64) 

0.7333333333333333
precise=0.458628841607565
recall=0.6434494195688225
F1score=0.5355417529330573

Max accuracy is 0.8666666666666667 at threshold 0.007300000000000006
Max precise is 1.0 at threshold 0.0025999999999999994
Max recall is 0.6434494195688225 at threshold 0.019999999999999934
Max F1score is 0.5355417529330573 at threshold 0.019999999999999934
