threshold=0.0
0(0) 0(0) 0(23) 0(0) 0(17) 0(0) 0(0) 0(0) 
0(0) 0(23) 0(0) 0(17) 0(0) 0(0) 0(0) 
0(23) 0(0) 0(17) 0(0) 0(0) 0(0) 
0(23) 0(28) 0(23) 0(23) 0(23) 
0(17) 0(0) 0(0) 0(0) 
0(17) 0(17) 0(17) 
0(0) 0(0) 
0(0) 

0.8333333333333334
precise=0.18610674386429243
recall=0.0
F1score=0.0

threshold=0.0001
0(0) 0(4) 0(26) 0(5) 0(23) 0(12) 0(1) 0(0) 
0(0) 0(24) 0(0) 0(21) 0(1) 0(13) 0(13) 
0(24) 0(7) 0(20) 0(3) 0(0) 0(0) 
0(23) 0(29) 0(25) 0(28) 0(25) 
0(18) 0(4) 0(0) 0(0) 
0(21) 0(23) 0(19) 
0(2) 0(0) 
0(4) 

0.8333333333333334
precise=0.18610674386429243
recall=0.0
F1score=0.0

threshold=0.0002
0(1) 0(8) 0(30) 0(6) 0(23) 0(16) 0(2) 0(0) 
0(0) 0(24) 0(0) 0(21) 0(2) 0(18) 0(22) 
0(24) 0(11) 0(20) 0(4) 0(0) 0(0) 
0(23) 0(30) 0(25) 0(28) 0(25) 
0(18) 0(7) 0(0) 0(0) 
0(22) 0(26) 0(21) 
0(2) 0(0) 
0(5) 

0.8333333333333334
precise=0.18610674386429243
recall=0.0
F1score=0.0

threshold=0.00030000000000000003
0(1) 0(13) 0(30) 0(8) 0(25) 0(16) 0(2) 0(0) 
0(0) 0(24) 0(0) 0(23) 0(2) 0(20) 0(26) 
0(26) 0(21) 0(20) 0(5) 0(0) 0(0) 
0(24) 0(31) 0(25) 0(29) 0(25) 
0(18) 0(8) 0(0) 0(0) 
0(22) 0(27) 0(22) 
0(3) 0(0) 
0(7) 

0.8333333333333334
precise=0.18610674386429243
recall=0.0
F1score=0.0

threshold=0.0004
0(1) 0(13) 0(30) 0(8) 0(25) 0(19) 0(2) 0(0) 
0(0) 0(26) 0(0) 0(25) 0(3) 0(23) 0(30) 
0(26) 0(24) 0(20) 0(6) 0(0) 0(0) 
0(24) 0(31) 0(25) 0(29) 0(25) 
0(18) 0(8) 0(0) 0(0) 
0(25) 0(27) 0(22) 
0(4) 0(0) 
0(8) 

0.8333333333333334
precise=0.18610674386429243
recall=0.0
F1score=0.0

threshold=0.0005
0(2) 0(13) 0(30) 0(9) 0(26) 0(21) 0(2) 0(0) 
0(0) 0(27) 0(0) 0(26) 0(3) 0(24) 0(30) 
0(26) 0(25) 0(20) 0(6) 0(0) 0(0) 
0(24) 0(32) 0(25) 0(29) 0(26) 
0(18) 0(9) 0(0) 0(0) 
0(25) 0(27) 0(23) 
0(7) 0(1) 
0(10) 

0.8333333333333334
precise=0.18610674386429243
recall=0.0
F1score=0.0

threshold=0.0006000000000000001
0(3) 0(14) 0(31) 0(9) 0(27) 0(24) 0(2) 0(0) 
0(0) 0(28) 0(0) 0(26) 0(4) 0(24) 0(33) 
0(26) 0(29) 0(20) 0(7) 0(0) 0(0) 
0(26) 0(32) 0(25) 0(29) 0(26) 
0(19) 0(10) 0(0) 0(0) 
0(25) 0(27) 0(23) 
0(8) 0(1) 
0(13) 

0.8333333333333334
precise=0.18610674386429243
recall=0.0
F1score=0.0

threshold=0.0007000000000000001
0(3) 0(14) 0(31) 0(9) 0(27) 0(24) 0(3) 0(0) 
0(0) 0(28) 0(0) 0(27) 0(4) 0(28) 0(34) 
0(26) 0(30) 0(20) 0(9) 0(0) 0(0) 
0(26) 0(33) 0(25) 0(29) 0(26) 
0(20) 0(11) 0(0) 0(0) 
0(25) 0(27) 0(23) 
0(9) 0(1) 
0(15) 

0.8333333333333334
precise=0.18610674386429243
recall=0.0
F1score=0.0

threshold=0.0008000000000000001
0(3) 0(16) 0(31) 0(10) 0(27) 0(25) 0(4) 0(0) 
0(0) 0(29) 0(0) 0(27) 0(4) 0(29) 1(37) 
0(26) 0(31) 0(21) 0(9) 0(1) 0(0) 
0(26) 0(34) 0(26) 0(29) 0(27) 
0(22) 0(11) 0(0) 0(0) 
0(25) 0(27) 0(26) 
0(11) 0(1) 
0(16) 

0.8055555555555556
precise=0.0
recall=0.0
F1score=0.0

threshold=0.0009000000000000002
0(3) 0(16) 0(31) 0(11) 0(28) 0(26) 0(4) 0(0) 
0(0) 0(29) 0(0) 0(27) 0(4) 0(29) 1(37) 
0(27) 0(32) 0(22) 0(9) 0(1) 0(0) 
0(26) 0(35) 0(27) 0(31) 0(27) 
0(22) 0(13) 0(0) 0(0) 
0(25) 0(29) 0(26) 
0(11) 0(1) 
0(19) 

0.8055555555555556
precise=0.0
recall=0.0
F1score=0.0

threshold=0.0010000000000000002
0(4) 0(17) 0(31) 0(12) 0(28) 0(27) 0(4) 0(0) 
0(0) 0(30) 0(0) 0(28) 0(4) 0(30) 1(37) 
0(27) 0(34) 0(24) 0(10) 0(1) 0(0) 
0(26) 0(35) 0(28) 0(31) 0(28) 
0(22) 0(13) 0(0) 0(0) 
0(26) 0(31) 0(26) 
0(13) 0(2) 
0(21) 

0.8055555555555556
precise=0.0
recall=0.0
F1score=0.0

threshold=0.0011000000000000003
0(5) 0(17) 0(32) 0(15) 0(28) 0(28) 0(5) 0(0) 
0(0) 0(30) 0(0) 0(28) 0(5) 0(32) 1(38) 
0(28) 0(35) 0(24) 0(12) 0(1) 0(0) 
0(26) 0(35) 0(29) 0(32) 0(28) 
0(22) 0(13) 0(0) 0(0) 
0(26) 0(31) 0(26) 
0(15) 0(2) 
0(25) 

0.8055555555555556
precise=0.0
recall=0.0
F1score=0.0

threshold=0.0012000000000000003
0(6) 0(17) 0(32) 0(18) 0(29) 0(28) 0(6) 0(0) 
0(0) 0(30) 0(0) 0(28) 0(6) 0(34) 1(40) 
0(29) 1(36) 0(24) 0(12) 0(1) 0(0) 
0(26) 0(35) 0(29) 0(32) 0(28) 
0(22) 0(13) 0(0) 0(0) 
0(29) 0(31) 0(26) 
0(16) 0(2) 
0(25) 

0.7777777777777778
precise=0.0
recall=0.0
F1score=0.0

threshold=0.0013000000000000004
0(6) 0(17) 0(32) 0(19) 0(30) 0(28) 0(7) 0(0) 
0(0) 0(30) 0(0) 0(29) 0(6) 0(35) 1(42) 
0(29) 1(37) 0(24) 0(14) 0(1) 0(0) 
0(27) 0(35) 0(30) 0(33) 0(28) 
0(23) 0(14) 0(1) 0(0) 
0(29) 0(31) 0(26) 
0(16) 0(2) 
0(27) 

0.7777777777777778
precise=0.0
recall=0.0
F1score=0.0

threshold=0.0014000000000000004
0(6) 0(17) 0(33) 0(19) 0(30) 0(29) 0(10) 0(0) 
0(0) 0(30) 0(0) 0(29) 0(7) 1(36) 1(42) 
0(29) 1(37) 0(25) 0(15) 0(1) 0(0) 
0(27) 1(36) 0(30) 0(33) 0(28) 
0(23) 0(14) 0(1) 0(0) 
0(29) 0(32) 0(26) 
0(16) 0(2) 
0(31) 

0.7222222222222222
precise=0.0
recall=0.0
F1score=0.0

threshold=0.0015000000000000005
0(6) 0(17) 0(33) 0(20) 0(30) 0(29) 0(11) 0(0) 
0(0) 0(30) 0(0) 0(31) 0(8) 1(36) 1(42) 
0(29) 1(37) 0(25) 0(15) 0(1) 0(0) 
0(27) 1(37) 0(30) 0(33) 0(28) 
0(23) 0(15) 0(1) 0(0) 
0(30) 0(32) 0(27) 
0(16) 0(2) 
0(32) 

0.7222222222222222
precise=0.0
recall=0.0
F1score=0.0

threshold=0.0016000000000000005
0(6) 0(18) 0(33) 0(20) 0(30) 0(30) 0(11) 0(0) 
0(0) 0(30) 0(0) 0(31) 0(9) 1(37) 1(43) 
0(29) 1(37) 0(25) 0(17) 0(1) 0(0) 
0(27) 1(37) 0(30) 0(33) 0(29) 
0(23) 0(15) 0(1) 0(0) 
0(31) 0(32) 0(27) 
0(17) 0(3) 
0(34) 

0.7222222222222222
precise=0.0
recall=0.0
F1score=0.0

threshold=0.0017000000000000006
0(6) 0(18) 0(34) 0(20) 0(31) 0(30) 0(12) 0(0) 
0(0) 0(30) 0(0) 0(31) 0(9) 1(38) 1(43) 
0(29) 1(37) 0(26) 0(17) 0(1) 0(0) 
0(28) 1(37) 0(30) 0(33) 0(30) 
0(23) 0(16) 0(2) 0(0) 
0(31) 0(32) 0(28) 
0(17) 0(3) 
1(36) 

0.75
precise=0.04
recall=0.009259259259259259
F1score=0.015037593984962405

threshold=0.0018000000000000006
0(6) 0(18) 0(34) 0(21) 0(31) 0(30) 0(15) 0(0) 
0(0) 0(30) 0(0) 0(31) 0(9) 1(39) 1(43) 
0(29) 1(39) 0(27) 0(17) 0(1) 0(0) 
0(28) 1(37) 0(30) 0(33) 0(30) 
0(23) 0(16) 0(2) 0(0) 
0(32) 0(33) 0(28) 
0(18) 0(4) 
1(36) 

0.75
precise=0.06666666666666667
recall=0.017543859649122806
F1score=0.027777777777777776

threshold=0.0019000000000000006
0(6) 0(18) 0(35) 0(21) 0(31) 0(32) 0(15) 0(2) 
0(0) 0(30) 0(0) 0(31) 0(9) 1(40) 1(45) 
0(29) 1(40) 0(27) 0(17) 0(1) 0(0) 
0(28) 1(37) 0(30) 0(33) 0(30) 
0(23) 0(17) 0(2) 0(0) 
0(32) 0(34) 0(28) 
0(18) 0(4) 
1(36) 

0.75
precise=0.08571428571428572
recall=0.025
F1score=0.03870967741935484

threshold=0.0020000000000000005
0(6) 0(19) 0(35) 0(21) 0(33) 0(32) 0(18) 0(3) 
0(0) 0(30) 0(0) 0(31) 0(10) 1(40) 1(45) 
0(29) 1(40) 0(27) 0(18) 0(1) 0(0) 
0(29) 1(37) 0(30) 0(33) 0(30) 
0(23) 0(18) 0(2) 0(0) 
0(33) 0(34) 0(28) 
0(18) 0(4) 
1(39) 

0.75
precise=0.1
recall=0.031746031746031744
F1score=0.04819277108433735

threshold=0.0021000000000000003
0(6) 0(23) 0(35) 0(21) 0(35) 0(33) 0(18) 0(3) 
0(0) 0(30) 0(0) 0(33) 0(10) 1(40) 1(45) 
0(29) 1(40) 0(27) 0(18) 0(1) 0(0) 
0(29) 1(37) 0(30) 0(33) 0(30) 
0(23) 0(18) 0(2) 0(0) 
0(33) 0(34) 0(28) 
0(18) 0(4) 
1(40) 

0.75
precise=0.1111111111111111
recall=0.03787878787878788
F1score=0.05649717514124294

threshold=0.0022
0(7) 0(23) 0(35) 0(22) 0(35) 0(33) 0(20) 0(3) 
0(0) 0(30) 0(0) 0(33) 0(10) 1(41) 1(47) 
0(29) 1(41) 0(27) 0(18) 0(1) 0(0) 
0(29) 1(37) 0(30) 0(33) 0(30) 
0(23) 0(18) 0(2) 0(0) 
0(33) 0(34) 0(28) 
0(19) 0(4) 
1(41) 

0.75
precise=0.12
recall=0.043478260869565216
F1score=0.06382978723404255

threshold=0.0023
0(7) 0(24) 0(35) 0(22) 0(35) 0(34) 0(20) 0(4) 
0(1) 0(30) 0(0) 0(33) 0(10) 1(42) 1(47) 
0(29) 1(41) 0(28) 0(18) 0(1) 0(0) 
0(29) 1(37) 0(30) 0(33) 0(30) 
0(23) 0(18) 0(2) 0(0) 
0(33) 0(34) 0(28) 
0(19) 0(4) 
1(42) 

0.75
precise=0.12727272727272726
recall=0.04861111111111111
F1score=0.07035175879396985

threshold=0.0024
0(9) 0(24) 0(35) 0(23) 0(35) 0(34) 0(21) 0(4) 
0(1) 0(30) 0(0) 0(34) 0(10) 1(42) 1(47) 
0(29) 1(43) 0(28) 0(20) 0(1) 0(0) 
0(29) 1(37) 0(30) 0(33) 0(31) 
0(23) 0(19) 0(2) 0(0) 
0(33) 0(35) 0(28) 
0(19) 0(5) 
1(42) 

0.75
precise=0.13333333333333333
recall=0.05333333333333334
F1score=0.0761904761904762

threshold=0.0024999999999999996
0(9) 0(26) 0(35) 0(24) 0(35) 0(34) 0(23) 0(5) 
0(1) 0(31) 0(0) 0(34) 0(10) 1(43) 1(47) 
0(29) 1(43) 0(28) 0(20) 0(1) 0(0) 
0(29) 1(37) 0(31) 0(34) 0(31) 
0(23) 0(20) 0(2) 0(0) 
0(33) 1(36) 0(28) 
0(19) 0(5) 
1(42) 

0.7222222222222222
precise=0.13636363636363635
recall=0.057692307692307696
F1score=0.08108108108108109

threshold=0.0025999999999999994
0(10) 0(26) 1(36) 0(24) 0(35) 0(34) 0(23) 0(5) 
0(1) 0(31) 0(0) 0(34) 0(10) 1(43) 1(47) 
0(29) 1(43) 0(29) 0(21) 0(1) 0(0) 
0(29) 1(38) 0(31) 0(35) 0(32) 
0(23) 0(20) 0(3) 0(0) 
0(34) 1(36) 0(28) 
0(22) 0(7) 
1(42) 

0.6944444444444444
precise=0.136986301369863
recall=0.06172839506172839
F1score=0.0851063829787234

threshold=0.0026999999999999993
0(10) 0(26) 1(36) 0(26) 0(35) 0(34) 0(24) 0(5) 
0(1) 0(33) 0(0) 0(35) 0(10) 1(43) 1(47) 
0(29) 1(43) 0(30) 0(21) 0(1) 0(0) 
0(30) 1(39) 0(31) 0(35) 0(32) 
0(23) 0(20) 0(3) 0(0) 
0(34) 1(36) 0(29) 
0(24) 0(7) 
1(42) 

0.6944444444444444
precise=0.1375
recall=0.06547619047619048
F1score=0.08870967741935484

threshold=0.002799999999999999
0(11) 0(27) 1(36) 0(27) 1(36) 0(35) 0(24) 0(6) 
0(1) 0(34) 0(0) 1(36) 0(12) 1(43) 1(47) 
0(29) 1(44) 0(30) 0(21) 0(1) 0(0) 
0(31) 1(39) 0(31) 0(35) 0(32) 
0(23) 0(20) 0(3) 0(0) 
0(34) 1(38) 0(29) 
0(24) 0(7) 
1(42) 

0.6388888888888888
precise=0.1348314606741573
recall=0.06896551724137931
F1score=0.09125475285171103

threshold=0.002899999999999999
0(11) 0(28) 1(36) 0(27) 1(36) 0(35) 0(24) 0(6) 
0(1) 0(34) 0(0) 1(36) 0(12) 1(43) 1(48) 
0(29) 1(45) 0(30) 0(21) 0(1) 0(0) 
0(32) 1(39) 0(31) 0(35) 0(32) 
0(24) 0(20) 0(3) 0(0) 
0(34) 1(38) 0(29) 
0(24) 0(7) 
1(43) 

0.6388888888888888
precise=0.1326530612244898
recall=0.07222222222222222
F1score=0.09352517985611511

threshold=0.0029999999999999988
0(11) 0(28) 1(36) 0(27) 1(36) 0(35) 0(26) 0(6) 
0(1) 0(34) 0(0) 1(36) 0(13) 1(45) 1(48) 
0(29) 1(45) 0(30) 0(22) 0(1) 0(0) 
0(32) 1(39) 0(31) 0(35) 0(32) 
0(25) 0(21) 0(3) 0(0) 
0(34) 1(39) 0(30) 
0(25) 0(8) 
1(43) 

0.6388888888888888
precise=0.1308411214953271
recall=0.07526881720430108
F1score=0.09556313993174062

threshold=0.0030999999999999986
0(12) 0(29) 1(36) 0(27) 1(36) 0(35) 0(26) 0(6) 
0(1) 0(34) 0(0) 1(36) 0(14) 1(45) 1(49) 
0(29) 1(46) 0(30) 0(23) 0(1) 0(0) 
0(32) 1(39) 0(31) 0(35) 0(32) 
0(25) 0(22) 0(3) 0(0) 
0(34) 1(39) 0(30) 
0(27) 0(8) 
1(43) 

0.6388888888888888
precise=0.12931034482758622
recall=0.078125
F1score=0.09740259740259741

threshold=0.0031999999999999984
0(13) 0(29) 1(36) 0(29) 1(36) 0(35) 0(26) 0(7) 
0(1) 0(34) 0(0) 1(36) 0(14) 1(45) 1(49) 
0(29) 1(46) 0(30) 0(23) 0(1) 0(0) 
0(32) 1(40) 0(31) 0(35) 0(32) 
0(25) 0(22) 0(3) 0(0) 
1(36) 1(40) 0(30) 
0(27) 0(8) 
1(43) 

0.6666666666666666
precise=0.1349206349206349
recall=0.08585858585858586
F1score=0.10493827160493827

threshold=0.0032999999999999982
0(13) 0(29) 1(36) 0(30) 1(37) 1(37) 0(28) 0(7) 
0(1) 0(34) 0(0) 1(36) 0(14) 1(46) 1(49) 
0(30) 1(46) 0(30) 0(24) 0(1) 0(0) 
0(34) 1(40) 0(31) 0(35) 0(32) 
0(25) 0(23) 0(3) 0(0) 
1(36) 1(40) 0(32) 
0(28) 0(9) 
1(43) 

0.6388888888888888
precise=0.1386861313868613
recall=0.09313725490196079
F1score=0.11143695014662756

threshold=0.003399999999999998
0(13) 0(29) 1(36) 0(30) 1(37) 1(37) 0(28) 0(7) 
0(1) 0(34) 0(0) 1(36) 0(14) 1(46) 1(49) 
0(31) 1(46) 0(30) 0(24) 0(1) 0(0) 
0(34) 1(41) 0(31) 0(35) 0(32) 
0(26) 0(24) 0(3) 0(0) 
1(36) 1(40) 0(32) 
0(29) 0(10) 
1(43) 

0.6388888888888888
precise=0.14189189189189189
recall=0.1
F1score=0.11731843575418995

threshold=0.003499999999999998
0(14) 0(29) 1(36) 0(30) 1(38) 1(37) 0(29) 0(7) 
0(1) 0(34) 0(0) 1(37) 0(15) 1(46) 1(49) 
0(31) 1(46) 0(30) 0(24) 0(1) 0(0) 
0(34) 1(41) 0(31) 0(35) 0(33) 
0(26) 0(24) 0(3) 0(0) 
1(36) 1(40) 0(32) 
0(29) 0(11) 
1(43) 

0.6388888888888888
precise=0.14465408805031446
recall=0.10648148148148148
F1score=0.12266666666666666

threshold=0.0035999999999999977
0(14) 0(30) 1(36) 0(30) 1(38) 1(37) 0(30) 0(7) 
0(1) 0(35) 0(0) 1(37) 0(15) 1(46) 1(49) 
0(31) 1(46) 0(30) 0(24) 0(2) 0(0) 
0(34) 1(41) 0(31) 0(35) 0(33) 
0(26) 0(25) 0(3) 0(0) 
1(36) 1(40) 0(32) 
0(30) 0(11) 
1(45) 

0.6388888888888888
precise=0.14705882352941177
recall=0.11261261261261261
F1score=0.12755102040816327

threshold=0.0036999999999999976
0(16) 0(30) 1(36) 0(30) 1(38) 1(39) 0(30) 0(7) 
0(1) 0(35) 0(0) 1(37) 0(15) 1(46) 1(49) 
0(31) 1(46) 0(30) 0(25) 0(2) 0(0) 
0(34) 1(41) 0(32) 0(35) 0(33) 
0(26) 0(26) 0(3) 0(0) 
1(36) 1(40) 0(32) 
0(30) 0(11) 
1(45) 

0.6388888888888888
precise=0.14917127071823205
recall=0.11842105263157894
F1score=0.13202933985330073

threshold=0.0037999999999999974
0(16) 0(31) 1(36) 0(30) 1(38) 1(39) 0(32) 0(7) 
0(1) 0(35) 0(1) 1(37) 0(16) 1(46) 1(49) 
0(31) 1(46) 0(30) 0(26) 0(2) 0(0) 
0(34) 1(42) 0(32) 0(35) 0(33) 
0(27) 0(27) 0(3) 0(0) 
1(36) 1(41) 0(33) 
0(30) 0(11) 
1(46) 

0.6388888888888888
precise=0.15104166666666666
recall=0.12393162393162394
F1score=0.13615023474178403

threshold=0.0038999999999999972
0(17) 0(33) 1(36) 0(31) 1(38) 1(40) 0(32) 0(7) 
0(1) 0(35) 0(1) 1(37) 0(16) 1(47) 1(49) 
0(31) 1(48) 0(30) 0(26) 0(2) 0(0) 
0(34) 1(42) 0(32) 0(35) 0(33) 
0(27) 0(27) 0(3) 0(0) 
1(37) 1(42) 0(33) 
0(30) 0(11) 
1(47) 

0.6388888888888888
precise=0.15270935960591134
recall=0.12916666666666668
F1score=0.1399548532731377

threshold=0.0039999999999999975
0(17) 0(34) 1(36) 0(31) 1(38) 1(40) 0(32) 0(9) 
0(1) 1(38) 0(1) 1(37) 0(16) 1(48) 1(49) 
0(31) 1(48) 0(30) 0(26) 0(3) 0(0) 
0(34) 1(43) 0(32) 1(37) 0(33) 
0(27) 0(27) 0(3) 0(0) 
1(38) 1(42) 0(33) 
0(30) 0(13) 
1(47) 

0.5833333333333334
precise=0.1527777777777778
recall=0.13414634146341464
F1score=0.14285714285714285

threshold=0.004099999999999998
0(17) 0(34) 1(36) 0(32) 1(38) 1(41) 0(33) 0(9) 
0(1) 1(38) 0(1) 1(37) 0(16) 1(48) 1(49) 
0(31) 1(48) 0(30) 0(26) 0(3) 0(0) 
0(34) 1(43) 0(32) 1(37) 0(33) 
0(29) 0(27) 0(3) 0(0) 
1(38) 1(42) 0(33) 
0(31) 0(13) 
1(47) 

0.5833333333333334
precise=0.15283842794759825
recall=0.1388888888888889
F1score=0.14553014553014554

threshold=0.004199999999999998
0(17) 0(35) 1(36) 0(32) 1(39) 1(42) 0(34) 0(11) 
0(1) 1(38) 0(1) 1(38) 0(16) 1(48) 1(49) 
0(31) 1(49) 0(30) 0(26) 0(3) 0(0) 
0(34) 1(43) 0(32) 1(37) 0(33) 
0(29) 0(27) 0(3) 0(1) 
1(38) 1(42) 0(33) 
0(31) 0(13) 
1(47) 

0.5833333333333334
precise=0.15289256198347106
recall=0.1434108527131783
F1score=0.148

threshold=0.004299999999999998
0(18) 0(35) 1(36) 0(32) 1(39) 1(42) 0(34) 0(11) 
0(1) 1(38) 0(1) 1(38) 0(17) 1(48) 1(49) 
0(31) 1(49) 0(30) 0(26) 0(4) 0(0) 
0(35) 1(43) 0(32) 1(37) 0(33) 
0(31) 0(27) 0(3) 0(1) 
1(38) 1(43) 0(33) 
0(31) 0(13) 
1(48) 

0.5833333333333334
precise=0.15294117647058825
recall=0.14772727272727273
F1score=0.15028901734104047

threshold=0.0043999999999999985
0(18) 0(35) 1(36) 0(32) 1(39) 1(42) 0(34) 0(11) 
0(1) 1(38) 0(1) 1(38) 0(17) 1(49) 1(49) 
0(32) 1(49) 0(30) 0(28) 0(4) 0(0) 
0(35) 1(43) 0(32) 1(37) 0(33) 
0(31) 0(27) 0(3) 0(1) 
1(38) 1(43) 0(33) 
0(31) 0(14) 
1(48) 

0.5833333333333334
precise=0.15298507462686567
recall=0.15185185185185185
F1score=0.1524163568773234

threshold=0.004499999999999999
0(19) 1(36) 1(36) 0(34) 1(40) 1(42) 0(35) 0(12) 
0(1) 1(38) 0(1) 1(38) 0(19) 1(49) 1(49) 
0(32) 1(49) 0(30) 0(28) 0(4) 0(0) 
0(35) 1(43) 0(32) 1(37) 0(33) 
0(32) 0(28) 0(3) 0(1) 
1(38) 1(43) 0(33) 
0(31) 0(14) 
1(48) 

0.5555555555555556
precise=0.1524822695035461
recall=0.15579710144927536
F1score=0.15412186379928317

threshold=0.004599999999999999
0(19) 1(36) 1(36) 0(35) 1(41) 1(42) 1(36) 0(12) 
0(1) 1(38) 0(2) 1(39) 0(19) 1(49) 1(49) 
0(32) 1(49) 0(30) 0(29) 0(4) 0(0) 
0(35) 1(43) 0(32) 1(38) 0(33) 
0(32) 0(29) 0(3) 0(1) 
1(38) 1(43) 0(33) 
0(32) 0(14) 
1(48) 

0.5277777777777778
precise=0.15151515151515152
recall=0.1595744680851064
F1score=0.15544041450777202

threshold=0.004699999999999999
0(19) 1(36) 1(37) 1(36) 1(41) 1(42) 1(36) 0(12) 
0(1) 1(38) 0(2) 1(39) 0(20) 1(50) 1(50) 
0(32) 1(49) 0(30) 0(29) 0(5) 0(0) 
0(35) 1(43) 0(33) 1(38) 0(33) 
0(34) 0(29) 0(4) 0(1) 
1(38) 1(43) 0(33) 
0(32) 0(15) 
1(48) 

0.5
precise=0.1501597444089457
recall=0.16319444444444445
F1score=0.15640599001663893

threshold=0.0048
0(19) 1(36) 1(37) 1(37) 1(41) 1(42) 1(37) 0(12) 
0(1) 1(38) 0(2) 1(39) 0(20) 1(50) 1(50) 
0(32) 1(49) 0(31) 0(29) 0(5) 0(0) 
0(35) 1(43) 0(33) 1(38) 0(33) 
0(34) 0(29) 0(4) 0(1) 
1(38) 1(44) 0(34) 
0(33) 0(16) 
1(50) 

0.5
precise=0.14893617021276595
recall=0.16666666666666666
F1score=0.15730337078651685

threshold=0.0049
0(19) 1(37) 1(37) 1(38) 1(41) 1(42) 1(37) 0(12) 
0(1) 1(38) 0(2) 1(40) 0(20) 1(50) 1(50) 
0(32) 1(49) 0(31) 0(29) 0(5) 0(0) 
1(36) 1(43) 0(33) 1(38) 0(33) 
0(34) 0(29) 0(4) 0(1) 
1(39) 1(44) 0(35) 
0(33) 0(16) 
1(50) 

0.4722222222222222
precise=0.14739884393063585
recall=0.17
F1score=0.15789473684210525

threshold=0.005
0(19) 1(37) 1(37) 1(38) 1(41) 1(42) 1(38) 0(12) 
0(1) 1(38) 0(2) 1(40) 0(20) 1(50) 1(50) 
0(32) 1(49) 0(31) 0(29) 0(5) 0(0) 
1(36) 1(43) 0(34) 1(38) 0(33) 
0(34) 0(29) 0(5) 0(1) 
1(39) 1(44) 0(35) 
0(33) 0(17) 
1(50) 

0.4722222222222222
precise=0.14600550964187328
recall=0.17320261437908496
F1score=0.15844544095665172

threshold=0.0051
0(19) 1(37) 1(37) 1(39) 1(41) 1(42) 1(38) 0(12) 
0(1) 1(38) 0(2) 1(40) 0(21) 1(50) 1(50) 
0(32) 1(49) 0(31) 0(29) 0(5) 0(0) 
1(36) 1(43) 0(34) 1(39) 0(33) 
0(35) 0(31) 0(5) 0(1) 
1(39) 1(44) 0(35) 
0(33) 0(20) 
1(50) 

0.4722222222222222
precise=0.14473684210526316
recall=0.1762820512820513
F1score=0.15895953757225434

threshold=0.005200000000000001
0(20) 1(37) 1(37) 1(39) 1(41) 1(42) 1(39) 0(13) 
0(1) 1(38) 0(2) 1(40) 0(21) 1(51) 1(50) 
0(32) 1(50) 0(31) 0(29) 0(5) 0(0) 
1(36) 1(43) 0(34) 1(39) 0(34) 
0(35) 0(32) 0(5) 0(1) 
1(39) 1(45) 0(35) 
0(34) 0(20) 
1(50) 

0.4722222222222222
precise=0.14357682619647355
recall=0.1792452830188679
F1score=0.15944055944055943

threshold=0.005300000000000001
0(21) 1(38) 1(37) 1(41) 1(41) 1(42) 1(39) 0(13) 
0(1) 1(38) 0(2) 1(40) 0(21) 1(51) 1(50) 
0(32) 1(50) 0(33) 0(29) 0(5) 0(0) 
1(36) 1(43) 0(34) 1(39) 0(34) 
1(36) 0(32) 0(6) 0(1) 
1(39) 1(45) 1(37) 
0(34) 0(20) 
1(50) 

0.4722222222222222
precise=0.14423076923076922
recall=0.18518518518518517
F1score=0.16216216216216217

threshold=0.005400000000000001
0(21) 1(38) 1(37) 1(43) 1(41) 1(42) 1(40) 0(14) 
0(1) 1(38) 0(2) 1(40) 0(23) 1(51) 1(50) 
0(32) 1(50) 0(33) 0(30) 0(5) 0(0) 
1(36) 1(43) 0(34) 1(39) 0(34) 
1(36) 0(32) 0(7) 0(1) 
1(39) 1(45) 1(37) 
0(34) 0(20) 
1(50) 

0.4722222222222222
precise=0.14482758620689656
recall=0.19090909090909092
F1score=0.16470588235294117

threshold=0.005500000000000001
0(21) 1(38) 1(37) 1(43) 1(41) 1(42) 1(40) 0(14) 
0(1) 1(38) 0(2) 1(40) 0(24) 1(51) 1(50) 
0(32) 1(50) 0(33) 0(30) 0(7) 0(1) 
1(36) 1(43) 0(34) 1(39) 0(34) 
1(37) 0(32) 0(8) 0(1) 
1(39) 1(45) 1(37) 
0(34) 0(20) 
1(50) 

0.4722222222222222
precise=0.14537444933920704
recall=0.19642857142857142
F1score=0.1670886075949367

threshold=0.005600000000000002
0(22) 1(38) 1(37) 1(43) 1(42) 1(42) 1(41) 0(16) 
0(1) 1(38) 0(3) 1(40) 0(24) 1(51) 1(50) 
0(32) 1(50) 0(33) 0(30) 0(7) 0(1) 
1(36) 1(43) 0(34) 1(39) 0(34) 
1(37) 0(32) 0(8) 0(1) 
1(39) 1(45) 1(37) 
0(34) 0(20) 
1(50) 

0.4722222222222222
precise=0.14587737843551796
recall=0.20175438596491227
F1score=0.16932515337423312

threshold=0.005700000000000002
0(23) 1(39) 1(38) 1(44) 1(42) 1(42) 1(41) 0(16) 
0(1) 1(38) 0(3) 1(40) 0(24) 1(51) 1(50) 
0(32) 1(50) 0(33) 0(30) 0(7) 0(1) 
1(36) 1(43) 0(35) 1(39) 0(34) 
1(37) 0(32) 0(9) 0(1) 
1(39) 1(45) 1(37) 
0(34) 0(20) 
1(50) 

0.4722222222222222
precise=0.14634146341463414
recall=0.20689655172413793
F1score=0.17142857142857143

threshold=0.005800000000000002
0(24) 1(39) 1(38) 1(45) 1(42) 1(42) 1(41) 0(17) 
0(1) 1(39) 0(3) 1(40) 0(24) 1(51) 1(50) 
0(32) 1(50) 0(33) 0(30) 0(7) 0(1) 
1(36) 1(43) 0(35) 1(41) 0(34) 
1(37) 0(34) 0(9) 0(1) 
1(39) 1(45) 1(37) 
0(34) 0(20) 
1(50) 

0.4722222222222222
precise=0.14677103718199608
recall=0.211864406779661
F1score=0.17341040462427745

threshold=0.0059000000000000025
0(25) 1(39) 1(38) 1(45) 1(42) 1(42) 1(41) 0(17) 
0(1) 1(39) 0(3) 1(41) 0(24) 1(51) 1(50) 
0(33) 1(50) 0(33) 0(30) 0(7) 0(1) 
1(36) 1(43) 0(35) 1(41) 0(34) 
1(37) 0(34) 0(9) 0(1) 
1(39) 1(45) 1(37) 
0(35) 0(20) 
1(50) 

0.4722222222222222
precise=0.1471698113207547
recall=0.21666666666666667
F1score=0.1752808988764045

threshold=0.006000000000000003
0(26) 1(40) 1(39) 1(46) 1(42) 1(42) 1(41) 0(18) 
0(1) 1(39) 0(3) 1(41) 0(24) 1(51) 1(50) 
0(33) 1(50) 0(34) 0(30) 0(7) 0(1) 
1(36) 1(43) 0(35) 1(41) 0(34) 
1(37) 0(34) 0(10) 0(1) 
1(39) 1(45) 1(38) 
0(35) 0(21) 
1(50) 

0.4722222222222222
precise=0.14754098360655737
recall=0.22131147540983606
F1score=0.17704918032786884

threshold=0.006100000000000003
0(27) 1(40) 1(39) 1(46) 1(42) 1(42) 1(41) 0(18) 
0(2) 1(39) 0(3) 1(41) 0(24) 1(51) 1(50) 
0(33) 1(50) 0(34) 0(31) 0(7) 0(1) 
1(36) 1(43) 0(35) 1(41) 0(35) 
1(38) 0(34) 0(10) 0(1) 
1(39) 1(45) 1(39) 
0(35) 0(21) 
1(50) 

0.4722222222222222
precise=0.14788732394366197
recall=0.22580645161290322
F1score=0.17872340425531916

threshold=0.006200000000000003
0(27) 1(40) 1(39) 1(47) 1(44) 1(43) 1(41) 0(19) 
0(2) 1(39) 0(3) 1(41) 0(24) 1(51) 1(50) 
0(33) 1(50) 0(34) 0(31) 0(7) 0(1) 
1(36) 1(44) 0(35) 1(41) 0(35) 
1(40) 0(34) 0(10) 0(1) 
1(39) 1(45) 1(39) 
0(35) 0(22) 
1(50) 

0.4722222222222222
precise=0.14821124361158433
recall=0.23015873015873015
F1score=0.18031088082901556

threshold=0.0063000000000000035
0(27) 1(41) 1(39) 1(47) 1(44) 1(43) 1(41) 0(20) 
0(2) 1(39) 0(3) 1(41) 0(24) 1(51) 1(50) 
0(33) 1(50) 0(34) 0(31) 0(7) 0(1) 
1(36) 1(44) 0(35) 1(41) 0(35) 
1(40) 0(35) 0(10) 0(1) 
1(39) 1(45) 1(39) 
0(35) 0(22) 
1(50) 

0.4722222222222222
precise=0.1485148514851485
recall=0.234375
F1score=0.18181818181818182

threshold=0.006400000000000004
0(27) 1(41) 1(39) 1(47) 1(45) 1(43) 1(41) 0(20) 
0(2) 1(39) 0(3) 1(41) 0(24) 1(51) 1(50) 
0(35) 1(50) 0(34) 0(31) 0(7) 0(1) 
1(36) 1(44) 0(35) 1(41) 0(35) 
1(40) 0(35) 0(10) 0(1) 
1(39) 1(46) 1(40) 
0(35) 0(22) 
1(50) 

0.4722222222222222
precise=0.1488
recall=0.23846153846153847
F1score=0.1832512315270936

threshold=0.006500000000000004
0(27) 1(41) 1(39) 1(47) 1(45) 1(43) 1(42) 0(22) 
0(2) 1(39) 0(3) 1(41) 0(24) 1(51) 1(50) 
0(35) 1(50) 0(34) 0(31) 0(7) 0(1) 
1(37) 1(44) 0(35) 1(41) 0(35) 
1(40) 0(35) 0(10) 0(1) 
1(39) 1(46) 1(40) 
0(35) 0(22) 
1(50) 

0.4722222222222222
precise=0.14906832298136646
recall=0.24242424242424243
F1score=0.18461538461538463

threshold=0.006600000000000004
0(27) 1(41) 1(39) 1(47) 1(46) 1(43) 1(42) 0(22) 
0(2) 1(39) 0(3) 1(41) 0(25) 1(51) 1(50) 
0(35) 1(50) 0(34) 0(31) 0(7) 0(1) 
1(37) 1(44) 0(35) 1(41) 0(35) 
1(40) 0(35) 0(10) 0(1) 
1(39) 1(46) 1(40) 
0(35) 0(22) 
1(50) 

0.4722222222222222
precise=0.1493212669683258
recall=0.2462686567164179
F1score=0.18591549295774648

threshold=0.0067000000000000046
0(27) 1(41) 1(39) 1(47) 1(46) 1(43) 1(42) 0(22) 
0(2) 1(39) 0(3) 1(41) 0(25) 1(51) 1(51) 
0(35) 1(50) 0(34) 0(31) 0(8) 0(1) 
1(37) 1(44) 0(35) 1(41) 0(35) 
1(40) 0(35) 0(10) 0(1) 
1(39) 1(46) 1(40) 
0(35) 0(22) 
1(50) 

0.4722222222222222
precise=0.1495601173020528
recall=0.25
F1score=0.1871559633027523

threshold=0.006800000000000005
0(27) 1(41) 1(39) 1(47) 1(46) 1(43) 1(42) 0(22) 
0(3) 1(39) 0(3) 1(42) 0(25) 1(51) 1(51) 
0(35) 1(50) 0(34) 0(31) 0(8) 0(1) 
1(37) 1(44) 0(35) 1(41) 0(35) 
1(40) 0(35) 0(11) 0(1) 
1(39) 1(46) 1(40) 
0(35) 0(24) 
1(50) 

0.4722222222222222
precise=0.14978601997146934
recall=0.2536231884057971
F1score=0.18834080717488788

threshold=0.006900000000000005
0(28) 1(41) 1(39) 1(47) 1(46) 1(43) 1(42) 0(22) 
0(3) 1(40) 0(4) 1(42) 0(26) 1(51) 1(51) 
0(35) 1(50) 0(34) 0(32) 0(8) 0(1) 
1(38) 1(44) 0(35) 1(41) 0(35) 
1(40) 0(35) 0(12) 0(1) 
1(39) 1(46) 1(40) 
0(35) 0(24) 
1(50) 

0.4722222222222222
precise=0.15
recall=0.2571428571428571
F1score=0.18947368421052632

threshold=0.007000000000000005
0(28) 1(41) 1(40) 1(47) 1(46) 1(43) 1(43) 0(22) 
0(3) 1(40) 0(4) 1(42) 0(26) 1(51) 1(51) 
0(35) 1(50) 0(34) 0(32) 0(8) 0(1) 
1(38) 1(44) 0(35) 1(41) 0(35) 
1(40) 0(35) 0(12) 0(1) 
1(39) 1(46) 1(40) 
0(35) 0(24) 
1(50) 

0.4722222222222222
precise=0.15020297699594046
recall=0.2605633802816901
F1score=0.1905579399141631

threshold=0.007100000000000006
0(28) 1(42) 1(40) 1(47) 1(46) 1(43) 1(43) 0(22) 
0(3) 1(40) 0(4) 1(42) 0(27) 1(51) 1(51) 
1(36) 1(50) 0(34) 0(32) 0(9) 0(1) 
1(38) 1(44) 0(35) 1(41) 0(35) 
1(40) 0(35) 0(12) 0(1) 
1(39) 1(46) 1(40) 
0(35) 0(24) 
1(50) 

0.5
precise=0.15151515151515152
recall=0.2662037037037037
F1score=0.19311502938706968

threshold=0.007200000000000006
0(28) 1(42) 1(40) 1(47) 1(46) 1(43) 1(43) 0(22) 
0(3) 1(40) 0(4) 1(42) 0(27) 1(51) 1(51) 
1(36) 1(50) 0(34) 0(33) 0(9) 0(1) 
1(38) 1(44) 0(35) 1(41) 0(35) 
1(41) 0(35) 0(12) 0(1) 
1(39) 1(46) 1(40) 
0(35) 0(24) 
1(50) 

0.5
precise=0.1527599486521181
recall=0.271689497716895
F1score=0.19556285949055052

threshold=0.007300000000000006
0(28) 1(43) 1(40) 1(47) 1(46) 1(43) 1(43) 0(22) 
0(4) 1(40) 0(4) 1(42) 0(27) 1(51) 1(51) 
1(36) 1(50) 0(35) 0(33) 0(9) 0(1) 
1(38) 1(44) 0(35) 1(41) 0(35) 
1(41) 0(35) 0(12) 0(1) 
1(39) 1(46) 1(40) 
1(36) 0(24) 
1(50) 

0.4722222222222222
precise=0.15375
recall=0.27702702702702703
F1score=0.1977491961414791

threshold=0.007400000000000006
0(28) 1(43) 1(40) 1(47) 1(46) 1(43) 1(43) 0(22) 
0(4) 1(40) 0(4) 1(42) 0(29) 1(51) 1(51) 
1(36) 1(50) 1(36) 0(34) 0(10) 0(1) 
1(38) 1(44) 0(35) 1(41) 0(35) 
1(41) 0(35) 0(12) 0(1) 
1(39) 1(46) 1(40) 
1(36) 0(24) 
1(50) 

0.4444444444444444
precise=0.15450121654501217
recall=0.2822222222222222
F1score=0.19968553459119498

threshold=0.007500000000000007
0(28) 1(43) 1(40) 1(47) 1(47) 1(43) 1(43) 0(22) 
0(4) 1(40) 0(4) 1(43) 0(29) 1(51) 1(51) 
1(36) 1(50) 1(36) 0(34) 0(11) 0(1) 
1(38) 1(44) 0(35) 1(41) 0(35) 
1(41) 0(35) 0(12) 0(1) 
1(40) 1(46) 1(41) 
1(36) 0(25) 
1(50) 

0.4444444444444444
precise=0.1552132701421801
recall=0.28728070175438597
F1score=0.20153846153846153

threshold=0.007600000000000007
0(28) 1(43) 1(40) 1(47) 1(47) 1(43) 1(43) 0(22) 
0(4) 1(40) 0(4) 1(43) 0(29) 1(51) 1(51) 
1(36) 1(50) 1(36) 0(34) 0(12) 0(1) 
1(38) 1(44) 0(35) 1(41) 1(36) 
1(41) 0(35) 0(12) 0(1) 
1(40) 1(46) 1(41) 
1(37) 0(27) 
1(50) 

0.4166666666666667
precise=0.15570934256055363
recall=0.2922077922077922
F1score=0.20316027088036118

threshold=0.007700000000000007
0(28) 1(43) 1(40) 1(47) 1(47) 1(43) 1(43) 0(23) 
0(5) 1(40) 0(4) 1(43) 0(29) 1(51) 1(51) 
1(37) 1(50) 1(36) 0(35) 0(12) 0(1) 
1(38) 1(44) 0(35) 1(41) 1(36) 
1(42) 0(35) 0(13) 0(1) 
1(40) 1(46) 1(41) 
1(37) 0(27) 
1(50) 

0.4166666666666667
precise=0.15617977528089888
recall=0.297008547008547
F1score=0.20471281296023564

threshold=0.0078000000000000074
0(28) 1(43) 1(40) 1(47) 1(47) 1(43) 1(43) 0(23) 
0(5) 1(40) 0(4) 1(44) 0(29) 1(51) 1(51) 
1(37) 1(50) 1(37) 1(36) 0(12) 0(1) 
1(38) 1(44) 0(35) 1(41) 1(36) 
1(42) 0(35) 0(13) 0(1) 
1(40) 1(46) 1(41) 
1(37) 0(28) 
1(50) 

0.3888888888888889
precise=0.15645514223194748
recall=0.30168776371308015
F1score=0.20605187319884727

threshold=0.007900000000000008
0(29) 1(43) 1(40) 1(47) 1(47) 1(43) 1(43) 0(23) 
0(5) 1(40) 0(4) 1(44) 0(29) 1(51) 1(51) 
1(37) 1(50) 1(38) 1(36) 0(12) 0(1) 
1(38) 1(44) 0(35) 1(41) 1(36) 
1(42) 1(36) 0(13) 0(1) 
1(40) 1(46) 1(41) 
1(37) 0(29) 
1(50) 

0.4166666666666667
precise=0.15761448349307774
recall=0.30833333333333335
F1score=0.20859760394644117

threshold=0.008000000000000007
0(29) 1(43) 1(40) 1(47) 1(47) 1(43) 1(43) 0(23) 
0(6) 1(40) 0(4) 1(44) 0(30) 1(51) 1(51) 
1(37) 1(50) 1(38) 1(36) 0(13) 0(1) 
1(38) 1(44) 0(35) 1(41) 1(36) 
1(42) 1(36) 0(13) 0(1) 
1(40) 1(46) 1(41) 
1(38) 0(30) 
1(50) 

0.4166666666666667
precise=0.15871369294605808
recall=0.3148148148148148
F1score=0.2110344827586207

threshold=0.008100000000000007
0(29) 1(43) 1(40) 1(47) 1(47) 1(43) 1(43) 0(23) 
0(6) 1(41) 0(4) 1(44) 0(30) 1(51) 1(51) 
1(37) 1(50) 1(38) 1(36) 0(14) 0(1) 
1(38) 1(44) 0(35) 1(41) 1(36) 
1(42) 1(36) 0(14) 0(1) 
1(40) 1(46) 1(41) 
1(38) 0(30) 
1(50) 

0.4166666666666667
precise=0.1597573306370071
recall=0.32113821138211385
F1score=0.21336934503713706

threshold=0.008200000000000006
0(30) 1(43) 1(40) 1(48) 1(47) 1(43) 1(43) 0(24) 
0(6) 1(41) 0(4) 1(44) 0(30) 1(51) 1(51) 
1(37) 1(50) 1(38) 1(36) 0(14) 0(1) 
1(38) 1(44) 0(35) 1(41) 1(36) 
1(42) 1(36) 0(14) 0(1) 
1(40) 1(46) 1(41) 
1(38) 0(30) 
1(51) 

0.4166666666666667
precise=0.16074950690335305
recall=0.3273092369477912
F1score=0.2156084656084656

threshold=0.008300000000000005
0(31) 1(43) 1(40) 1(48) 1(47) 1(43) 1(43) 0(24) 
0(6) 1(41) 0(4) 1(44) 0(31) 1(51) 1(51) 
1(37) 1(50) 1(38) 1(36) 0(16) 0(1) 
1(38) 1(44) 0(35) 1(41) 1(36) 
1(42) 1(36) 0(15) 0(1) 
1(40) 1(46) 1(41) 
1(38) 0(30) 
1(51) 

0.4166666666666667
precise=0.1616939364773821
recall=0.3333333333333333
F1score=0.21775761503564484

threshold=0.008400000000000005
0(31) 1(43) 1(40) 1(48) 1(47) 1(43) 1(43) 0(24) 
0(6) 1(41) 0(4) 1(44) 0(31) 1(51) 1(51) 
1(37) 1(50) 1(39) 1(37) 0(16) 0(1) 
1(38) 1(44) 0(35) 1(41) 1(36) 
1(42) 1(36) 0(15) 0(1) 
1(40) 1(46) 1(41) 
1(38) 0(30) 
1(51) 

0.4166666666666667
precise=0.162593984962406
recall=0.3392156862745098
F1score=0.21982210927573062

threshold=0.008500000000000004
0(31) 1(44) 1(40) 1(48) 1(47) 1(43) 1(43) 0(25) 
0(6) 1(41) 0(4) 1(44) 0(32) 1(51) 1(51) 
1(38) 1(50) 1(39) 1(37) 0(16) 0(1) 
1(38) 1(44) 0(35) 1(41) 1(36) 
1(42) 1(36) 0(15) 0(1) 
1(40) 1(46) 1(41) 
1(39) 0(30) 
1(51) 

0.4166666666666667
precise=0.16345270890725436
recall=0.3449612403100775
F1score=0.22180685358255453

threshold=0.008600000000000003
0(31) 1(44) 1(40) 1(48) 1(47) 1(43) 1(43) 0(25) 
0(6) 1(41) 0(4) 1(44) 0(32) 1(51) 1(51) 
1(38) 1(50) 1(39) 1(37) 0(17) 0(2) 
1(38) 1(44) 0(35) 1(41) 1(36) 
1(42) 1(36) 0(15) 0(1) 
1(40) 1(46) 1(41) 
1(39) 0(30) 
1(51) 

0.4166666666666667
precise=0.16427289048473967
recall=0.3505747126436782
F1score=0.2237163814180929

threshold=0.008700000000000003
0(31) 1(44) 1(40) 1(48) 1(47) 1(43) 1(43) 0(26) 
0(6) 1(41) 0(4) 1(44) 0(32) 1(51) 1(51) 
1(38) 1(50) 1(39) 1(37) 0(17) 0(2) 
1(38) 1(44) 0(35) 1(41) 1(36) 
1(42) 1(36) 0(15) 0(1) 
1(40) 1(46) 1(41) 
1(40) 0(30) 
1(51) 

0.4166666666666667
precise=0.16505706760316066
recall=0.3560606060606061
F1score=0.22555488902219556

threshold=0.008800000000000002
0(31) 1(44) 1(40) 1(48) 1(47) 1(43) 1(43) 0(28) 
0(7) 1(41) 0(4) 1(44) 0(33) 1(51) 1(51) 
1(38) 1(50) 1(39) 1(38) 0(18) 0(2) 
1(38) 1(44) 0(35) 1(41) 1(36) 
1(42) 1(36) 0(15) 0(1) 
1(40) 1(46) 1(41) 
1(40) 0(30) 
1(51) 

0.4166666666666667
precise=0.16580756013745704
recall=0.36142322097378277
F1score=0.22732626619552415

threshold=0.008900000000000002
0(31) 1(45) 1(40) 1(48) 1(47) 1(43) 1(43) 0(28) 
0(7) 1(41) 0(4) 1(44) 0(33) 1(51) 1(51) 
1(38) 1(50) 1(40) 1(38) 0(18) 0(2) 
1(38) 1(44) 0(35) 1(41) 1(37) 
1(42) 1(36) 0(16) 0(1) 
1(41) 1(46) 1(41) 
1(40) 0(30) 
1(51) 

0.4166666666666667
precise=0.1665264928511354
recall=0.36666666666666664
F1score=0.22903412377096588

threshold=0.009000000000000001
0(31) 1(45) 1(40) 1(48) 1(47) 1(43) 1(43) 0(28) 
0(8) 1(41) 0(4) 1(44) 0(34) 1(51) 1(51) 
1(38) 1(50) 1(41) 1(38) 0(18) 0(2) 
1(39) 1(44) 0(35) 1(41) 1(37) 
1(42) 1(36) 0(17) 0(2) 
1(41) 1(46) 1(42) 
1(40) 0(31) 
1(51) 

0.4166666666666667
precise=0.1672158154859967
recall=0.3717948717948718
F1score=0.23068181818181818

threshold=0.0091
0(31) 1(45) 1(40) 1(48) 1(47) 1(43) 1(43) 0(28) 
0(8) 1(41) 0(4) 1(44) 0(34) 1(51) 1(51) 
1(38) 1(50) 1(41) 1(38) 0(18) 0(2) 
1(39) 1(44) 0(35) 1(41) 1(37) 
1(42) 1(36) 0(17) 0(4) 
1(41) 1(46) 1(42) 
1(40) 0(34) 
1(51) 

0.4166666666666667
precise=0.1678773204196933
recall=0.37681159420289856
F1score=0.23227247347850363

threshold=0.0092
0(32) 1(45) 1(40) 1(48) 1(47) 1(43) 1(43) 0(30) 
0(8) 1(41) 0(4) 1(44) 0(35) 1(51) 1(51) 
1(38) 1(50) 1(41) 1(38) 0(18) 0(2) 
1(39) 1(44) 0(35) 1(41) 1(37) 
1(42) 1(36) 0(18) 0(4) 
1(41) 1(46) 1(42) 
1(40) 0(34) 
1(51) 

0.4166666666666667
precise=0.1685126582278481
recall=0.3817204301075269
F1score=0.23380900109769484

threshold=0.0093
0(32) 1(45) 1(40) 1(48) 1(47) 1(43) 1(43) 0(30) 
0(9) 1(41) 0(4) 1(44) 0(35) 1(51) 1(51) 
1(38) 1(50) 1(41) 1(38) 0(18) 0(3) 
1(39) 1(44) 0(35) 1(41) 1(37) 
1(42) 1(37) 0(19) 0(4) 
1(41) 1(46) 1(42) 
1(41) 0(34) 
1(51) 

0.4166666666666667
precise=0.16912335143522111
recall=0.38652482269503546
F1score=0.23529411764705882

threshold=0.009399999999999999
0(32) 1(45) 1(40) 1(48) 1(47) 1(43) 1(43) 0(30) 
0(9) 1(41) 0(6) 1(44) 0(35) 1(51) 1(51) 
1(38) 1(50) 1(41) 1(38) 0(18) 0(3) 
1(39) 1(44) 0(35) 1(41) 1(37) 
1(42) 1(37) 0(19) 0(4) 
1(41) 1(46) 1(42) 
1(41) 0(34) 
1(51) 

0.4166666666666667
precise=0.16971080669710806
recall=0.3912280701754386
F1score=0.2367303609341826

threshold=0.009499999999999998
0(32) 1(45) 1(40) 1(48) 1(47) 1(43) 1(43) 0(31) 
0(9) 1(41) 0(6) 1(44) 0(35) 1(51) 1(51) 
1(38) 1(50) 1(41) 1(38) 0(18) 0(5) 
1(39) 1(44) 0(35) 1(41) 1(37) 
1(42) 1(37) 0(19) 0(4) 
1(42) 1(46) 1(42) 
1(41) 0(34) 
1(51) 

0.4166666666666667
precise=0.17027632561613143
recall=0.3958333333333333
F1score=0.2381201044386423

threshold=0.009599999999999997
0(32) 1(45) 1(40) 1(48) 1(47) 1(43) 1(44) 0(31) 
0(9) 1(41) 0(6) 1(44) 0(35) 1(51) 1(51) 
1(38) 1(50) 1(41) 1(38) 0(18) 0(5) 
1(39) 1(44) 0(35) 1(41) 1(37) 
1(42) 1(38) 0(19) 0(4) 
1(42) 1(46) 1(42) 
1(41) 0(34) 
1(51) 

0.4166666666666667
precise=0.17082111436950145
recall=0.40034364261168387
F1score=0.2394655704008222

threshold=0.009699999999999997
0(33) 1(45) 1(40) 1(48) 1(48) 1(43) 1(44) 0(31) 
0(9) 1(41) 0(6) 1(44) 1(36) 1(51) 1(51) 
1(38) 1(50) 1(41) 1(38) 0(18) 0(5) 
1(39) 1(44) 0(35) 1(41) 1(37) 
1(42) 1(38) 0(19) 0(4) 
1(42) 1(46) 1(42) 
1(41) 0(34) 
1(51) 

0.3888888888888889
precise=0.1712230215827338
recall=0.40476190476190477
F1score=0.24064711830131447

threshold=0.009799999999999996
0(33) 1(45) 1(41) 1(48) 1(49) 1(43) 1(44) 0(31) 
0(9) 1(41) 0(6) 1(44) 1(36) 1(51) 1(51) 
1(38) 1(50) 1(41) 1(38) 0(19) 0(5) 
1(39) 1(44) 0(35) 1(41) 1(37) 
1(42) 1(38) 0(21) 0(4) 
1(42) 1(46) 1(42) 
1(41) 0(34) 
1(51) 

0.3888888888888889
precise=0.1716101694915254
recall=0.4090909090909091
F1score=0.2417910447761194

threshold=0.009899999999999996
0(33) 1(45) 1(41) 1(48) 1(49) 1(43) 1(44) 0(32) 
0(10) 1(41) 0(6) 1(44) 1(36) 1(51) 1(51) 
1(38) 1(50) 1(41) 1(38) 0(20) 0(5) 
1(39) 1(44) 0(35) 1(41) 1(37) 
1(42) 1(38) 0(21) 0(4) 
1(42) 1(46) 1(42) 
1(41) 1(36) 
1(51) 

0.3611111111111111
precise=0.17186417186417186
recall=0.41333333333333333
F1score=0.2427802251590798

threshold=0.009999999999999995
0(33) 1(45) 1(41) 1(48) 1(49) 1(43) 1(45) 0(33) 
0(11) 1(41) 0(6) 1(44) 1(37) 1(51) 1(51) 
1(38) 1(50) 1(41) 1(38) 0(21) 0(5) 
1(39) 1(44) 0(35) 1(41) 1(37) 
1(42) 1(38) 0(21) 0(5) 
1(42) 1(46) 1(42) 
1(41) 1(36) 
1(51) 

0.3611111111111111
precise=0.17210884353741496
recall=0.4174917491749175
F1score=0.24373795761078998

threshold=0.010099999999999994
0(34) 1(46) 1(41) 1(48) 1(49) 1(43) 1(45) 0(33) 
0(11) 1(41) 0(6) 1(44) 1(37) 1(51) 1(51) 
1(38) 1(50) 1(41) 1(38) 0(21) 0(5) 
1(39) 1(44) 0(35) 1(41) 1(37) 
1(42) 1(38) 0(21) 0(5) 
1(42) 1(46) 1(42) 
1(42) 1(37) 
1(51) 

0.3611111111111111
precise=0.17234468937875752
recall=0.4215686274509804
F1score=0.24466571834992887

threshold=0.010199999999999994
0(35) 1(46) 1(41) 1(48) 1(49) 1(43) 1(45) 0(33) 
0(11) 1(41) 0(6) 1(44) 1(37) 1(51) 1(51) 
1(38) 1(50) 1(41) 1(38) 0(22) 0(5) 
1(39) 1(44) 0(35) 1(41) 1(37) 
1(42) 1(38) 0(21) 0(5) 
1(42) 1(47) 1(42) 
1(42) 1(37) 
1(51) 

0.3611111111111111
precise=0.1725721784776903
recall=0.4255663430420712
F1score=0.24556489262371614

threshold=0.010299999999999993
0(35) 1(46) 1(41) 1(48) 1(49) 1(43) 1(45) 0(34) 
0(11) 1(41) 0(6) 1(44) 1(37) 1(51) 1(51) 
1(38) 1(50) 1(41) 1(38) 0(22) 0(5) 
1(39) 1(44) 0(35) 1(41) 1(37) 
1(42) 1(39) 0(21) 0(5) 
1(42) 1(47) 1(42) 
1(42) 1(37) 
1(51) 

0.3611111111111111
precise=0.17279174725983237
recall=0.42948717948717946
F1score=0.2464367816091954

threshold=0.010399999999999993
1(36) 1(46) 1(42) 1(48) 1(49) 1(43) 1(45) 0(35) 
0(11) 1(41) 0(6) 1(44) 1(38) 1(51) 1(51) 
1(38) 1(50) 1(41) 1(38) 0(22) 0(5) 
1(39) 1(44) 0(35) 1(41) 1(37) 
1(42) 1(39) 0(21) 0(5) 
1(42) 1(47) 1(42) 
1(42) 1(37) 
1(51) 

0.3888888888888889
precise=0.17352754908169726
recall=0.43492063492063493
F1score=0.24807605251244907

threshold=0.010499999999999992
1(36) 1(46) 1(43) 1(48) 1(50) 1(43) 1(47) 1(36) 
0(12) 1(41) 0(6) 1(44) 1(38) 1(51) 1(51) 
1(38) 1(51) 1(41) 1(38) 0(22) 0(5) 
1(39) 1(44) 0(35) 1(41) 1(37) 
1(42) 1(39) 0(21) 0(5) 
1(42) 1(47) 1(43) 
1(42) 1(37) 
1(51) 

0.3611111111111111
precise=0.17412935323383086
recall=0.44025157232704404
F1score=0.24955436720142601

threshold=0.010599999999999991
1(36) 1(47) 1(43) 1(48) 1(50) 1(43) 1(47) 1(37) 
0(12) 1(41) 0(8) 1(44) 1(38) 1(51) 1(51) 
1(38) 1(51) 1(41) 1(38) 0(22) 0(6) 
1(39) 1(44) 0(35) 1(41) 1(37) 
1(42) 1(39) 0(23) 0(5) 
1(42) 1(47) 1(43) 
1(43) 1(37) 
1(51) 

0.3611111111111111
precise=0.17470983506414173
recall=0.4454828660436137
F1score=0.250987275120667

threshold=0.01069999999999999
1(36) 1(47) 1(43) 1(48) 1(50) 1(43) 1(47) 1(37) 
0(12) 1(41) 0(9) 1(44) 1(38) 1(51) 1(51) 
1(38) 1(51) 1(41) 1(38) 0(23) 0(6) 
1(39) 1(44) 0(35) 1(41) 1(37) 
1(42) 1(39) 0(24) 0(5) 
1(42) 1(47) 1(43) 
1(43) 1(37) 
1(51) 

0.3611111111111111
precise=0.1752701080432173
recall=0.4506172839506173
F1score=0.25237683664649957

threshold=0.01079999999999999
1(37) 1(47) 1(43) 1(48) 1(50) 1(43) 1(47) 1(37) 
0(12) 1(41) 0(9) 1(44) 1(38) 1(51) 1(51) 
1(38) 1(51) 1(41) 1(38) 0(23) 0(6) 
1(39) 1(44) 0(35) 1(41) 1(37) 
1(42) 1(39) 0(25) 0(5) 
1(42) 1(47) 1(43) 
1(43) 1(37) 
1(51) 

0.3611111111111111
precise=0.17581120943952802
recall=0.45565749235474007
F1score=0.25372498935717325

threshold=0.01089999999999999
1(37) 1(47) 1(43) 1(48) 1(50) 1(43) 1(47) 1(38) 
0(12) 1(41) 0(10) 1(44) 1(39) 1(51) 1(51) 
1(39) 1(51) 1(42) 1(38) 0(23) 0(7) 
1(39) 1(44) 0(35) 1(41) 1(37) 
1(42) 1(39) 0(25) 0(6) 
1(42) 1(47) 1(43) 
1(43) 1(37) 
1(51) 

0.3611111111111111
precise=0.17633410672853828
recall=0.46060606060606063
F1score=0.2550335570469799

threshold=0.010999999999999989
1(37) 1(47) 1(43) 1(48) 1(50) 1(43) 1(47) 1(38) 
0(12) 1(41) 0(10) 1(44) 1(39) 1(51) 1(51) 
1(39) 1(51) 1(42) 1(38) 0(23) 0(9) 
1(39) 1(44) 0(35) 1(41) 1(37) 
1(42) 1(39) 0(25) 0(6) 
1(43) 1(47) 1(43) 
1(44) 1(37) 
1(51) 

0.3611111111111111
precise=0.17683970336565888
recall=0.46546546546546547
F1score=0.2563042579578338

threshold=0.011099999999999988
1(37) 1(47) 1(43) 1(48) 1(50) 1(43) 1(47) 1(39) 
0(12) 1(41) 0(10) 1(44) 1(39) 1(51) 1(51) 
1(39) 1(51) 1(42) 1(38) 0(23) 0(9) 
1(39) 1(44) 1(36) 1(41) 1(38) 
1(42) 1(39) 0(25) 0(6) 
1(43) 1(47) 1(43) 
1(44) 1(37) 
1(51) 

0.3333333333333333
precise=0.1772293886707796
recall=0.47023809523809523
F1score=0.25743380855397147

threshold=0.011199999999999988
1(37) 1(47) 1(43) 1(48) 1(50) 1(43) 1(47) 1(40) 
0(13) 1(41) 0(10) 1(44) 1(39) 1(51) 1(51) 
1(39) 1(51) 1(42) 1(38) 0(23) 0(9) 
1(39) 1(44) 1(36) 1(41) 1(38) 
1(42) 1(39) 0(25) 0(6) 
1(43) 1(47) 1(43) 
1(44) 1(37) 
1(51) 

0.3333333333333333
precise=0.1776061776061776
recall=0.4749262536873156
F1score=0.25853071055800886

threshold=0.011299999999999987
1(38) 1(47) 1(43) 1(48) 1(50) 1(43) 1(47) 1(40) 
0(14) 1(41) 0(10) 1(44) 1(39) 1(51) 1(51) 
1(39) 1(51) 1(42) 1(39) 0(24) 0(10) 
1(39) 1(44) 1(36) 1(41) 1(38) 
1(42) 1(39) 0(25) 0(7) 
1(43) 1(47) 1(43) 
1(44) 1(37) 
1(51) 

0.3333333333333333
precise=0.17797069994574063
recall=0.47953216374269003
F1score=0.259596359319351

threshold=0.011399999999999987
1(38) 1(47) 1(43) 1(48) 1(50) 1(43) 1(47) 1(40) 
0(14) 1(41) 0(10) 1(44) 1(39) 1(51) 1(51) 
1(40) 1(51) 1(42) 1(39) 0(24) 0(10) 
1(39) 1(44) 1(36) 1(41) 1(38) 
1(42) 1(39) 0(25) 0(7) 
1(43) 1(47) 1(43) 
1(44) 1(37) 
1(51) 

0.3333333333333333
precise=0.1783235451147891
recall=0.48405797101449277
F1score=0.26063207179087006

threshold=0.011499999999999986
1(38) 1(48) 1(43) 1(48) 1(50) 1(43) 1(47) 1(40) 
0(15) 1(41) 0(10) 1(44) 1(39) 1(51) 1(51) 
1(40) 1(51) 1(42) 1(39) 0(24) 0(10) 
1(39) 1(44) 1(37) 1(41) 1(38) 
1(42) 1(39) 0(25) 0(7) 
1(43) 1(47) 1(43) 
1(44) 1(37) 
1(51) 

0.3333333333333333
precise=0.17866526537046767
recall=0.4885057471264368
F1score=0.26163909195844554

threshold=0.011599999999999985
1(38) 1(48) 1(43) 1(49) 1(50) 1(43) 1(47) 1(40) 
0(16) 1(41) 0(10) 1(44) 1(39) 1(51) 1(51) 
1(40) 1(51) 1(43) 1(39) 0(24) 0(10) 
1(39) 1(45) 1(38) 1(41) 1(38) 
1(42) 1(39) 0(25) 0(9) 
1(44) 1(47) 1(43) 
1(44) 1(38) 
1(51) 

0.3333333333333333
precise=0.17899637868598034
recall=0.4928774928774929
F1score=0.26261859582542696

threshold=0.011699999999999985
1(39) 1(48) 1(43) 1(49) 1(50) 1(43) 1(47) 1(40) 
0(16) 1(41) 0(10) 1(44) 1(39) 1(51) 1(51) 
1(40) 1(51) 1(43) 1(39) 0(26) 0(10) 
1(39) 1(45) 1(38) 1(41) 1(38) 
1(42) 1(39) 0(25) 0(9) 
1(44) 1(47) 1(43) 
1(44) 1(38) 
1(51) 

0.3333333333333333
precise=0.1793173713703515
recall=0.4971751412429379
F1score=0.26357169599400976

threshold=0.011799999999999984
1(39) 1(48) 1(43) 1(49) 1(50) 1(43) 1(47) 1(40) 
0(16) 1(41) 0(10) 1(45) 1(39) 1(51) 1(51) 
1(40) 1(51) 1(43) 1(39) 0(26) 0(10) 
1(40) 1(45) 1(38) 1(42) 1(39) 
1(42) 1(39) 0(25) 0(10) 
1(44) 1(47) 1(43) 
1(44) 1(38) 
1(51) 

0.3333333333333333
precise=0.17962870045158053
recall=0.5014005602240896
F1score=0.2644994458810491

threshold=0.011899999999999984
1(39) 1(49) 1(43) 1(49) 1(50) 1(43) 1(47) 1(40) 
0(16) 1(41) 0(10) 1(45) 1(39) 1(51) 1(51) 
1(40) 1(51) 1(43) 1(40) 0(26) 0(10) 
1(40) 1(45) 1(38) 1(42) 1(39) 
1(42) 1(39) 0(25) 0(10) 
1(44) 1(47) 1(44) 
1(44) 1(38) 
1(51) 

0.3333333333333333
precise=0.17993079584775087
recall=0.5055555555555555
F1score=0.26540284360189575

threshold=0.011999999999999983
1(39) 1(49) 1(43) 1(49) 1(51) 1(43) 1(47) 1(40) 
0(16) 1(41) 0(10) 1(45) 1(39) 1(51) 1(51) 
1(40) 1(51) 1(44) 1(41) 0(26) 0(11) 
1(40) 1(45) 1(38) 1(42) 1(39) 
1(42) 1(39) 0(25) 0(10) 
1(44) 1(47) 1(44) 
1(44) 1(38) 
1(51) 

0.3333333333333333
precise=0.18022406234778374
recall=0.509641873278237
F1score=0.266282835552357

threshold=0.012099999999999982
1(39) 1(49) 1(43) 1(49) 1(51) 1(43) 1(47) 1(40) 
0(16) 1(41) 0(10) 1(45) 1(39) 1(51) 1(51) 
1(40) 1(51) 1(44) 1(41) 0(26) 0(11) 
1(40) 1(45) 1(38) 1(42) 1(39) 
1(42) 1(39) 0(25) 0(10) 
1(44) 1(47) 1(44) 
1(44) 1(38) 
1(51) 

0.3333333333333333
precise=0.18050888142102736
recall=0.5136612021857924
F1score=0.26714031971580815

threshold=0.012199999999999982
1(39) 1(49) 1(43) 1(49) 1(51) 1(43) 1(47) 1(40) 
0(16) 1(41) 0(11) 1(45) 1(39) 1(51) 1(51) 
1(40) 1(51) 1(45) 1(41) 0(26) 0(11) 
1(40) 1(45) 1(38) 1(42) 1(39) 
1(42) 1(39) 0(27) 0(10) 
1(44) 1(47) 1(44) 
1(44) 1(38) 
1(51) 

0.3333333333333333
precise=0.18078561287269285
recall=0.5176151761517616
F1score=0.26797614871974745

threshold=0.012299999999999981
1(39) 1(50) 1(43) 1(49) 1(51) 1(43) 1(47) 1(41) 
0(16) 1(41) 0(11) 1(45) 1(39) 1(51) 1(51) 
1(40) 1(51) 1(45) 1(41) 0(26) 0(11) 
1(40) 1(45) 1(38) 1(42) 1(39) 
1(42) 1(40) 0(27) 0(10) 
1(44) 1(47) 1(44) 
1(44) 1(38) 
1(51) 

0.3333333333333333
precise=0.18105459636024265
recall=0.521505376344086
F1score=0.2687911326636647

threshold=0.01239999999999998
1(39) 1(50) 1(43) 1(49) 1(51) 1(43) 1(47) 1(41) 
0(17) 1(41) 0(11) 1(45) 1(39) 1(51) 1(51) 
1(40) 1(51) 1(45) 1(41) 0(26) 0(11) 
1(40) 1(45) 1(38) 1(42) 1(39) 
1(42) 1(40) 0(27) 0(10) 
1(44) 1(47) 1(44) 
1(45) 1(38) 
1(51) 

0.3333333333333333
precise=0.18131615278416935
recall=0.5253333333333333
F1score=0.2695860417379405

threshold=0.01249999999999998
1(39) 1(50) 1(43) 1(49) 1(51) 1(43) 1(47) 1(41) 
0(17) 1(41) 0(11) 1(45) 1(39) 1(51) 1(51) 
1(40) 1(51) 1(45) 1(41) 0(28) 0(11) 
1(40) 1(45) 1(38) 1(42) 1(39) 
1(43) 1(41) 0(27) 0(11) 
1(44) 1(47) 1(44) 
1(45) 1(38) 
1(51) 

0.3333333333333333
precise=0.18157058556513844
recall=0.5291005291005291
F1score=0.2703616086515715

threshold=0.01259999999999998
1(39) 1(50) 1(43) 1(49) 1(51) 1(44) 1(47) 1(41) 
0(17) 1(41) 0(12) 1(45) 1(39) 1(51) 1(51) 
1(40) 1(51) 1(45) 1(41) 0(29) 0(11) 
1(40) 1(45) 1(38) 1(42) 1(39) 
1(43) 1(41) 0(27) 0(11) 
1(44) 1(47) 1(44) 
1(45) 1(38) 
1(51) 

0.3333333333333333
precise=0.18181818181818182
recall=0.5328083989501312
F1score=0.27111853088480803

threshold=0.012699999999999979
1(40) 1(50) 1(43) 1(49) 1(51) 1(44) 1(47) 1(41) 
0(18) 1(41) 0(12) 1(45) 1(39) 1(51) 1(51) 
1(40) 1(51) 1(45) 1(41) 0(29) 0(11) 
1(40) 1(45) 1(38) 1(42) 1(39) 
1(44) 1(41) 0(27) 0(11) 
1(44) 1(47) 1(45) 
1(45) 1(39) 
1(51) 

0.3333333333333333
precise=0.18205921343349535
recall=0.5364583333333334
F1score=0.2718574727812603

threshold=0.012799999999999978
1(40) 1(50) 1(43) 1(49) 1(51) 1(44) 1(47) 1(42) 
0(18) 1(41) 0(12) 1(45) 1(39) 1(51) 1(51) 
1(40) 1(51) 1(45) 1(41) 0(29) 0(11) 
1(40) 1(45) 1(38) 1(42) 1(39) 
1(44) 1(41) 0(27) 0(11) 
1(44) 1(47) 1(45) 
1(45) 1(39) 
1(51) 

0.3333333333333333
precise=0.18229393807239425
recall=0.5400516795865633
F1score=0.27257906749266386

threshold=0.012899999999999977
1(40) 1(50) 1(43) 1(50) 1(51) 1(44) 1(47) 1(43) 
0(18) 1(41) 0(12) 1(45) 1(39) 1(51) 1(51) 
1(40) 1(51) 1(45) 1(41) 0(29) 0(11) 
1(40) 1(45) 1(38) 1(42) 1(40) 
1(44) 1(41) 0(27) 0(11) 
1(44) 1(47) 1(45) 
1(45) 1(39) 
1(51) 

0.3333333333333333
precise=0.18252260008609555
recall=0.5435897435897435
F1score=0.2732839187882694

threshold=0.012999999999999977
1(40) 1(50) 1(43) 1(50) 1(51) 1(44) 1(47) 1(43) 
0(18) 1(41) 0(12) 1(45) 1(39) 1(51) 1(51) 
1(40) 1(51) 1(45) 1(41) 0(30) 0(11) 
1(40) 1(45) 1(38) 1(42) 1(40) 
1(44) 1(41) 0(27) 0(11) 
1(44) 1(47) 1(45) 
1(45) 1(39) 
1(51) 

0.3333333333333333
precise=0.1827454313642159
recall=0.5470737913486005
F1score=0.273972602739726

threshold=0.013099999999999976
1(40) 1(50) 1(43) 1(50) 1(51) 1(44) 1(47) 1(43) 
0(18) 1(41) 0(14) 1(45) 1(39) 1(51) 1(51) 
1(40) 1(51) 1(45) 1(41) 0(30) 0(11) 
1(40) 1(45) 1(38) 1(42) 1(40) 
1(45) 1(41) 0(27) 0(11) 
1(45) 1(48) 1(45) 
1(45) 1(40) 
1(51) 

0.3333333333333333
precise=0.1829626521191775
recall=0.5505050505050505
F1score=0.2746456692913386

threshold=0.013199999999999976
1(41) 1(50) 1(43) 1(50) 1(51) 1(44) 1(47) 1(43) 
0(18) 1(41) 0(14) 1(45) 1(39) 1(51) 1(51) 
1(40) 1(51) 1(45) 1(41) 0(30) 0(11) 
1(40) 1(45) 1(38) 1(42) 1(40) 
1(45) 1(41) 0(28) 0(11) 
1(45) 1(48) 1(45) 
1(45) 1(41) 
1(51) 

0.3333333333333333
precise=0.18317447161210113
recall=0.5538847117794486
F1score=0.27530364372469635

threshold=0.013299999999999975
1(41) 1(50) 1(43) 1(50) 1(51) 1(44) 1(47) 1(43) 
0(18) 1(41) 0(14) 1(45) 1(39) 1(51) 1(51) 
1(41) 1(51) 1(45) 1(41) 0(30) 0(12) 
1(40) 1(45) 1(38) 1(42) 1(40) 
1(45) 1(41) 0(28) 0(11) 
1(45) 1(48) 1(45) 
1(45) 1(41) 
1(51) 

0.3333333333333333
precise=0.1833810888252149
recall=0.5572139303482587
F1score=0.27594702802587

threshold=0.013399999999999974
1(41) 1(50) 1(43) 1(50) 1(51) 1(44) 1(47) 1(43) 
0(18) 1(41) 0(14) 1(45) 1(39) 1(51) 1(51) 
1(41) 1(51) 1(45) 1(42) 0(31) 0(12) 
1(40) 1(45) 1(38) 1(42) 1(40) 
1(45) 1(41) 0(30) 0(11) 
1(45) 1(48) 1(45) 
1(45) 1(41) 
1(51) 

0.3333333333333333
precise=0.18358269308532146
recall=0.5604938271604938
F1score=0.2765763021626561

threshold=0.013499999999999974
1(42) 1(50) 1(43) 1(50) 1(51) 1(44) 1(48) 1(43) 
0(18) 1(41) 0(16) 1(45) 1(39) 1(51) 1(51) 
1(41) 1(51) 1(45) 1(42) 0(32) 0(12) 
1(40) 1(45) 1(38) 1(42) 1(40) 
1(45) 1(41) 0(30) 0(11) 
1(45) 1(48) 1(45) 
1(45) 1(41) 
1(51) 

0.3333333333333333
precise=0.18377946464242909
recall=0.5637254901960784
F1score=0.2771919252786984

threshold=0.013599999999999973
1(43) 1(50) 1(43) 1(50) 1(51) 1(44) 1(48) 1(43) 
0(18) 1(41) 0(17) 1(45) 1(39) 1(51) 1(51) 
1(41) 1(51) 1(45) 1(42) 0(32) 0(12) 
1(40) 1(45) 1(38) 1(42) 1(40) 
1(45) 1(41) 0(31) 0(11) 
1(45) 1(48) 1(45) 
1(45) 1(41) 
1(51) 

0.3333333333333333
precise=0.18397157520726412
recall=0.5669099756690997
F1score=0.27779433681073024

threshold=0.013699999999999973
1(43) 1(50) 1(43) 1(50) 1(51) 1(44) 1(48) 1(43) 
0(20) 1(41) 0(17) 1(45) 1(40) 1(51) 1(51) 
1(41) 1(51) 1(45) 1(42) 0(32) 0(12) 
1(40) 1(45) 1(38) 1(42) 1(40) 
1(45) 1(41) 0(32) 0(11) 
1(45) 1(48) 1(45) 
1(45) 1(41) 
1(51) 

0.3333333333333333
precise=0.18415918845103393
recall=0.5700483091787439
F1score=0.27838395753465056

threshold=0.013799999999999972
1(43) 1(50) 1(43) 1(50) 1(51) 1(44) 1(48) 1(43) 
0(20) 1(41) 0(17) 1(45) 1(41) 1(51) 1(51) 
1(41) 1(51) 1(45) 1(42) 0(32) 0(12) 
1(40) 1(45) 1(38) 1(42) 1(40) 
1(45) 1(41) 0(32) 0(11) 
1(45) 1(48) 1(45) 
1(45) 1(41) 
1(51) 

0.3333333333333333
precise=0.1843424604704975
recall=0.5731414868105515
F1score=0.27896119054566676

threshold=0.013899999999999971
1(44) 1(50) 1(44) 1(50) 1(51) 1(44) 1(48) 1(43) 
0(20) 1(41) 0(17) 1(45) 1(41) 1(51) 1(51) 
1(41) 1(51) 1(46) 1(42) 0(32) 0(12) 
1(41) 1(45) 1(38) 1(42) 1(40) 
1(45) 1(41) 0(32) 0(11) 
1(45) 1(48) 1(45) 
1(45) 1(41) 
1(51) 

0.3333333333333333
precise=0.18452154022112086
recall=0.5761904761904761
F1score=0.2795264221773029

threshold=0.01399999999999997
1(44) 1(50) 1(44) 1(50) 1(51) 1(44) 1(48) 1(43) 
0(20) 1(41) 0(17) 1(45) 1(41) 1(51) 1(51) 
1(41) 1(51) 1(46) 1(42) 0(32) 0(13) 
1(41) 1(45) 1(38) 1(42) 1(40) 
1(45) 1(41) 0(34) 0(11) 
1(45) 1(48) 1(45) 
1(45) 1(41) 
1(51) 

0.3333333333333333
precise=0.18469656992084432
recall=0.5791962174940898
F1score=0.28008002286367534

threshold=0.01409999999999997
1(44) 1(50) 1(44) 1(50) 1(51) 1(44) 1(48) 1(43) 
0(21) 1(41) 0(17) 1(45) 1(41) 1(51) 1(51) 
1(41) 1(51) 1(46) 1(43) 0(32) 0(13) 
1(41) 1(45) 1(38) 1(43) 1(40) 
1(45) 1(41) 0(34) 0(12) 
1(45) 1(48) 1(45) 
1(45) 1(41) 
1(51) 

0.3333333333333333
precise=0.18486768542676107
recall=0.5821596244131455
F1score=0.28062234794908064

threshold=0.01419999999999997
1(44) 1(50) 1(44) 1(50) 1(51) 1(44) 1(49) 1(44) 
0(21) 1(41) 0(18) 1(45) 1(41) 1(51) 1(51) 
1(41) 1(51) 1(46) 1(44) 0(32) 0(13) 
1(41) 1(45) 1(38) 1(43) 1(40) 
1(45) 1(41) 0(34) 0(12) 
1(45) 1(48) 1(45) 
1(45) 1(41) 
1(51) 

0.3333333333333333
precise=0.18503501658680427
recall=0.585081585081585
F1score=0.28115373844861385

threshold=0.014299999999999969
1(44) 1(51) 1(44) 1(50) 1(51) 1(44) 1(49) 1(44) 
0(21) 1(41) 0(19) 1(46) 1(41) 1(51) 1(51) 
1(41) 1(51) 1(46) 1(44) 0(32) 0(13) 
1(41) 1(45) 1(38) 1(43) 1(41) 
1(45) 1(41) 0(34) 0(12) 
1(45) 1(48) 1(45) 
1(45) 1(41) 
1(51) 

0.3333333333333333
precise=0.1851986875683558
recall=0.5879629629629629
F1score=0.28167452176323815

threshold=0.014399999999999968
1(44) 1(51) 1(44) 1(50) 1(51) 1(44) 1(49) 1(44) 
0(21) 1(41) 0(20) 1(46) 1(42) 1(51) 1(51) 
1(41) 1(51) 1(46) 1(44) 0(32) 0(13) 
1(41) 1(45) 1(38) 1(43) 1(41) 
1(45) 1(42) 0(34) 0(13) 
1(45) 1(48) 1(45) 
1(45) 1(41) 
1(51) 

0.3333333333333333
precise=0.18535881716552471
recall=0.5908045977011495
F1score=0.28218501235245674

threshold=0.014499999999999968
1(44) 1(51) 1(44) 1(50) 1(51) 1(44) 1(49) 1(44) 
0(21) 1(41) 0(20) 1(46) 1(42) 1(51) 1(51) 
1(41) 1(51) 1(46) 1(44) 0(32) 0(13) 
1(41) 1(45) 1(38) 1(43) 1(41) 
1(45) 1(42) 0(34) 0(14) 
1(45) 1(48) 1(45) 
1(45) 1(41) 
1(51) 

0.3333333333333333
precise=0.18551551908669284
recall=0.593607305936073
F1score=0.2826855123674912

threshold=0.014599999999999967
1(44) 1(51) 1(44) 1(50) 1(51) 1(44) 1(49) 1(44) 
0(21) 1(41) 0(20) 1(46) 1(42) 1(51) 1(51) 
1(41) 1(51) 1(46) 1(44) 0(33) 0(13) 
1(41) 1(45) 1(38) 1(43) 1(41) 
1(45) 1(42) 0(35) 0(14) 
1(45) 1(48) 1(45) 
1(45) 1(41) 
1(51) 

0.3333333333333333
precise=0.18566890222379104
recall=0.5963718820861678
F1score=0.28317631224764467

threshold=0.014699999999999967
1(44) 1(51) 1(44) 1(50) 1(51) 1(44) 1(49) 1(44) 
0(21) 1(41) 0(20) 1(46) 1(42) 1(51) 1(51) 
1(41) 1(51) 1(47) 1(44) 0(35) 0(13) 
1(41) 1(45) 1(38) 1(43) 1(41) 
1(45) 1(42) 0(35) 0(14) 
1(45) 1(48) 1(45) 
1(45) 1(41) 
1(51) 

0.3333333333333333
precise=0.18581907090464547
recall=0.5990990990990991
F1score=0.2836576912823247

threshold=0.014799999999999966
1(44) 1(51) 1(44) 1(50) 1(51) 1(44) 1(49) 1(44) 
0(22) 1(41) 0(20) 1(46) 1(42) 1(51) 1(51) 
1(41) 1(51) 1(47) 1(44) 0(35) 0(14) 
1(41) 1(45) 1(38) 1(43) 1(41) 
1(46) 1(43) 0(35) 0(15) 
1(45) 1(48) 1(45) 
1(45) 1(41) 
1(51) 

0.3333333333333333
precise=0.18596612512962324
recall=0.6017897091722595
F1score=0.28412991814100874

threshold=0.014899999999999965
1(44) 1(51) 1(44) 1(50) 1(51) 1(44) 1(49) 1(44) 
0(22) 1(41) 0(20) 1(46) 1(42) 1(51) 1(51) 
1(41) 1(51) 1(47) 1(44) 0(35) 0(14) 
1(41) 1(45) 1(38) 1(43) 1(41) 
1(46) 1(43) 0(35) 0(16) 
1(45) 1(48) 1(45) 
1(45) 1(41) 
1(51) 

0.3333333333333333
precise=0.1861101607937051
recall=0.6044444444444445
F1score=0.2845932513732671

threshold=0.014999999999999965
1(44) 1(51) 1(44) 1(50) 1(51) 1(45) 1(49) 1(44) 
0(22) 1(41) 0(20) 1(46) 1(42) 1(51) 1(51) 
1(42) 1(51) 1(47) 1(44) 0(35) 0(14) 
1(41) 1(45) 1(39) 1(43) 1(41) 
1(46) 1(43) 0(35) 0(16) 
1(45) 1(48) 1(45) 
1(45) 1(41) 
1(51) 

0.3333333333333333
precise=0.186251269895022
recall=0.6070640176600441
F1score=0.28504793988079813

threshold=0.015099999999999964
1(44) 1(51) 1(44) 1(50) 1(51) 1(45) 1(49) 1(44) 
0(22) 1(41) 0(20) 1(46) 1(42) 1(51) 1(51) 
1(42) 1(51) 1(47) 1(44) 0(35) 0(14) 
1(41) 1(45) 1(39) 1(43) 1(41) 
1(46) 1(43) 1(36) 0(16) 
1(45) 1(48) 1(45) 
1(45) 1(42) 
1(51) 

0.3055555555555556
precise=0.1863270777479893
recall=0.6096491228070176
F1score=0.28542094455852157

threshold=0.015199999999999964
1(44) 1(51) 1(44) 1(50) 1(51) 1(45) 1(49) 1(44) 
0(22) 1(41) 0(20) 1(46) 1(42) 1(51) 1(51) 
1(42) 1(51) 1(47) 1(46) 0(35) 0(14) 
1(41) 1(45) 1(39) 1(43) 1(41) 
1(46) 1(43) 1(36) 0(16) 
1(45) 1(49) 1(45) 
1(45) 1(42) 
1(51) 

0.3055555555555556
precise=0.18640132669983417
recall=0.6122004357298475
F1score=0.28578693109585557

threshold=0.015299999999999963
1(44) 1(51) 1(44) 1(51) 1(51) 1(45) 1(49) 1(44) 
0(22) 1(41) 0(22) 1(47) 1(42) 1(51) 1(51) 
1(42) 1(51) 1(47) 1(46) 0(35) 0(15) 
1(41) 1(45) 1(39) 1(43) 1(41) 
1(46) 1(43) 1(36) 0(17) 
1(45) 1(49) 1(45) 
1(45) 1(42) 
1(51) 

0.3055555555555556
precise=0.18647406434668418
recall=0.6147186147186147
F1score=0.28614609571788413

threshold=0.015399999999999962
1(45) 1(51) 1(44) 1(51) 1(51) 1(45) 1(49) 1(44) 
0(22) 1(41) 0(23) 1(47) 1(42) 1(51) 1(51) 
1(42) 1(51) 1(47) 1(46) 0(35) 0(16) 
1(41) 1(45) 1(39) 1(43) 1(42) 
1(46) 1(43) 1(36) 0(17) 
1(45) 1(49) 1(45) 
1(45) 1(42) 
1(51) 

0.3055555555555556
precise=0.18654533636659085
recall=0.6172043010752688
F1score=0.2864986274020464

threshold=0.015499999999999962
1(45) 1(51) 1(44) 1(51) 1(51) 1(45) 1(49) 1(44) 
0(22) 1(41) 0(23) 1(47) 1(42) 1(51) 1(51) 
1(42) 1(51) 1(47) 1(46) 0(35) 0(16) 
1(41) 1(45) 1(39) 1(43) 1(42) 
1(47) 1(43) 1(36) 0(17) 
1(45) 1(49) 1(45) 
1(45) 1(42) 
1(51) 

0.3055555555555556
precise=0.1866151866151866
recall=0.6196581196581197
F1score=0.2868447082096934

threshold=0.015599999999999961
1(46) 1(51) 1(44) 1(51) 1(51) 1(45) 1(49) 1(44) 
0(22) 1(41) 0(23) 1(47) 1(42) 1(51) 1(51) 
1(42) 1(51) 1(47) 1(46) 0(35) 0(16) 
1(41) 1(45) 1(39) 1(43) 1(42) 
1(47) 1(43) 1(36) 0(17) 
1(45) 1(49) 1(45) 
1(45) 1(42) 
1(51) 

0.3055555555555556
precise=0.1866836572156738
recall=0.6220806794055201
F1score=0.28718451359960795

threshold=0.01569999999999996
1(46) 1(51) 1(44) 1(51) 1(51) 1(45) 1(49) 1(44) 
0(22) 1(41) 0(23) 1(47) 1(42) 1(51) 1(51) 
1(42) 1(51) 1(47) 1(46) 0(35) 0(16) 
1(41) 1(45) 1(39) 1(43) 1(42) 
1(47) 1(43) 1(36) 0(18) 
1(45) 1(49) 1(45) 
1(45) 1(42) 
1(51) 

0.3055555555555556
precise=0.18675078864353312
recall=0.6244725738396625
F1score=0.2875182127246236

threshold=0.01579999999999996
1(46) 1(51) 1(44) 1(51) 1(51) 1(45) 1(49) 1(44) 
0(22) 1(41) 0(23) 1(47) 1(42) 1(51) 1(51) 
1(42) 1(51) 1(47) 1(46) 0(35) 0(16) 
1(41) 1(45) 1(39) 1(43) 1(42) 
1(47) 1(43) 1(36) 0(18) 
1(45) 1(49) 1(45) 
1(45) 1(42) 
1(51) 

0.3055555555555556
precise=0.18681661980631054
recall=0.6268343815513627
F1score=0.2878459687123947

threshold=0.01589999999999996
1(46) 1(51) 1(44) 1(51) 1(51) 1(45) 1(49) 1(44) 
0(22) 1(41) 0(24) 1(47) 1(42) 1(51) 1(51) 
1(42) 1(51) 1(47) 1(46) 1(36) 0(16) 
1(41) 1(45) 1(40) 1(43) 1(42) 
1(47) 1(43) 1(36) 0(18) 
1(45) 1(50) 1(45) 
1(45) 1(42) 
1(51) 

0.2777777777777778
precise=0.18682338385400557
recall=0.6291666666666667
F1score=0.2880992129740043

threshold=0.01599999999999996
1(46) 1(51) 1(44) 1(51) 1(51) 1(45) 1(49) 1(44) 
0(22) 1(41) 0(24) 1(47) 1(42) 1(51) 1(51) 
1(42) 1(51) 1(47) 1(46) 1(37) 0(16) 
1(41) 1(45) 1(40) 1(43) 1(42) 
1(47) 1(43) 1(36) 0(18) 
1(45) 1(50) 1(45) 
1(45) 1(42) 
1(51) 

0.2777777777777778
precise=0.18683001531393567
recall=0.6314699792960663
F1score=0.2883479082959111

threshold=0.016099999999999958
1(46) 1(51) 1(44) 1(51) 1(51) 1(45) 1(49) 1(44) 
0(22) 1(41) 0(24) 1(47) 1(42) 1(51) 1(51) 
1(42) 1(51) 1(47) 1(46) 1(38) 0(16) 
1(41) 1(45) 1(40) 1(43) 1(42) 
1(47) 1(43) 1(36) 0(18) 
1(45) 1(50) 1(45) 
1(45) 1(42) 
1(51) 

0.2777777777777778
precise=0.18683651804670912
recall=0.6337448559670782
F1score=0.28859217615366595

threshold=0.016199999999999957
1(46) 1(51) 1(44) 1(51) 1(51) 1(45) 1(49) 1(44) 
0(22) 1(42) 0(25) 1(47) 1(42) 1(51) 1(51) 
1(42) 1(51) 1(48) 1(46) 1(38) 0(17) 
1(41) 1(45) 1(40) 1(43) 1(42) 
1(48) 1(43) 1(36) 0(18) 
1(45) 1(50) 1(45) 
1(45) 1(42) 
1(51) 

0.2777777777777778
precise=0.18684289576449384
recall=0.6359918200408998
F1score=0.288832133735779

threshold=0.016299999999999957
1(46) 1(51) 1(44) 1(51) 1(51) 1(45) 1(49) 1(44) 
0(23) 1(42) 0(27) 1(47) 1(42) 1(51) 1(51) 
1(43) 1(51) 1(48) 1(46) 1(39) 0(18) 
1(41) 1(45) 1(40) 1(43) 1(42) 
1(48) 1(44) 1(37) 0(18) 
1(45) 1(50) 1(45) 
1(45) 1(42) 
1(51) 

0.2777777777777778
precise=0.18684915203808392
recall=0.6382113821138211
F1score=0.2890678941311853

threshold=0.016399999999999956
1(46) 1(51) 1(44) 1(51) 1(51) 1(45) 1(50) 1(44) 
0(24) 1(42) 0(27) 1(47) 1(42) 1(51) 1(51) 
1(43) 1(51) 1(48) 1(46) 1(39) 0(18) 
1(41) 1(45) 1(40) 1(43) 1(42) 
1(48) 1(44) 1(37) 0(19) 
1(45) 1(50) 1(45) 
1(45) 1(42) 
1(51) 

0.2777777777777778
precise=0.18685529030356618
recall=0.6404040404040404
F1score=0.2892995665069587

threshold=0.016499999999999956
1(46) 1(51) 1(44) 1(51) 1(51) 1(45) 1(50) 1(44) 
0(24) 1(42) 0(27) 1(47) 1(42) 1(51) 1(51) 
1(43) 1(51) 1(48) 1(46) 1(39) 0(18) 
1(41) 1(45) 1(40) 1(43) 1(42) 
1(48) 1(44) 1(38) 0(19) 
1(45) 1(50) 1(45) 
1(45) 1(42) 
1(51) 

0.2777777777777778
precise=0.18686131386861313
recall=0.642570281124498
F1score=0.28952725627686043

threshold=0.016599999999999955
1(47) 1(51) 1(44) 1(51) 1(51) 1(45) 1(50) 1(44) 
0(24) 1(42) 0(27) 1(47) 1(42) 1(51) 1(51) 
1(43) 1(51) 1(48) 1(46) 1(40) 0(18) 
1(41) 1(45) 1(40) 1(43) 1(42) 
1(48) 1(44) 1(38) 0(19) 
1(45) 1(50) 1(45) 
1(45) 1(42) 
1(51) 

0.2777777777777778
precise=0.1868672259184264
recall=0.6447105788423154
F1score=0.28975106526126937

threshold=0.016699999999999954
1(48) 1(51) 1(44) 1(51) 1(51) 1(45) 1(50) 1(44) 
0(25) 1(42) 0(27) 1(47) 1(42) 1(51) 1(51) 
1(44) 1(51) 1(48) 1(46) 1(40) 0(18) 
1(41) 1(45) 1(40) 1(43) 1(42) 
1(48) 1(44) 1(38) 0(19) 
1(45) 1(50) 1(45) 
1(45) 1(42) 
1(51) 

0.2777777777777778
precise=0.18687302952135282
recall=0.6468253968253969
F1score=0.28997109183900377

threshold=0.016799999999999954
1(48) 1(51) 1(44) 1(51) 1(51) 1(45) 1(50) 1(44) 
0(25) 1(42) 0(27) 1(47) 1(42) 1(51) 1(51) 
1(44) 1(51) 1(48) 1(46) 1(41) 0(18) 
1(41) 1(45) 1(40) 1(43) 1(42) 
1(48) 1(44) 1(38) 0(19) 
1(45) 1(50) 1(45) 
1(45) 1(42) 
1(51) 

0.2777777777777778
precise=0.18687872763419483
recall=0.6489151873767258
F1score=0.29018743109151046

threshold=0.016899999999999953
1(48) 1(51) 1(44) 1(51) 1(51) 1(45) 1(50) 1(44) 
0(26) 1(42) 0(27) 1(47) 1(42) 1(51) 1(51) 
1(44) 1(51) 1(48) 1(46) 1(41) 0(19) 
1(41) 1(45) 1(40) 1(43) 1(42) 
1(48) 1(44) 1(39) 0(20) 
1(45) 1(50) 1(45) 
1(45) 1(42) 
1(51) 

0.2777777777777778
precise=0.18688432310723332
recall=0.6509803921568628
F1score=0.2904001749398644

threshold=0.016999999999999953
1(48) 1(51) 1(44) 1(51) 1(51) 1(45) 1(50) 1(44) 
0(26) 1(43) 0(27) 1(47) 1(42) 1(51) 1(51) 
1(44) 1(51) 1(48) 1(46) 1(42) 0(19) 
1(41) 1(45) 1(40) 1(43) 1(42) 
1(48) 1(44) 1(39) 0(21) 
1(45) 1(50) 1(45) 
1(45) 1(42) 
1(51) 

0.2777777777777778
precise=0.18688981868898186
recall=0.6530214424951267
F1score=0.2906094122749946

threshold=0.017099999999999952
1(49) 1(51) 1(44) 1(51) 1(51) 1(45) 1(50) 1(44) 
0(26) 1(43) 0(27) 1(47) 1(42) 1(51) 1(51) 
1(44) 1(51) 1(48) 1(46) 1(42) 0(19) 
1(41) 1(45) 1(40) 1(43) 1(42) 
1(48) 1(45) 1(39) 0(21) 
1(45) 1(50) 1(45) 
1(45) 1(42) 
1(51) 

0.2777777777777778
precise=0.18689521703068843
recall=0.6550387596899225
F1score=0.2908152290815229

threshold=0.01719999999999995
1(49) 1(51) 1(44) 1(51) 1(51) 1(45) 1(50) 1(44) 
0(26) 1(43) 0(27) 1(47) 1(42) 1(51) 1(51) 
1(44) 1(51) 1(48) 1(46) 1(42) 0(19) 
1(41) 1(45) 1(40) 1(43) 1(42) 
1(48) 1(45) 1(39) 0(21) 
1(45) 1(50) 1(45) 
1(45) 1(42) 
1(51) 

0.2777777777777778
precise=0.18690052069060017
recall=0.6570327552986512
F1score=0.29101770855557924

threshold=0.01729999999999995
1(49) 1(51) 1(44) 1(51) 1(51) 1(45) 1(50) 1(44) 
0(27) 1(43) 0(28) 1(47) 1(42) 1(51) 1(51) 
1(44) 1(51) 1(48) 1(46) 1(42) 0(19) 
1(41) 1(45) 1(40) 1(43) 1(42) 
1(49) 1(45) 1(39) 0(21) 
1(45) 1(50) 1(45) 
1(45) 1(42) 
1(51) 

0.2777777777777778
precise=0.186905732138006
recall=0.6590038314176245
F1score=0.2912169312169312

threshold=0.01739999999999995
1(49) 1(51) 1(44) 1(51) 1(51) 1(45) 1(50) 1(44) 
0(27) 1(43) 0(29) 1(47) 1(42) 1(51) 1(51) 
1(44) 1(51) 1(48) 1(46) 1(42) 0(19) 
1(41) 1(45) 1(40) 1(43) 1(42) 
1(49) 1(45) 1(39) 0(21) 
1(45) 1(50) 1(45) 
1(45) 1(42) 
1(51) 

0.2777777777777778
precise=0.18691085375706976
recall=0.660952380952381
F1score=0.29141297501574637

threshold=0.01749999999999995
1(49) 1(51) 1(44) 1(51) 1(51) 1(45) 1(50) 1(44) 
0(27) 1(43) 0(29) 1(47) 1(42) 1(51) 1(51) 
1(44) 1(51) 1(48) 1(46) 1(42) 0(19) 
1(41) 1(45) 1(40) 1(43) 1(42) 
1(50) 1(45) 1(39) 0(21) 
1(45) 1(50) 1(45) 
1(45) 1(42) 
1(51) 

0.2777777777777778
precise=0.18691588785046728
recall=0.6628787878787878
F1score=0.29160591543428455

threshold=0.01759999999999995
1(49) 1(51) 1(45) 1(51) 1(51) 1(45) 1(50) 1(44) 
0(27) 1(43) 0(29) 1(47) 1(42) 1(51) 1(51) 
1(44) 1(51) 1(48) 1(46) 1(42) 0(19) 
1(41) 1(45) 1(40) 1(43) 1(42) 
1(50) 1(46) 1(41) 0(21) 
1(45) 1(50) 1(46) 
1(45) 1(42) 
1(51) 

0.2777777777777778
precise=0.18692083664283823
recall=0.664783427495292
F1score=0.2917958255837983

threshold=0.01769999999999995
1(49) 1(51) 1(45) 1(51) 1(51) 1(45) 1(50) 1(44) 
0(28) 1(43) 0(29) 1(47) 1(42) 1(51) 1(51) 
1(44) 1(51) 1(48) 1(46) 1(42) 0(20) 
1(41) 1(45) 1(40) 1(43) 1(42) 
1(50) 1(46) 1(43) 0(21) 
1(45) 1(50) 1(46) 
1(45) 1(42) 
1(51) 

0.2777777777777778
precise=0.18692570228406405
recall=0.6666666666666666
F1score=0.29198277629690383

threshold=0.017799999999999948
1(49) 1(51) 1(45) 1(51) 1(51) 1(45) 1(50) 1(44) 
0(28) 1(43) 0(29) 1(47) 1(42) 1(51) 1(51) 
1(44) 1(51) 1(48) 1(46) 1(42) 0(20) 
1(41) 1(45) 1(40) 1(43) 1(42) 
1(50) 1(46) 1(43) 0(21) 
1(45) 1(50) 1(46) 
1(45) 1(42) 
1(51) 

0.2777777777777778
precise=0.1869304868523822
recall=0.6685288640595903
F1score=0.2921668362156663

threshold=0.017899999999999947
1(49) 1(51) 1(45) 1(51) 1(51) 1(45) 1(50) 1(44) 
0(29) 1(43) 0(29) 1(47) 1(42) 1(51) 1(51) 
1(44) 1(51) 1(48) 1(46) 1(42) 0(21) 
1(41) 1(45) 1(40) 1(43) 1(42) 
1(50) 1(46) 1(43) 0(21) 
1(45) 1(50) 1(46) 
1(45) 1(42) 
1(51) 

0.2777777777777778
precise=0.18693519235734574
recall=0.6703703703703704
F1score=0.29234807187563094

threshold=0.017999999999999947
1(49) 1(51) 1(45) 1(51) 1(51) 1(45) 1(50) 1(44) 
0(29) 1(43) 0(31) 1(47) 1(42) 1(51) 1(51) 
1(44) 1(51) 1(48) 1(46) 1(43) 0(21) 
1(41) 1(45) 1(40) 1(43) 1(42) 
1(50) 1(46) 1(43) 0(22) 
1(45) 1(50) 1(46) 
1(45) 1(42) 
1(51) 

0.2777777777777778
precise=0.18693982074263765
recall=0.6721915285451197
F1score=0.29252654778601483

threshold=0.018099999999999946
1(49) 1(51) 1(45) 1(51) 1(51) 1(45) 1(50) 1(44) 
0(29) 1(43) 0(31) 1(47) 1(42) 1(51) 1(51) 
1(44) 1(51) 1(48) 1(46) 1(43) 0(21) 
1(41) 1(45) 1(40) 1(43) 1(42) 
1(50) 1(46) 1(43) 0(22) 
1(45) 1(50) 1(47) 
1(45) 1(42) 
1(51) 

0.2777777777777778
precise=0.18694437388874777
recall=0.673992673992674
F1score=0.29270232650626365

threshold=0.018199999999999945
1(49) 1(51) 1(45) 1(51) 1(51) 1(45) 1(50) 1(44) 
0(29) 1(43) 0(31) 1(47) 1(42) 1(51) 1(51) 
1(44) 1(51) 1(48) 1(46) 1(43) 0(22) 
1(41) 1(45) 1(40) 1(43) 1(42) 
1(51) 1(46) 1(43) 0(23) 
1(45) 1(50) 1(47) 
1(45) 1(42) 
1(51) 

0.2777777777777778
precise=0.18694885361552027
recall=0.6757741347905283
F1score=0.2928754687191632

threshold=0.018299999999999945
1(49) 1(51) 1(45) 1(51) 1(51) 1(45) 1(50) 1(44) 
0(29) 1(43) 0(31) 1(47) 1(42) 1(51) 1(51) 
1(44) 1(51) 1(48) 1(46) 1(43) 0(22) 
1(41) 1(45) 1(40) 1(44) 1(42) 
1(51) 1(46) 1(43) 0(23) 
1(45) 1(50) 1(47) 
1(45) 1(42) 
1(51) 

0.2777777777777778
precise=0.18695326168457885
recall=0.677536231884058
F1score=0.2930460333006856

threshold=0.018399999999999944
1(49) 1(51) 1(45) 1(51) 1(51) 1(45) 1(50) 1(44) 
0(29) 1(43) 0(31) 1(47) 1(42) 1(51) 1(51) 
1(44) 1(51) 1(48) 1(46) 1(44) 0(23) 
1(41) 1(45) 1(40) 1(44) 1(42) 
1(51) 1(46) 1(43) 0(24) 
1(46) 1(50) 1(47) 
1(45) 1(42) 
1(51) 

0.2777777777777778
precise=0.1869575998016365
recall=0.6792792792792792
F1score=0.29321407738673927

threshold=0.018499999999999944
1(49) 1(51) 1(45) 1(51) 1(51) 1(45) 1(50) 1(44) 
0(29) 1(43) 0(31) 1(47) 1(42) 1(51) 1(51) 
1(44) 1(51) 1(48) 1(46) 1(44) 0(24) 
1(41) 1(45) 1(40) 1(44) 1(42) 
1(51) 1(46) 1(43) 0(24) 
1(46) 1(50) 1(47) 
1(45) 1(42) 
1(51) 

0.2777777777777778
precise=0.18696186961869618
recall=0.6810035842293907
F1score=0.2933796564369813

threshold=0.018599999999999943
1(49) 1(51) 1(45) 1(51) 1(51) 1(45) 1(50) 1(44) 
0(30) 1(43) 0(32) 1(47) 1(42) 1(51) 1(51) 
1(44) 1(51) 1(48) 1(46) 1(44) 0(24) 
1(41) 1(45) 1(40) 1(44) 1(42) 
1(51) 1(46) 1(43) 0(24) 
1(46) 1(50) 1(47) 
1(45) 1(42) 
1(51) 

0.2777777777777778
precise=0.1869660727361484
recall=0.6827094474153298
F1score=0.2935428242958421

threshold=0.018699999999999942
1(49) 1(51) 1(45) 1(51) 1(51) 1(46) 1(50) 1(44) 
0(30) 1(43) 0(32) 1(47) 1(42) 1(51) 1(51) 
1(44) 1(51) 1(48) 1(46) 1(44) 0(24) 
1(41) 1(45) 1(40) 1(44) 1(42) 
1(51) 1(46) 1(43) 0(24) 
1(46) 1(50) 1(47) 
1(45) 1(42) 
1(51) 

0.2777777777777778
precise=0.18697021070477113
recall=0.6843971631205674
F1score=0.29370363325090354

threshold=0.018799999999999942
1(49) 1(51) 1(45) 1(51) 1(51) 1(46) 1(50) 1(44) 
0(30) 1(43) 0(32) 1(47) 1(42) 1(51) 1(51) 
1(45) 1(51) 1(48) 1(46) 1(44) 0(24) 
1(41) 1(45) 1(40) 1(44) 1(42) 
1(51) 1(46) 1(43) 0(24) 
1(46) 1(50) 1(47) 
1(45) 1(42) 
1(51) 

0.2777777777777778
precise=0.18697428502763758
recall=0.6860670194003528
F1score=0.293862134088763

threshold=0.01889999999999994
1(49) 1(51) 1(45) 1(51) 1(51) 1(46) 1(50) 1(45) 
0(30) 1(43) 0(33) 1(47) 1(42) 1(51) 1(51) 
1(45) 1(51) 1(48) 1(46) 1(44) 0(25) 
1(41) 1(45) 1(40) 1(44) 1(42) 
1(51) 1(46) 1(43) 0(26) 
1(46) 1(50) 1(47) 
1(45) 1(42) 
1(51) 

0.2777777777777778
precise=0.18697829716193656
recall=0.6877192982456141
F1score=0.2940183761485093

threshold=0.01899999999999994
1(49) 1(51) 1(45) 1(51) 1(51) 1(46) 1(50) 1(45) 
0(30) 1(43) 0(34) 1(47) 1(42) 1(51) 1(51) 
1(45) 1(51) 1(48) 1(46) 1(44) 0(25) 
1(41) 1(45) 1(40) 1(44) 1(42) 
1(51) 1(46) 1(43) 0(27) 
1(46) 1(50) 1(47) 
1(45) 1(42) 
1(51) 

0.2777777777777778
precise=0.18698224852071005
recall=0.6893542757417103
F1score=0.2941724073729287

threshold=0.01909999999999994
1(49) 1(51) 1(45) 1(51) 1(51) 1(46) 1(50) 1(45) 
0(30) 1(43) 0(34) 1(47) 1(42) 1(51) 1(51) 
1(45) 1(51) 1(48) 1(46) 1(44) 0(25) 
1(41) 1(45) 1(40) 1(44) 1(42) 
1(51) 1(46) 1(43) 0(27) 
1(46) 1(50) 1(47) 
1(45) 1(42) 
1(51) 

0.2777777777777778
precise=0.18698614047451256
recall=0.6909722222222222
F1score=0.2943242743575522

threshold=0.01919999999999994
1(49) 1(51) 1(45) 1(51) 1(51) 1(46) 1(50) 1(45) 
0(30) 1(43) 0(34) 1(47) 1(42) 1(51) 1(51) 
1(45) 1(51) 1(48) 1(46) 1(44) 0(25) 
1(41) 1(45) 1(40) 1(44) 1(42) 
1(51) 1(46) 1(43) 0(27) 
1(46) 1(50) 1(47) 
1(45) 1(42) 
1(51) 

0.2777777777777778
precise=0.18698997435299602
recall=0.6925734024179621
F1score=0.2944740223976501

threshold=0.01929999999999994
1(49) 1(51) 1(45) 1(51) 1(51) 1(46) 1(50) 1(45) 
0(30) 1(43) 0(35) 1(47) 1(42) 1(51) 1(51) 
1(45) 1(51) 1(48) 1(46) 1(44) 0(25) 
1(41) 1(45) 1(40) 1(44) 1(42) 
1(51) 1(46) 1(43) 0(28) 
1(46) 1(50) 1(47) 
1(45) 1(42) 
1(51) 

0.2777777777777778
precise=0.18699375144642444
recall=0.6941580756013745
F1score=0.29462169553327255

threshold=0.019399999999999938
1(49) 1(51) 1(45) 1(51) 1(51) 1(46) 1(50) 1(45) 
0(30) 1(43) 0(35) 1(47) 1(42) 1(51) 1(51) 
1(45) 1(51) 1(48) 1(46) 1(44) 0(25) 
1(41) 1(45) 1(40) 1(44) 1(42) 
1(51) 1(46) 1(43) 0(28) 
1(46) 1(50) 1(47) 
1(45) 1(42) 
1(51) 

0.2777777777777778
precise=0.18699747300712152
recall=0.6957264957264957
F1score=0.29476733659243165

threshold=0.019499999999999938
1(49) 1(51) 1(45) 1(51) 1(51) 1(46) 1(50) 1(45) 
0(30) 1(43) 0(35) 1(47) 1(42) 1(51) 1(51) 
1(45) 1(51) 1(48) 1(46) 1(44) 0(26) 
1(41) 1(45) 1(40) 1(44) 1(42) 
1(51) 1(46) 1(43) 0(29) 
1(46) 1(50) 1(47) 
1(45) 1(42) 
1(51) 

0.2777777777777778
precise=0.18700114025085518
recall=0.6972789115646258
F1score=0.29491098723251213

threshold=0.019599999999999937
1(49) 1(51) 1(45) 1(51) 1(51) 1(46) 1(50) 1(45) 
0(32) 1(43) 0(35) 1(47) 1(42) 1(51) 1(51) 
1(45) 1(51) 1(48) 1(46) 1(44) 0(26) 
1(41) 1(45) 1(40) 1(44) 1(42) 
1(51) 1(46) 1(43) 0(29) 
1(46) 1(50) 1(47) 
1(45) 1(42) 
1(51) 

0.2777777777777778
precise=0.18700475435816163
recall=0.6988155668358714
F1score=0.29505268797999645

threshold=0.019699999999999936
1(49) 1(51) 1(45) 1(51) 1(51) 1(46) 1(50) 1(45) 
0(32) 1(43) 0(35) 1(47) 1(42) 1(51) 1(51) 
1(45) 1(51) 1(48) 1(47) 1(44) 0(26) 
1(42) 1(45) 1(40) 1(44) 1(42) 
1(51) 1(46) 1(43) 0(29) 
1(46) 1(50) 1(47) 
1(45) 1(42) 
1(51) 

0.2777777777777778
precise=0.1870083164756125
recall=0.7003367003367004
F1score=0.2951924782685826

threshold=0.019799999999999936
1(49) 1(51) 1(45) 1(51) 1(51) 1(46) 1(50) 1(45) 
0(32) 1(43) 0(35) 1(47) 1(42) 1(51) 1(51) 
1(45) 1(51) 1(48) 1(47) 1(44) 0(27) 
1(42) 1(45) 1(40) 1(44) 1(42) 
1(51) 1(46) 1(44) 0(29) 
1(46) 1(50) 1(47) 
1(45) 1(42) 
1(51) 

0.2777777777777778
precise=0.18701182771702746
recall=0.7018425460636516
F1score=0.2953303964757709

threshold=0.019899999999999935
1(49) 1(51) 1(45) 1(51) 1(51) 1(46) 1(50) 1(45) 
0(32) 1(43) 0(35) 1(47) 1(42) 1(51) 1(51) 
1(45) 1(51) 1(48) 1(47) 1(44) 0(27) 
1(42) 1(45) 1(40) 1(44) 1(42) 
1(51) 1(47) 1(45) 0(29) 
1(46) 1(50) 1(47) 
1(45) 1(43) 
1(51) 

0.2777777777777778
precise=0.1870152891646355
recall=0.7033333333333334
F1score=0.2954664799579905

threshold=0.019999999999999934
1(49) 1(51) 1(45) 1(51) 1(51) 1(46) 1(50) 1(45) 
0(32) 1(43) 0(35) 1(47) 1(42) 1(51) 1(51) 
1(45) 1(51) 1(48) 1(47) 1(44) 0(27) 
1(42) 1(45) 1(40) 1(44) 1(42) 
1(51) 1(47) 1(45) 0(29) 
1(46) 1(50) 1(47) 
1(45) 1(43) 
1(51) 

0.2777777777777778
precise=0.18701870187018702
recall=0.7048092868988391
F1score=0.29560076508433314

Max accuracy is 0.8333333333333334 at threshold 0.0007000000000000001
Max precise is 0.18701870187018702 at threshold 0.019999999999999934
Max recall is 0.7048092868988391 at threshold 0.019999999999999934
Max F1score is 0.29560076508433314 at threshold 0.019999999999999934
