threshold=0.0
0(1) 0(1) 0(1) 0(1) 0(1) 
0(1) 0(1) 0(1) 0(1) 
0(1) 0(1) 0(1) 
0(1) 0(1) 
0(1) 

0.7333333333333333
precise=0.2704628747170232
recall=0.0
F1score=0.0

threshold=0.02
0(7) 0(38) 0(3) 0(2) 0(28) 
0(13) 0(23) 0(5) 0(13) 
0(4) 0(1) 0(23) 
0(10) 0(2) 
0(4) 

0.7333333333333333
precise=0.2704628747170232
recall=0.0
F1score=0.0

threshold=0.04
0(9) 0(64) 0(4) 0(2) 0(41) 
0(21) 0(32) 0(12) 0(22) 
0(6) 0(2) 0(37) 
0(25) 0(2) 
0(5) 

0.7333333333333333
precise=0.2704628747170232
recall=0.0
F1score=0.0

threshold=0.06
0(13) 1(79) 0(6) 0(3) 0(55) 
0(24) 0(44) 0(20) 0(32) 
0(8) 0(2) 0(47) 
0(38) 0(9) 
0(5) 

0.6666666666666666
precise=0.0
recall=0.0
F1score=0.0

threshold=0.08
0(22) 1(86) 0(6) 0(3) 0(62) 
0(29) 0(47) 0(28) 0(34) 
0(11) 0(2) 0(57) 
0(48) 0(14) 
0(5) 

0.6666666666666666
precise=0.0
recall=0.0
F1score=0.0

threshold=0.1
0(28) 1(91) 0(7) 0(3) 0(69) 
0(32) 0(51) 0(33) 0(39) 
0(11) 0(2) 0(65) 
0(56) 0(22) 
0(7) 

0.6666666666666666
precise=0.0
recall=0.0
F1score=0.0

threshold=0.12000000000000001
0(32) 1(94) 0(8) 0(3) 1(74) 
0(36) 0(56) 0(37) 0(42) 
0(13) 0(2) 1(74) 
0(59) 0(26) 
0(8) 

0.5333333333333333
precise=0.0
recall=0.0
F1score=0.0

threshold=0.14
0(36) 1(95) 0(12) 0(3) 1(76) 
0(43) 0(62) 0(40) 0(49) 
0(14) 0(2) 1(79) 
0(63) 0(30) 
0(8) 

0.5333333333333333
precise=0.0
recall=0.0
F1score=0.0

threshold=0.16
0(39) 1(96) 0(13) 0(4) 1(78) 
0(44) 0(67) 0(41) 0(54) 
0(16) 0(2) 1(82) 
0(64) 0(35) 
0(11) 

0.5333333333333333
precise=0.0
recall=0.0
F1score=0.0

threshold=0.18
0(40) 1(96) 0(14) 0(4) 1(82) 
0(46) 0(69) 0(43) 0(56) 
0(18) 0(2) 1(82) 
0(65) 0(39) 
0(15) 

0.5333333333333333
precise=0.0
recall=0.0
F1score=0.0

threshold=0.19999999999999998
0(44) 1(97) 0(17) 0(4) 1(84) 
0(47) 1(71) 0(46) 0(58) 
0(21) 0(4) 1(84) 
0(68) 0(44) 
0(17) 

0.4666666666666667
precise=0.0
recall=0.0
F1score=0.0

threshold=0.21999999999999997
0(47) 1(97) 0(21) 0(4) 1(86) 
0(47) 1(71) 0(50) 0(61) 
0(23) 0(5) 1(86) 
1(73) 0(48) 
0(18) 

0.5333333333333333
precise=0.041666666666666664
recall=0.020833333333333332
F1score=0.027777777777777776

threshold=0.23999999999999996
0(49) 1(98) 0(23) 0(4) 1(88) 
0(53) 1(73) 0(52) 0(61) 
0(23) 0(6) 1(88) 
1(79) 0(54) 
0(19) 

0.5333333333333333
precise=0.06896551724137931
recall=0.038461538461538464
F1score=0.04938271604938271

threshold=0.25999999999999995
0(51) 1(98) 0(26) 0(6) 1(89) 
0(56) 1(75) 0(57) 0(62) 
0(25) 0(8) 1(91) 
1(79) 0(55) 
0(24) 

0.5333333333333333
precise=0.08823529411764706
recall=0.05357142857142857
F1score=0.06666666666666667

threshold=0.27999999999999997
0(53) 1(99) 0(28) 0(6) 1(90) 
0(57) 1(79) 0(60) 0(62) 
0(30) 0(9) 1(93) 
1(80) 0(57) 
0(29) 

0.5333333333333333
precise=0.10256410256410256
recall=0.06666666666666667
F1score=0.08080808080808081

threshold=0.3
0(54) 1(99) 0(31) 0(6) 1(93) 
0(58) 1(80) 0(62) 0(64) 
0(31) 0(9) 1(95) 
1(84) 0(60) 
0(34) 

0.5333333333333333
precise=0.11363636363636363
recall=0.078125
F1score=0.09259259259259259

threshold=0.32
0(55) 1(99) 0(33) 0(7) 1(93) 
0(58) 1(81) 0(63) 0(65) 
0(33) 0(10) 1(95) 
1(86) 0(60) 
0(38) 

0.5333333333333333
precise=0.12244897959183673
recall=0.08823529411764706
F1score=0.10256410256410256

threshold=0.34
0(57) 1(99) 0(35) 0(7) 1(95) 
0(59) 1(82) 0(64) 0(69) 
0(35) 0(12) 1(98) 
1(87) 0(61) 
0(39) 

0.5333333333333333
precise=0.12962962962962962
recall=0.09722222222222222
F1score=0.1111111111111111

threshold=0.36000000000000004
0(59) 1(100) 0(35) 0(10) 1(96) 
0(61) 1(85) 0(67) 0(69) 
0(37) 0(13) 1(99) 
1(89) 0(62) 
0(40) 

0.5333333333333333
precise=0.13559322033898305
recall=0.10526315789473684
F1score=0.11851851851851852

threshold=0.38000000000000006
0(60) 1(100) 0(38) 0(11) 1(98) 
0(63) 1(87) 0(69) 1(71) 
0(42) 0(14) 1(99) 
1(91) 0(64) 
0(42) 

0.4666666666666667
precise=0.13846153846153847
recall=0.1125
F1score=0.12413793103448276

threshold=0.4000000000000001
0(60) 1(100) 0(39) 0(15) 1(98) 
0(64) 1(88) 0(70) 1(72) 
0(44) 0(16) 1(99) 
1(92) 0(66) 
0(46) 

0.4666666666666667
precise=0.14084507042253522
recall=0.11904761904761904
F1score=0.12903225806451613

threshold=0.4200000000000001
0(62) 1(100) 0(41) 0(19) 1(98) 
0(67) 1(89) 1(71) 1(73) 
0(45) 0(17) 1(99) 
1(92) 0(67) 
0(47) 

0.4
precise=0.14102564102564102
recall=0.125
F1score=0.13253012048192772

threshold=0.4400000000000001
0(65) 1(101) 0(42) 0(20) 1(98) 
0(68) 1(89) 1(76) 1(74) 
0(48) 0(18) 1(99) 
1(93) 0(68) 
0(48) 

0.4
precise=0.1411764705882353
recall=0.13043478260869565
F1score=0.13559322033898305

threshold=0.46000000000000013
0(67) 1(101) 0(45) 0(23) 1(98) 
1(71) 1(89) 1(76) 1(78) 
0(53) 0(21) 1(99) 
1(93) 0(69) 
0(52) 

0.3333333333333333
precise=0.13978494623655913
recall=0.13541666666666666
F1score=0.13756613756613756

threshold=0.48000000000000015
0(68) 1(101) 0(48) 0(24) 1(99) 
1(71) 1(90) 1(77) 1(78) 
0(59) 0(23) 1(99) 
1(93) 0(69) 
0(54) 

0.3333333333333333
precise=0.13861386138613863
recall=0.14
F1score=0.13930348258706468

threshold=0.5000000000000001
0(70) 1(101) 0(50) 0(24) 1(99) 
1(71) 1(91) 1(79) 1(78) 
0(61) 0(24) 1(99) 
1(94) 0(69) 
0(57) 

0.3333333333333333
precise=0.13761467889908258
recall=0.14423076923076922
F1score=0.14084507042253522

threshold=0.5200000000000001
0(70) 1(101) 0(54) 0(26) 1(100) 
1(73) 1(92) 1(81) 1(78) 
0(61) 0(29) 1(99) 
1(94) 1(72) 
0(62) 

0.4
precise=0.1440677966101695
recall=0.1574074074074074
F1score=0.1504424778761062

threshold=0.5400000000000001
1(71) 1(101) 0(56) 0(27) 1(100) 
1(74) 1(92) 1(81) 1(78) 
0(61) 0(29) 1(100) 
1(96) 1(74) 
0(64) 

0.4666666666666667
precise=0.15625
recall=0.17857142857142858
F1score=0.16666666666666666

threshold=0.5600000000000002
1(71) 1(101) 0(58) 0(28) 1(100) 
1(75) 1(93) 1(82) 1(82) 
0(63) 0(30) 1(100) 
1(96) 1(75) 
0(67) 

0.4666666666666667
precise=0.16666666666666666
recall=0.19827586206896552
F1score=0.18110236220472442

threshold=0.5800000000000002
1(72) 1(101) 0(59) 0(29) 1(100) 
1(76) 1(93) 1(84) 1(84) 
0(65) 0(33) 1(100) 
1(96) 1(76) 
0(69) 

0.4666666666666667
precise=0.17567567567567569
recall=0.21666666666666667
F1score=0.19402985074626866

threshold=0.6000000000000002
1(72) 1(101) 0(59) 0(31) 1(100) 
1(76) 1(93) 1(87) 1(85) 
0(66) 0(37) 1(100) 
1(97) 1(79) 
0(70) 

0.4666666666666667
precise=0.18354430379746836
recall=0.23387096774193547
F1score=0.20567375886524822

threshold=0.6200000000000002
1(72) 1(101) 0(61) 0(36) 1(100) 
1(77) 1(93) 1(87) 1(85) 
0(67) 0(39) 1(100) 
1(98) 1(79) 
1(72) 

0.5333333333333333
precise=0.1952662721893491
recall=0.2578125
F1score=0.2222222222222222

threshold=0.6400000000000002
1(73) 1(101) 0(62) 0(36) 1(100) 
1(78) 1(94) 1(88) 1(85) 
0(69) 0(41) 1(100) 
1(98) 1(80) 
1(73) 

0.5333333333333333
precise=0.20555555555555555
recall=0.2803030303030303
F1score=0.23717948717948717

threshold=0.6600000000000003
1(73) 1(101) 0(65) 0(37) 1(100) 
1(79) 1(94) 1(89) 1(86) 
0(69) 0(42) 1(100) 
1(98) 1(83) 
1(74) 

0.5333333333333333
precise=0.21465968586387435
recall=0.3014705882352941
F1score=0.25076452599388377

threshold=0.6800000000000003
1(74) 1(101) 0(66) 0(38) 1(100) 
1(79) 1(95) 1(90) 1(87) 
0(69) 0(45) 1(100) 
1(98) 1(85) 
1(74) 

0.5333333333333333
precise=0.22277227722772278
recall=0.32142857142857145
F1score=0.2631578947368421

threshold=0.7000000000000003
1(75) 1(101) 0(70) 0(41) 1(100) 
1(80) 1(95) 1(92) 1(90) 
0(70) 0(46) 1(100) 
1(98) 1(86) 
1(75) 

0.5333333333333333
precise=0.2300469483568075
recall=0.3402777777777778
F1score=0.27450980392156865

threshold=0.7200000000000003
1(75) 1(101) 1(72) 0(42) 1(100) 
1(80) 1(95) 1(94) 1(90) 
1(72) 0(48) 1(100) 
1(98) 1(88) 
1(77) 

0.4
precise=0.2345132743362832
recall=0.3581081081081081
F1score=0.28342245989304815

threshold=0.7400000000000003
1(76) 1(101) 1(72) 0(43) 1(100) 
1(81) 1(95) 1(95) 1(90) 
1(75) 0(51) 1(100) 
1(98) 1(88) 
1(78) 

0.4
precise=0.2384937238493724
recall=0.375
F1score=0.2915601023017903

threshold=0.7600000000000003
1(77) 1(101) 1(74) 0(48) 1(100) 
1(82) 1(96) 1(96) 1(90) 
1(75) 0(53) 1(100) 
1(98) 1(89) 
1(79) 

0.4
precise=0.24206349206349206
recall=0.391025641025641
F1score=0.29901960784313725

threshold=0.7800000000000004
1(78) 1(101) 1(74) 0(51) 1(100) 
1(82) 1(96) 1(96) 1(92) 
1(76) 0(56) 1(100) 
1(98) 1(91) 
1(79) 

0.4
precise=0.24528301886792453
recall=0.40625
F1score=0.3058823529411765

threshold=0.8000000000000004
1(81) 1(101) 1(75) 0(55) 1(100) 
1(82) 1(96) 1(97) 1(93) 
1(79) 0(59) 1(100) 
1(98) 1(91) 
1(82) 

0.4
precise=0.24820143884892087
recall=0.42073170731707316
F1score=0.31221719457013575

threshold=0.8200000000000004
1(83) 1(101) 1(76) 0(56) 1(100) 
1(84) 1(96) 1(98) 1(93) 
1(81) 0(61) 1(100) 
1(98) 1(92) 
1(83) 

0.4
precise=0.2508591065292096
recall=0.43452380952380953
F1score=0.31808278867102396

threshold=0.8400000000000004
1(84) 1(101) 1(77) 0(57) 1(101) 
1(84) 1(96) 1(98) 1(93) 
1(83) 0(64) 1(100) 
1(98) 1(95) 
1(83) 

0.4
precise=0.2532894736842105
recall=0.4476744186046512
F1score=0.3235294117647059

threshold=0.8600000000000004
1(84) 1(101) 1(77) 0(57) 1(101) 
1(84) 1(97) 1(98) 1(94) 
1(83) 0(65) 1(100) 
1(98) 1(96) 
1(87) 

0.4
precise=0.2555205047318612
recall=0.4602272727272727
F1score=0.3286004056795132

threshold=0.8800000000000004
1(84) 1(101) 1(79) 0(58) 1(101) 
1(84) 1(97) 1(98) 1(94) 
1(83) 0(65) 1(100) 
1(98) 1(96) 
1(88) 

0.4
precise=0.25757575757575757
recall=0.4722222222222222
F1score=0.3333333333333333

threshold=0.9000000000000005
1(86) 1(101) 1(80) 0(60) 1(101) 
1(84) 1(97) 1(98) 1(95) 
1(83) 0(66) 1(100) 
1(98) 1(96) 
1(88) 

0.4
precise=0.2594752186588921
recall=0.483695652173913
F1score=0.3377609108159393

threshold=0.9200000000000005
1(87) 1(101) 1(80) 0(60) 1(101) 
1(86) 1(97) 1(99) 1(95) 
1(84) 0(67) 1(100) 
1(98) 1(96) 
1(88) 

0.4
precise=0.2612359550561798
recall=0.4946808510638298
F1score=0.34191176470588236

threshold=0.9400000000000005
1(88) 1(101) 1(81) 0(62) 1(101) 
1(86) 1(98) 1(99) 1(95) 
1(86) 1(71) 1(100) 
1(98) 1(96) 
1(88) 

0.3333333333333333
precise=0.26216216216216215
recall=0.5052083333333334
F1score=0.34519572953736655

threshold=0.9600000000000005
1(88) 1(101) 1(81) 0(65) 1(101) 
1(87) 1(98) 1(99) 1(95) 
1(86) 1(72) 1(100) 
1(98) 1(96) 
1(89) 

0.3333333333333333
precise=0.2630208333333333
recall=0.5153061224489796
F1score=0.3482758620689655

threshold=0.9800000000000005
1(90) 1(101) 1(82) 0(67) 1(101) 
1(88) 1(98) 1(99) 1(95) 
1(88) 1(73) 1(100) 
1(98) 1(96) 
1(89) 

0.3333333333333333
precise=0.2638190954773869
recall=0.525
F1score=0.3511705685618729

threshold=1.0000000000000004
1(90) 1(101) 1(83) 0(69) 1(101) 
1(89) 1(98) 1(99) 1(95) 
1(89) 1(73) 1(100) 
1(98) 1(97) 
1(89) 

0.3333333333333333
precise=0.2645631067961165
recall=0.5343137254901961
F1score=0.3538961038961039

threshold=1.0200000000000005
1(93) 1(101) 1(83) 0(70) 1(101) 
1(91) 1(98) 1(99) 1(95) 
1(90) 1(76) 1(100) 
1(99) 1(97) 
1(89) 

0.3333333333333333
precise=0.2652582159624413
recall=0.5432692307692307
F1score=0.35646687697160884

threshold=1.0400000000000005
1(93) 1(101) 1(83) 1(71) 1(101) 
1(91) 1(98) 1(99) 1(95) 
1(91) 1(77) 1(100) 
1(99) 1(97) 
1(89) 

0.26666666666666666
precise=0.2653061224489796
recall=0.5518867924528302
F1score=0.35834609494640124

threshold=1.0600000000000005
1(94) 1(101) 1(83) 1(72) 1(101) 
1(91) 1(98) 1(99) 1(95) 
1(91) 1(77) 1(100) 
1(99) 1(97) 
1(90) 

0.26666666666666666
precise=0.26535087719298245
recall=0.5601851851851852
F1score=0.3601190476190476

threshold=1.0800000000000005
1(94) 1(101) 1(85) 1(74) 1(101) 
1(91) 1(98) 1(99) 1(96) 
1(92) 1(78) 1(100) 
1(99) 1(97) 
1(90) 

0.26666666666666666
precise=0.2653927813163482
recall=0.5681818181818182
F1score=0.361794500723589

threshold=1.1000000000000005
1(94) 1(101) 1(86) 1(75) 1(101) 
1(91) 1(98) 1(99) 1(96) 
1(92) 1(78) 1(100) 
1(100) 1(97) 
1(91) 

0.26666666666666666
precise=0.2654320987654321
recall=0.5758928571428571
F1score=0.36338028169014086

threshold=1.1200000000000006
1(95) 1(101) 1(86) 1(75) 1(101) 
1(91) 1(98) 1(99) 1(96) 
1(92) 1(79) 1(101) 
1(100) 1(97) 
1(92) 

0.26666666666666666
precise=0.2654690618762475
recall=0.5833333333333334
F1score=0.36488340192043894

threshold=1.1400000000000006
1(95) 1(101) 1(87) 1(76) 1(101) 
1(92) 1(98) 1(99) 1(97) 
1(93) 1(80) 1(101) 
1(100) 1(97) 
1(92) 

0.26666666666666666
precise=0.2655038759689923
recall=0.5905172413793104
F1score=0.3663101604278075

threshold=1.1600000000000006
1(95) 1(101) 1(87) 1(77) 1(101) 
1(93) 1(98) 1(99) 1(97) 
1(93) 1(80) 1(101) 
1(100) 1(99) 
1(93) 

0.26666666666666666
precise=0.2655367231638418
recall=0.597457627118644
F1score=0.36766623207301175

threshold=1.1800000000000006
1(96) 1(101) 1(87) 1(77) 1(101) 
1(94) 1(98) 1(99) 1(97) 
1(93) 1(81) 1(101) 
1(100) 1(99) 
1(94) 

0.26666666666666666
precise=0.26556776556776557
recall=0.6041666666666666
F1score=0.36895674300254455

threshold=1.2000000000000006
1(96) 1(101) 1(87) 1(79) 1(101) 
1(94) 1(98) 1(99) 1(97) 
1(93) 1(81) 1(101) 
1(100) 1(99) 
1(94) 

0.26666666666666666
precise=0.26559714795008915
recall=0.610655737704918
F1score=0.3701863354037267

threshold=1.2200000000000006
1(97) 1(101) 1(88) 1(79) 1(101) 
1(94) 1(98) 1(99) 1(97) 
1(94) 1(82) 1(101) 
1(100) 1(99) 
1(94) 

0.26666666666666666
precise=0.265625
recall=0.6169354838709677
F1score=0.3713592233009709

threshold=1.2400000000000007
1(97) 1(101) 1(91) 1(79) 1(101) 
1(95) 1(98) 1(99) 1(97) 
1(94) 1(82) 1(101) 
1(100) 1(99) 
1(94) 

0.26666666666666666
precise=0.2656514382402707
recall=0.623015873015873
F1score=0.37247924080664296

threshold=1.2600000000000007
1(97) 1(101) 1(91) 1(80) 1(101) 
1(95) 1(98) 1(99) 1(97) 
1(94) 1(83) 1(101) 
1(100) 1(99) 
1(95) 

0.26666666666666666
precise=0.26567656765676567
recall=0.62890625
F1score=0.37354988399071926

threshold=1.2800000000000007
1(97) 1(101) 1(91) 1(80) 1(101) 
1(95) 1(98) 1(99) 1(97) 
1(94) 1(83) 1(101) 
1(100) 1(99) 
1(95) 

0.26666666666666666
precise=0.26570048309178745
recall=0.6346153846153846
F1score=0.3745743473325766

threshold=1.3000000000000007
1(97) 1(101) 1(92) 1(81) 1(101) 
1(95) 1(98) 1(99) 1(97) 
1(94) 1(83) 1(101) 
1(100) 1(99) 
1(95) 

0.26666666666666666
precise=0.26572327044025157
recall=0.6401515151515151
F1score=0.37555555555555553

threshold=1.3200000000000007
1(97) 1(101) 1(92) 1(83) 1(101) 
1(95) 1(98) 1(99) 1(97) 
1(94) 1(83) 1(101) 
1(100) 1(99) 
1(95) 

0.26666666666666666
precise=0.26574500768049153
recall=0.6455223880597015
F1score=0.3764961915125136

threshold=1.3400000000000007
1(97) 1(101) 1(93) 1(83) 1(101) 
1(95) 1(98) 1(99) 1(97) 
1(94) 1(83) 1(101) 
1(100) 1(100) 
1(95) 

0.26666666666666666
precise=0.26576576576576577
recall=0.6507352941176471
F1score=0.3773987206823028

threshold=1.3600000000000008
1(97) 1(101) 1(93) 1(85) 1(101) 
1(95) 1(98) 1(99) 1(97) 
1(94) 1(83) 1(101) 
1(100) 1(100) 
1(95) 

0.26666666666666666
precise=0.2657856093979442
recall=0.6557971014492754
F1score=0.3782654127481714

threshold=1.3800000000000008
1(97) 1(101) 1(93) 1(85) 1(101) 
1(95) 1(98) 1(100) 1(97) 
1(94) 1(85) 1(101) 
1(100) 1(100) 
1(95) 

0.26666666666666666
precise=0.26580459770114945
recall=0.6607142857142857
F1score=0.3790983606557377

threshold=1.4000000000000008
1(97) 1(101) 1(93) 1(85) 1(101) 
1(95) 1(98) 1(100) 1(98) 
1(94) 1(86) 1(101) 
1(100) 1(100) 
1(95) 

0.26666666666666666
precise=0.26582278481012656
recall=0.6654929577464789
F1score=0.3798994974874372

threshold=1.4200000000000008
1(97) 1(101) 1(94) 1(86) 1(101) 
1(95) 1(98) 1(100) 1(98) 
1(94) 1(87) 1(101) 
1(100) 1(100) 
1(95) 

0.26666666666666666
precise=0.26584022038567495
recall=0.6701388888888888
F1score=0.3806706114398422

threshold=1.4400000000000008
1(97) 1(101) 1(94) 1(88) 1(101) 
1(97) 1(98) 1(100) 1(98) 
1(94) 1(88) 1(101) 
1(100) 1(100) 
1(96) 

0.26666666666666666
precise=0.2658569500674764
recall=0.6746575342465754
F1score=0.3814133591481123

threshold=1.4600000000000009
1(97) 1(101) 1(94) 1(88) 1(101) 
1(97) 1(98) 1(100) 1(99) 
1(94) 1(89) 1(101) 
1(101) 1(100) 
1(96) 

0.26666666666666666
precise=0.26587301587301587
recall=0.6790540540540541
F1score=0.3821292775665399

threshold=1.4800000000000009
1(97) 1(101) 1(94) 1(89) 1(101) 
1(97) 1(98) 1(100) 1(99) 
1(95) 1(90) 1(101) 
1(101) 1(100) 
1(96) 

0.26666666666666666
precise=0.26588845654993515
recall=0.6833333333333333
F1score=0.3828197945845005

threshold=1.5000000000000009
1(97) 1(101) 1(94) 1(90) 1(101) 
1(97) 1(98) 1(100) 1(99) 
1(95) 1(91) 1(101) 
1(101) 1(100) 
1(96) 

0.26666666666666666
precise=0.26590330788804073
recall=0.6875
F1score=0.3834862385321101

threshold=1.520000000000001
1(97) 1(101) 1(94) 1(90) 1(101) 
1(97) 1(99) 1(100) 1(100) 
1(95) 1(91) 1(101) 
1(101) 1(100) 
1(98) 

0.26666666666666666
precise=0.26591760299625467
recall=0.6915584415584416
F1score=0.3841298467087466

threshold=1.540000000000001
1(98) 1(101) 1(94) 1(90) 1(101) 
1(97) 1(99) 1(100) 1(101) 
1(95) 1(92) 1(101) 
1(101) 1(100) 
1(98) 

0.26666666666666666
precise=0.2659313725490196
recall=0.6955128205128205
F1score=0.38475177304964536

threshold=1.560000000000001
1(98) 1(101) 1(94) 1(90) 1(101) 
1(97) 1(99) 1(101) 1(101) 
1(95) 1(92) 1(101) 
1(101) 1(100) 
1(98) 

0.26666666666666666
precise=0.26594464500601683
recall=0.6993670886075949
F1score=0.3853530950305144

threshold=1.580000000000001
1(98) 1(101) 1(94) 1(91) 1(101) 
1(97) 1(99) 1(101) 1(101) 
1(95) 1(92) 1(101) 
1(101) 1(100) 
1(98) 

0.26666666666666666
precise=0.26595744680851063
recall=0.703125
F1score=0.38593481989708406

threshold=1.600000000000001
1(98) 1(101) 1(94) 1(91) 1(101) 
1(97) 1(99) 1(101) 1(101) 
1(95) 1(93) 1(101) 
1(101) 1(100) 
1(98) 

0.26666666666666666
precise=0.2659698025551684
recall=0.7067901234567902
F1score=0.38649789029535864

threshold=1.620000000000001
1(98) 1(101) 1(94) 1(91) 1(101) 
1(98) 1(99) 1(101) 1(101) 
1(95) 1(93) 1(101) 
1(101) 1(100) 
1(98) 

0.26666666666666666
precise=0.2659817351598174
recall=0.7103658536585366
F1score=0.38704318936877075

threshold=1.640000000000001
1(98) 1(101) 1(95) 1(91) 1(101) 
1(98) 1(99) 1(101) 1(101) 
1(95) 1(93) 1(101) 
1(101) 1(100) 
1(98) 

0.26666666666666666
precise=0.265993265993266
recall=0.713855421686747
F1score=0.3875715453802126

threshold=1.660000000000001
1(99) 1(101) 1(95) 1(93) 1(101) 
1(98) 1(99) 1(101) 1(101) 
1(95) 1(93) 1(101) 
1(101) 1(100) 
1(99) 

0.26666666666666666
precise=0.26600441501103755
recall=0.7172619047619048
F1score=0.38808373590982287

threshold=1.680000000000001
1(99) 1(101) 1(95) 1(95) 1(101) 
1(98) 1(99) 1(101) 1(101) 
1(95) 1(93) 1(101) 
1(101) 1(100) 
1(99) 

0.26666666666666666
precise=0.26601520086862107
recall=0.7205882352941176
F1score=0.3885804916732752

threshold=1.700000000000001
1(99) 1(101) 1(95) 1(95) 1(101) 
1(99) 1(99) 1(101) 1(101) 
1(95) 1(93) 1(101) 
1(101) 1(100) 
1(99) 

0.26666666666666666
precise=0.266025641025641
recall=0.7238372093023255
F1score=0.3890625

threshold=1.720000000000001
1(99) 1(101) 1(95) 1(96) 1(101) 
1(99) 1(99) 1(101) 1(101) 
1(95) 1(93) 1(101) 
1(101) 1(100) 
1(99) 

0.26666666666666666
precise=0.26603575184016826
recall=0.7270114942528736
F1score=0.38953040800615857

threshold=1.740000000000001
1(99) 1(101) 1(95) 1(96) 1(101) 
1(99) 1(99) 1(101) 1(101) 
1(95) 1(93) 1(101) 
1(101) 1(100) 
1(99) 

0.26666666666666666
precise=0.2660455486542443
recall=0.7301136363636364
F1score=0.3899848254931715

threshold=1.7600000000000011
1(99) 1(101) 1(95) 1(96) 1(101) 
1(99) 1(99) 1(101) 1(101) 
1(95) 1(94) 1(101) 
1(101) 1(100) 
1(99) 

0.26666666666666666
precise=0.26605504587155965
recall=0.7331460674157303
F1score=0.39042632759910245

threshold=1.7800000000000011
1(99) 1(101) 1(95) 1(96) 1(101) 
1(99) 1(99) 1(101) 1(101) 
1(95) 1(95) 1(101) 
1(101) 1(100) 
1(99) 

0.26666666666666666
precise=0.2660642570281124
recall=0.7361111111111112
F1score=0.39085545722713866

threshold=1.8000000000000012
1(99) 1(101) 1(95) 1(96) 1(101) 
1(99) 1(99) 1(101) 1(101) 
1(95) 1(95) 1(101) 
1(101) 1(100) 
1(99) 

0.26666666666666666
precise=0.26607319485657766
recall=0.739010989010989
F1score=0.39127272727272727

threshold=1.8200000000000012
1(99) 1(101) 1(95) 1(96) 1(101) 
1(99) 1(99) 1(101) 1(101) 
1(95) 1(95) 1(101) 
1(101) 1(100) 
1(99) 

0.26666666666666666
precise=0.26608187134502925
recall=0.7418478260869565
F1score=0.3916786226685796

threshold=1.8400000000000012
1(99) 1(101) 1(95) 1(96) 1(101) 
1(100) 1(99) 1(101) 1(101) 
1(95) 1(95) 1(101) 
1(101) 1(100) 
1(99) 

0.26666666666666666
precise=0.26609029779058596
recall=0.7446236559139785
F1score=0.3920736022646851

threshold=1.8600000000000012
1(99) 1(101) 1(95) 1(96) 1(101) 
1(100) 1(99) 1(101) 1(101) 
1(95) 1(96) 1(101) 
1(101) 1(100) 
1(99) 

0.26666666666666666
precise=0.26609848484848486
recall=0.7473404255319149
F1score=0.3924581005586592

threshold=1.8800000000000012
1(100) 1(101) 1(96) 1(96) 1(101) 
1(100) 1(99) 1(101) 1(101) 
1(95) 1(96) 1(101) 
1(101) 1(100) 
1(99) 

0.26666666666666666
precise=0.2661064425770308
recall=0.75
F1score=0.3928325292901447

threshold=1.9000000000000012
1(100) 1(101) 1(96) 1(96) 1(101) 
1(100) 1(99) 1(101) 1(101) 
1(95) 1(96) 1(101) 
1(101) 1(100) 
1(99) 

0.26666666666666666
precise=0.26611418047882135
recall=0.7526041666666666
F1score=0.39319727891156464

threshold=1.9200000000000013
1(100) 1(101) 1(96) 1(96) 1(101) 
1(100) 1(99) 1(101) 1(101) 
1(95) 1(96) 1(101) 
1(101) 1(100) 
1(99) 

0.26666666666666666
precise=0.26612170753860126
recall=0.7551546391752577
F1score=0.39355271994627267

threshold=1.9400000000000013
1(100) 1(101) 1(96) 1(96) 1(101) 
1(100) 1(100) 1(101) 1(101) 
1(95) 1(96) 1(101) 
1(101) 1(100) 
1(99) 

0.26666666666666666
precise=0.2661290322580645
recall=0.7576530612244898
F1score=0.39389920424403185

threshold=1.9600000000000013
1(100) 1(101) 1(96) 1(97) 1(101) 
1(100) 1(100) 1(101) 1(101) 
1(95) 1(96) 1(101) 
1(101) 1(100) 
1(100) 

0.26666666666666666
precise=0.2661361626878868
recall=0.76010101010101
F1score=0.3942370661427636

threshold=1.9800000000000013
1(100) 1(101) 1(96) 1(97) 1(101) 
1(100) 1(100) 1(101) 1(101) 
1(95) 1(96) 1(101) 
1(101) 1(100) 
1(100) 

0.26666666666666666
precise=0.2661431064572426
recall=0.7625
F1score=0.3945666235446313

threshold=2.0000000000000013
1(100) 1(101) 1(96) 1(97) 1(101) 
1(100) 1(100) 1(101) 1(101) 
1(95) 1(96) 1(101) 
1(101) 1(100) 
1(100) 

0.26666666666666666
precise=0.2661498708010336
recall=0.7648514851485149
F1score=0.394888178913738

threshold=2.0200000000000014
1(100) 1(101) 1(96) 1(97) 1(101) 
1(100) 1(100) 1(101) 1(101) 
1(95) 1(97) 1(101) 
1(101) 1(100) 
1(100) 

0.26666666666666666
precise=0.266156462585034
recall=0.7671568627450981
F1score=0.3952020202020202

threshold=2.0400000000000014
1(100) 1(101) 1(96) 1(97) 1(101) 
1(100) 1(100) 1(101) 1(101) 
1(95) 1(97) 1(101) 
1(101) 1(100) 
1(100) 

0.26666666666666666
precise=0.2661628883291352
recall=0.7694174757281553
F1score=0.39550842170929507

threshold=2.0600000000000014
1(100) 1(101) 1(96) 1(97) 1(101) 
1(100) 1(100) 1(101) 1(101) 
1(95) 1(97) 1(101) 
1(101) 1(100) 
1(100) 

0.26666666666666666
precise=0.26616915422885573
recall=0.7716346153846154
F1score=0.3958076448828607

threshold=2.0800000000000014
1(100) 1(101) 1(96) 1(97) 1(101) 
1(100) 1(100) 1(101) 1(101) 
1(95) 1(97) 1(101) 
1(101) 1(100) 
1(100) 

0.26666666666666666
precise=0.26617526617526616
recall=0.7738095238095238
F1score=0.39609993906154783

threshold=2.1000000000000014
1(100) 1(101) 1(96) 1(97) 1(101) 
1(100) 1(100) 1(101) 1(101) 
1(97) 1(97) 1(101) 
1(101) 1(100) 
1(100) 

0.26666666666666666
precise=0.26618122977346276
recall=0.7759433962264151
F1score=0.3963855421686747

threshold=2.1200000000000014
1(100) 1(101) 1(96) 1(97) 1(101) 
1(100) 1(100) 1(101) 1(101) 
1(97) 1(97) 1(101) 
1(101) 1(100) 
1(100) 

0.26666666666666666
precise=0.26618705035971224
recall=0.7780373831775701
F1score=0.3966646813579512

threshold=2.1400000000000015
1(100) 1(101) 1(96) 1(97) 1(101) 
1(100) 1(100) 1(101) 1(101) 
1(97) 1(97) 1(101) 
1(101) 1(100) 
1(100) 

0.26666666666666666
precise=0.26619273301737756
recall=0.7800925925925926
F1score=0.39693757361601884

threshold=2.1600000000000015
1(100) 1(101) 1(96) 1(97) 1(101) 
1(100) 1(100) 1(101) 1(101) 
1(97) 1(97) 1(101) 
1(101) 1(100) 
1(100) 

0.26666666666666666
precise=0.26619828259172523
recall=0.7821100917431193
F1score=0.3972044263249854

threshold=2.1800000000000015
1(100) 1(101) 1(96) 1(97) 1(101) 
1(100) 1(100) 1(101) 1(101) 
1(97) 1(97) 1(101) 
1(101) 1(100) 
1(100) 

0.26666666666666666
precise=0.2662037037037037
recall=0.7840909090909091
F1score=0.39746543778801846

threshold=2.2000000000000015
1(100) 1(101) 1(96) 1(97) 1(101) 
1(100) 1(100) 1(101) 1(101) 
1(97) 1(97) 1(101) 
1(101) 1(100) 
1(100) 

0.26666666666666666
precise=0.2662090007627765
recall=0.786036036036036
F1score=0.3977207977207977

threshold=2.2200000000000015
1(100) 1(101) 1(96) 1(97) 1(101) 
1(100) 1(100) 1(101) 1(101) 
1(97) 1(97) 1(101) 
1(101) 1(100) 
1(100) 

0.26666666666666666
precise=0.26621417797888386
recall=0.7879464285714286
F1score=0.3979706877113867

threshold=2.2400000000000015
1(100) 1(101) 1(96) 1(98) 1(101) 
1(100) 1(100) 1(101) 1(101) 
1(97) 1(97) 1(101) 
1(101) 1(100) 
1(100) 

0.26666666666666666
precise=0.2662192393736018
recall=0.7898230088495575
F1score=0.39821528165086445

threshold=2.2600000000000016
1(100) 1(101) 1(96) 1(98) 1(101) 
1(100) 1(100) 1(101) 1(101) 
1(97) 1(97) 1(101) 
1(101) 1(100) 
1(100) 

0.26666666666666666
precise=0.2662241887905605
recall=0.7916666666666666
F1score=0.3984547461368653

threshold=2.2800000000000016
1(100) 1(101) 1(96) 1(98) 1(101) 
1(100) 1(100) 1(101) 1(101) 
1(97) 1(97) 1(101) 
1(101) 1(100) 
1(100) 

0.26666666666666666
precise=0.2662290299051787
recall=0.7934782608695652
F1score=0.3986892408519934

threshold=2.3000000000000016
1(100) 1(101) 1(97) 1(98) 1(101) 
1(100) 1(100) 1(101) 1(101) 
1(97) 1(99) 1(101) 
1(101) 1(100) 
1(100) 

0.26666666666666666
precise=0.2662337662337662
recall=0.7952586206896551
F1score=0.3989189189189189

threshold=2.3200000000000016
1(100) 1(101) 1(97) 1(99) 1(101) 
1(100) 1(100) 1(101) 1(101) 
1(97) 1(99) 1(101) 
1(101) 1(100) 
1(100) 

0.26666666666666666
precise=0.2662384011420414
recall=0.7970085470085471
F1score=0.39914392723381487

threshold=2.3400000000000016
1(100) 1(101) 1(97) 1(99) 1(101) 
1(100) 1(100) 1(101) 1(101) 
1(98) 1(99) 1(101) 
1(101) 1(100) 
1(100) 

0.26666666666666666
precise=0.2662429378531073
recall=0.798728813559322
F1score=0.399364406779661

threshold=2.3600000000000017
1(100) 1(101) 1(97) 1(100) 1(101) 
1(100) 1(100) 1(101) 1(101) 
1(98) 1(99) 1(101) 
1(101) 1(100) 
1(100) 

0.26666666666666666
precise=0.2662473794549266
recall=0.8004201680672269
F1score=0.39958049292081804

threshold=2.3800000000000017
1(100) 1(101) 1(97) 1(100) 1(101) 
1(100) 1(100) 1(101) 1(101) 
1(98) 1(99) 1(101) 
1(101) 1(100) 
1(100) 

0.26666666666666666
precise=0.26625172890733056
recall=0.8020833333333334
F1score=0.39979231568016615

threshold=2.4000000000000017
1(100) 1(101) 1(97) 1(100) 1(101) 
1(100) 1(100) 1(101) 1(101) 
1(98) 1(99) 1(101) 
1(101) 1(100) 
1(100) 

0.26666666666666666
precise=0.2662559890485969
recall=0.8037190082644629
F1score=0.4

threshold=2.4200000000000017
1(100) 1(101) 1(97) 1(100) 1(101) 
1(100) 1(100) 1(101) 1(101) 
1(98) 1(99) 1(101) 
1(101) 1(100) 
1(100) 

0.26666666666666666
precise=0.266260162601626
recall=0.805327868852459
F1score=0.40020366598778007

threshold=2.4400000000000017
1(100) 1(101) 1(97) 1(100) 1(101) 
1(100) 1(100) 1(101) 1(101) 
1(98) 1(99) 1(101) 
1(101) 1(101) 
1(100) 

0.26666666666666666
precise=0.26626425217974514
recall=0.806910569105691
F1score=0.40040342914775595

threshold=2.4600000000000017
1(100) 1(101) 1(97) 1(100) 1(101) 
1(100) 1(100) 1(101) 1(101) 
1(98) 1(99) 1(101) 
1(101) 1(101) 
1(100) 

0.26666666666666666
precise=0.26626826029216466
recall=0.8084677419354839
F1score=0.4005994005994006

threshold=2.4800000000000018
1(100) 1(101) 1(97) 1(100) 1(101) 
1(100) 1(100) 1(101) 1(101) 
1(98) 1(99) 1(101) 
1(101) 1(101) 
1(100) 

0.26666666666666666
precise=0.26627218934911245
recall=0.81
F1score=0.400791687283523

threshold=2.5000000000000018
1(100) 1(101) 1(97) 1(100) 1(101) 
1(100) 1(100) 1(101) 1(101) 
1(98) 1(100) 1(101) 
1(101) 1(101) 
1(100) 

0.26666666666666666
precise=0.2662760416666667
recall=0.8115079365079365
F1score=0.40098039215686276

threshold=2.520000000000002
1(100) 1(101) 1(97) 1(100) 1(101) 
1(100) 1(100) 1(101) 1(101) 
1(98) 1(100) 1(101) 
1(101) 1(101) 
1(100) 

0.26666666666666666
precise=0.26627981947130885
recall=0.812992125984252
F1score=0.40116561437591064

threshold=2.540000000000002
1(100) 1(101) 1(97) 1(100) 1(101) 
1(100) 1(100) 1(101) 1(101) 
1(98) 1(100) 1(101) 
1(101) 1(101) 
1(100) 

0.26666666666666666
precise=0.2662835249042146
recall=0.814453125
F1score=0.4013474494706448

threshold=2.560000000000002
1(100) 1(101) 1(97) 1(100) 1(101) 
1(100) 1(100) 1(101) 1(101) 
1(98) 1(100) 1(101) 
1(101) 1(101) 
1(100) 

0.26666666666666666
precise=0.26628716002530045
recall=0.8158914728682171
F1score=0.4015259895088221

threshold=2.580000000000002
1(100) 1(101) 1(97) 1(100) 1(101) 
1(100) 1(100) 1(101) 1(101) 
1(98) 1(100) 1(101) 
1(101) 1(101) 
1(101) 

0.26666666666666666
precise=0.26629072681704263
recall=0.8173076923076923
F1score=0.4017013232514178

threshold=2.600000000000002
1(100) 1(101) 1(97) 1(100) 1(101) 
1(100) 1(100) 1(101) 1(101) 
1(98) 1(100) 1(101) 
1(101) 1(101) 
1(101) 

0.26666666666666666
precise=0.26629422718808193
recall=0.8187022900763359
F1score=0.4018735362997658

threshold=2.620000000000002
1(100) 1(101) 1(97) 1(100) 1(101) 
1(100) 1(101) 1(101) 1(101) 
1(98) 1(100) 1(101) 
1(101) 1(101) 
1(101) 

0.26666666666666666
precise=0.26629766297662977
recall=0.8200757575757576
F1score=0.4020427112349118

threshold=2.640000000000002
1(100) 1(101) 1(97) 1(100) 1(101) 
1(100) 1(101) 1(101) 1(101) 
1(98) 1(100) 1(101) 
1(101) 1(101) 
1(101) 

0.26666666666666666
precise=0.26630103595368676
recall=0.8214285714285714
F1score=0.40220892774965483

threshold=2.660000000000002
1(100) 1(101) 1(97) 1(100) 1(101) 
1(100) 1(101) 1(101) 1(101) 
1(98) 1(100) 1(101) 
1(101) 1(101) 
1(101) 

0.26666666666666666
precise=0.266304347826087
recall=0.8227611940298507
F1score=0.4023722627737226

threshold=2.680000000000002
1(100) 1(101) 1(97) 1(100) 1(101) 
1(100) 1(101) 1(101) 1(101) 
1(98) 1(100) 1(101) 
1(101) 1(101) 
1(101) 

0.26666666666666666
precise=0.2663076002393776
recall=0.8240740740740741
F1score=0.4025327905924921

threshold=2.700000000000002
1(100) 1(101) 1(98) 1(100) 1(101) 
1(100) 1(101) 1(101) 1(101) 
1(98) 1(100) 1(101) 
1(101) 1(101) 
1(101) 

0.26666666666666666
precise=0.26631079478054565
recall=0.8253676470588235
F1score=0.4026905829596413

threshold=2.720000000000002
1(100) 1(101) 1(98) 1(100) 1(101) 
1(100) 1(101) 1(101) 1(101) 
1(98) 1(100) 1(101) 
1(101) 1(101) 
1(101) 

0.26666666666666666
precise=0.26631393298059963
recall=0.8266423357664233
F1score=0.4028457092040907

threshold=2.740000000000002
1(100) 1(101) 1(98) 1(101) 1(101) 
1(100) 1(101) 1(101) 1(101) 
1(98) 1(100) 1(101) 
1(101) 1(101) 
1(101) 

0.26666666666666666
precise=0.2663170163170163
recall=0.8278985507246377
F1score=0.40299823633156967

threshold=2.760000000000002
1(100) 1(101) 1(98) 1(101) 1(101) 
1(100) 1(101) 1(101) 1(101) 
1(98) 1(100) 1(101) 
1(101) 1(101) 
1(101) 

0.26666666666666666
precise=0.2663200462160601
recall=0.829136690647482
F1score=0.40314822912111936

threshold=2.780000000000002
1(100) 1(101) 1(98) 1(101) 1(101) 
1(100) 1(101) 1(101) 1(101) 
1(98) 1(100) 1(101) 
1(101) 1(101) 
1(101) 

0.26666666666666666
precise=0.2663230240549828
recall=0.8303571428571429
F1score=0.4032957502168257

threshold=2.800000000000002
1(100) 1(101) 1(98) 1(101) 1(101) 
1(100) 1(101) 1(101) 1(101) 
1(98) 1(100) 1(101) 
1(101) 1(101) 
1(101) 

0.26666666666666666
precise=0.2663259511641113
recall=0.8315602836879432
F1score=0.40344086021505376

threshold=2.820000000000002
1(100) 1(101) 1(98) 1(101) 1(101) 
1(100) 1(101) 1(101) 1(101) 
1(98) 1(100) 1(101) 
1(101) 1(101) 
1(101) 

0.26666666666666666
precise=0.26632882882882886
recall=0.8327464788732394
F1score=0.4035836177474403

threshold=2.840000000000002
1(100) 1(101) 1(98) 1(101) 1(101) 
1(100) 1(101) 1(101) 1(101) 
1(98) 1(100) 1(101) 
1(101) 1(101) 
1(101) 

0.26666666666666666
precise=0.2663316582914573
recall=0.833916083916084
F1score=0.4037240795598815

threshold=2.860000000000002
1(100) 1(101) 1(98) 1(101) 1(101) 
1(100) 1(101) 1(101) 1(101) 
1(98) 1(100) 1(101) 
1(101) 1(101) 
1(101) 

0.26666666666666666
precise=0.2663344407530454
recall=0.8350694444444444
F1score=0.4038623005877414

threshold=2.880000000000002
1(100) 1(101) 1(98) 1(101) 1(101) 
1(100) 1(101) 1(101) 1(101) 
1(98) 1(100) 1(101) 
1(101) 1(101) 
1(101) 

0.26666666666666666
precise=0.2663371773750686
recall=0.8362068965517241
F1score=0.4039983340274885

threshold=2.900000000000002
1(100) 1(101) 1(98) 1(101) 1(101) 
1(100) 1(101) 1(101) 1(101) 
1(98) 1(100) 1(101) 
1(101) 1(101) 
1(101) 

0.26666666666666666
precise=0.26633986928104575
recall=0.8373287671232876
F1score=0.4041322314049587

threshold=2.920000000000002
1(100) 1(101) 1(98) 1(101) 1(101) 
1(100) 1(101) 1(101) 1(101) 
1(98) 1(100) 1(101) 
1(101) 1(101) 
1(101) 

0.26666666666666666
precise=0.2663425175580767
recall=0.8384353741496599
F1score=0.4042640426404264

threshold=2.940000000000002
1(100) 1(101) 1(98) 1(101) 1(101) 
1(100) 1(101) 1(101) 1(101) 
1(98) 1(100) 1(101) 
1(101) 1(101) 
1(101) 

0.26666666666666666
precise=0.26634512325830656
recall=0.839527027027027
F1score=0.40439381611065905

threshold=2.960000000000002
1(100) 1(101) 1(98) 1(101) 1(101) 
1(100) 1(101) 1(101) 1(101) 
1(98) 1(100) 1(101) 
1(101) 1(101) 
1(101) 

0.26666666666666666
precise=0.266347687400319
recall=0.8406040268456376
F1score=0.40452159870811466

threshold=2.980000000000002
1(100) 1(101) 1(98) 1(101) 1(101) 
1(100) 1(101) 1(101) 1(101) 
1(98) 1(101) 1(101) 
1(101) 1(101) 
1(101) 

0.26666666666666666
precise=0.26635021097046413
recall=0.8416666666666667
F1score=0.4046474358974359

threshold=3.000000000000002
1(100) 1(101) 1(98) 1(101) 1(101) 
1(100) 1(101) 1(101) 1(101) 
1(98) 1(101) 1(101) 
1(101) 1(101) 
1(101) 

0.26666666666666666
precise=0.2663526949241235
recall=0.8427152317880795
F1score=0.4047713717693837

threshold=3.0200000000000022
1(100) 1(101) 1(98) 1(101) 1(101) 
1(100) 1(101) 1(101) 1(101) 
1(98) 1(101) 1(101) 
1(101) 1(101) 
1(101) 

0.26666666666666666
precise=0.26635514018691586
recall=0.84375
F1score=0.4048934490923441

threshold=3.0400000000000023
1(100) 1(101) 1(98) 1(101) 1(101) 
1(100) 1(101) 1(101) 1(101) 
1(98) 1(101) 1(101) 
1(101) 1(101) 
1(101) 

0.26666666666666666
precise=0.2663575476558475
recall=0.8447712418300654
F1score=0.40501370936153547

threshold=3.0600000000000023
1(100) 1(101) 1(98) 1(101) 1(101) 
1(100) 1(101) 1(101) 1(101) 
1(98) 1(101) 1(101) 
1(101) 1(101) 
1(101) 

0.26666666666666666
precise=0.266359918200409
recall=0.8457792207792207
F1score=0.4051321928460342

threshold=3.0800000000000023
1(100) 1(101) 1(98) 1(101) 1(101) 
1(100) 1(101) 1(101) 1(101) 
1(98) 1(101) 1(101) 
1(101) 1(101) 
1(101) 

0.26666666666666666
precise=0.2663622526636225
recall=0.8467741935483871
F1score=0.4052489386337321

threshold=3.1000000000000023
1(100) 1(101) 1(98) 1(101) 1(101) 
1(100) 1(101) 1(101) 1(101) 
1(98) 1(101) 1(101) 
1(101) 1(101) 
1(101) 

0.26666666666666666
precise=0.2663645518630413
recall=0.8477564102564102
F1score=0.4053639846743295

threshold=3.1200000000000023
1(100) 1(101) 1(98) 1(101) 1(101) 
1(100) 1(101) 1(101) 1(101) 
1(98) 1(101) 1(101) 
1(101) 1(101) 
1(101) 

0.26666666666666666
precise=0.26636681659170414
recall=0.8487261146496815
F1score=0.40547736782046406

threshold=3.1400000000000023
1(100) 1(101) 1(98) 1(101) 1(101) 
1(100) 1(101) 1(101) 1(101) 
1(98) 1(101) 1(101) 
1(101) 1(101) 
1(101) 

0.26666666666666666
precise=0.2663690476190476
recall=0.8496835443037974
F1score=0.40558912386706947

threshold=3.1600000000000024
1(100) 1(101) 1(98) 1(101) 1(101) 
1(100) 1(101) 1(101) 1(101) 
1(98) 1(101) 1(101) 
1(101) 1(101) 
1(101) 

0.26666666666666666
precise=0.26637124569177745
recall=0.85062893081761
F1score=0.4056992875890514

threshold=3.1800000000000024
1(100) 1(101) 1(99) 1(101) 1(101) 
1(100) 1(101) 1(101) 1(101) 
1(99) 1(101) 1(101) 
1(101) 1(101) 
1(101) 

0.26666666666666666
precise=0.26637341153470184
recall=0.8515625
F1score=0.4058078927773641

threshold=3.2000000000000024
1(100) 1(101) 1(99) 1(101) 1(101) 
1(100) 1(101) 1(101) 1(101) 
1(99) 1(101) 1(101) 
1(101) 1(101) 
1(101) 

0.26666666666666666
precise=0.2663755458515284
recall=0.8524844720496895
F1score=0.4059149722735675

threshold=3.2200000000000024
1(100) 1(101) 1(99) 1(101) 1(101) 
1(100) 1(101) 1(101) 1(101) 
1(99) 1(101) 1(101) 
1(101) 1(101) 
1(101) 

0.26666666666666666
precise=0.2663776493256262
recall=0.8533950617283951
F1score=0.40602055800293685

threshold=3.2400000000000024
1(100) 1(101) 1(99) 1(101) 1(101) 
1(100) 1(101) 1(101) 1(101) 
1(99) 1(101) 1(101) 
1(101) 1(101) 
1(101) 

0.26666666666666666
precise=0.2663797226207556
recall=0.8542944785276073
F1score=0.4061246810061976

threshold=3.2600000000000025
1(101) 1(101) 1(99) 1(101) 1(101) 
1(101) 1(101) 1(101) 1(101) 
1(99) 1(101) 1(101) 
1(101) 1(101) 
1(101) 

0.26666666666666666
precise=0.26638176638176636
recall=0.8551829268292683
F1score=0.4062273714699493

threshold=3.2800000000000025
1(101) 1(101) 1(99) 1(101) 1(101) 
1(101) 1(101) 1(101) 1(101) 
1(99) 1(101) 1(101) 
1(101) 1(101) 
1(101) 

0.26666666666666666
precise=0.2663837812352664
recall=0.8560606060606061
F1score=0.40632865875584323

threshold=3.3000000000000025
1(101) 1(101) 1(99) 1(101) 1(101) 
1(101) 1(101) 1(101) 1(101) 
1(99) 1(101) 1(101) 
1(101) 1(101) 
1(101) 

0.26666666666666666
precise=0.2663857677902622
recall=0.8569277108433735
F1score=0.4064285714285714

threshold=3.3200000000000025
1(101) 1(101) 1(99) 1(101) 1(101) 
1(101) 1(101) 1(101) 1(101) 
1(99) 1(101) 1(101) 
1(101) 1(101) 
1(101) 

0.26666666666666666
precise=0.26638772663877264
recall=0.8577844311377245
F1score=0.4065271372827244

threshold=3.3400000000000025
1(101) 1(101) 1(99) 1(101) 1(101) 
1(101) 1(101) 1(101) 1(101) 
1(99) 1(101) 1(101) 
1(101) 1(101) 
1(101) 

0.26666666666666666
precise=0.26638965835641737
recall=0.8586309523809523
F1score=0.40662438336856943

threshold=3.3600000000000025
1(101) 1(101) 1(99) 1(101) 1(101) 
1(101) 1(101) 1(101) 1(101) 
1(99) 1(101) 1(101) 
1(101) 1(101) 
1(101) 

0.26666666666666666
precise=0.26639156350298027
recall=0.8594674556213018
F1score=0.40672033601680085

threshold=3.3800000000000026
1(101) 1(101) 1(99) 1(101) 1(101) 
1(101) 1(101) 1(101) 1(101) 
1(99) 1(101) 1(101) 
1(101) 1(101) 
1(101) 

0.26666666666666666
precise=0.26639344262295084
recall=0.8602941176470589
F1score=0.40681502086230875

threshold=3.4000000000000026
1(101) 1(101) 1(99) 1(101) 1(101) 
1(101) 1(101) 1(101) 1(101) 
1(99) 1(101) 1(101) 
1(101) 1(101) 
1(101) 

0.26666666666666666
precise=0.2663952962460425
recall=0.8611111111111112
F1score=0.4069084628670121

threshold=3.4200000000000026
1(101) 1(101) 1(99) 1(101) 1(101) 
1(101) 1(101) 1(101) 1(101) 
1(99) 1(101) 1(101) 
1(101) 1(101) 
1(101) 

0.26666666666666666
precise=0.2663971248876909
recall=0.8619186046511628
F1score=0.4070006863417982

threshold=3.4400000000000026
1(101) 1(101) 1(99) 1(101) 1(101) 
1(101) 1(101) 1(101) 1(101) 
1(99) 1(101) 1(101) 
1(101) 1(101) 
1(101) 

0.26666666666666666
precise=0.26639892904953144
recall=0.8627167630057804
F1score=0.40709171496760993

threshold=3.4600000000000026
1(101) 1(101) 1(99) 1(101) 1(101) 
1(101) 1(101) 1(101) 1(101) 
1(99) 1(101) 1(101) 
1(101) 1(101) 
1(101) 

0.26666666666666666
precise=0.26640070921985815
recall=0.8635057471264368
F1score=0.4071815718157182

threshold=3.4800000000000026
1(101) 1(101) 1(99) 1(101) 1(101) 
1(101) 1(101) 1(101) 1(101) 
1(99) 1(101) 1(101) 
1(101) 1(101) 
1(101) 

0.26666666666666666
precise=0.2664024658740643
recall=0.8642857142857143
F1score=0.40727027936721644

threshold=3.5000000000000027
1(101) 1(101) 1(99) 1(101) 1(101) 
1(101) 1(101) 1(101) 1(101) 
1(99) 1(101) 1(101) 
1(101) 1(101) 
1(101) 

0.26666666666666666
precise=0.2664041994750656
recall=0.8650568181818182
F1score=0.40735785953177256

threshold=3.5200000000000027
1(101) 1(101) 1(99) 1(101) 1(101) 
1(101) 1(101) 1(101) 1(101) 
1(99) 1(101) 1(101) 
1(101) 1(101) 
1(101) 

0.26666666666666666
precise=0.2664059104737071
recall=0.865819209039548
F1score=0.4074443336656697

threshold=3.5400000000000027
1(101) 1(101) 1(99) 1(101) 1(101) 
1(101) 1(101) 1(101) 1(101) 
1(99) 1(101) 1(101) 
1(101) 1(101) 
1(101) 

0.26666666666666666
precise=0.2664075993091537
recall=0.8665730337078652
F1score=0.40752972258916775

threshold=3.5600000000000027
1(101) 1(101) 1(100) 1(101) 1(101) 
1(101) 1(101) 1(101) 1(101) 
1(99) 1(101) 1(101) 
1(101) 1(101) 
1(101) 

0.26666666666666666
precise=0.26640926640926643
recall=0.86731843575419
F1score=0.40761404660321626

threshold=3.5800000000000027
1(101) 1(101) 1(100) 1(101) 1(101) 
1(101) 1(101) 1(101) 1(101) 
1(99) 1(101) 1(101) 
1(101) 1(101) 
1(101) 

0.26666666666666666
precise=0.26641091219096336
recall=0.8680555555555556
F1score=0.40769732550554466

threshold=3.6000000000000028
1(101) 1(101) 1(100) 1(101) 1(101) 
1(101) 1(101) 1(101) 1(101) 
1(99) 1(101) 1(101) 
1(101) 1(101) 
1(101) 

0.26666666666666666
precise=0.26641253706056756
recall=0.8687845303867403
F1score=0.4077795786061588

threshold=3.6200000000000028
1(101) 1(101) 1(100) 1(101) 1(101) 
1(101) 1(101) 1(101) 1(101) 
1(99) 1(101) 1(101) 
1(101) 1(101) 
1(101) 

0.26666666666666666
precise=0.26641414141414144
recall=0.8695054945054945
F1score=0.40786082474226804

threshold=3.640000000000003
1(101) 1(101) 1(100) 1(101) 1(101) 
1(101) 1(101) 1(101) 1(101) 
1(99) 1(101) 1(101) 
1(101) 1(101) 
1(101) 

0.26666666666666666
precise=0.26641572563780846
recall=0.8702185792349727
F1score=0.4079410822926673

threshold=3.660000000000003
1(101) 1(101) 1(100) 1(101) 1(101) 
1(101) 1(101) 1(101) 1(101) 
1(99) 1(101) 1(101) 
1(101) 1(101) 
1(101) 

0.26666666666666666
precise=0.2664172901080632
recall=0.8709239130434783
F1score=0.40802036919159773

threshold=3.680000000000003
1(101) 1(101) 1(100) 1(101) 1(101) 
1(101) 1(101) 1(101) 1(101) 
1(99) 1(101) 1(101) 
1(101) 1(101) 
1(101) 

0.26666666666666666
precise=0.2664188351920694
recall=0.8716216216216216
F1score=0.40809870294210693

threshold=3.700000000000003
1(101) 1(101) 1(100) 1(101) 1(101) 
1(101) 1(101) 1(101) 1(101) 
1(99) 1(101) 1(101) 
1(101) 1(101) 
1(101) 

0.26666666666666666
precise=0.26642036124794743
recall=0.8723118279569892
F1score=0.40817610062893084

threshold=3.720000000000003
1(101) 1(101) 1(100) 1(101) 1(101) 
1(101) 1(101) 1(101) 1(101) 
1(99) 1(101) 1(101) 
1(101) 1(101) 
1(101) 

0.26666666666666666
precise=0.266421868625051
recall=0.8729946524064172
F1score=0.40825257893091593

threshold=3.740000000000003
1(101) 1(101) 1(100) 1(101) 1(101) 
1(101) 1(101) 1(101) 1(101) 
1(99) 1(101) 1(101) 
1(101) 1(101) 
1(101) 

0.26666666666666666
precise=0.2664233576642336
recall=0.8736702127659575
F1score=0.4083281541330019

threshold=3.760000000000003
1(101) 1(101) 1(100) 1(101) 1(101) 
1(101) 1(101) 1(101) 1(101) 
1(99) 1(101) 1(101) 
1(101) 1(101) 
1(101) 

0.26666666666666666
precise=0.2664248286981056
recall=0.8743386243386243
F1score=0.4084028421377819

threshold=3.780000000000003
1(101) 1(101) 1(100) 1(101) 1(101) 
1(101) 1(101) 1(101) 1(101) 
1(99) 1(101) 1(101) 
1(101) 1(101) 
1(101) 

0.26666666666666666
precise=0.26642628205128205
recall=0.875
F1score=0.4084766584766585

threshold=3.800000000000003
1(101) 1(101) 1(100) 1(101) 1(101) 
1(101) 1(101) 1(101) 1(101) 
1(99) 1(101) 1(101) 
1(101) 1(101) 
1(101) 

0.26666666666666666
precise=0.26642771804062126
recall=0.8756544502617801
F1score=0.4085496183206107

threshold=3.820000000000003
1(101) 1(101) 1(100) 1(101) 1(101) 
1(101) 1(101) 1(101) 1(101) 
1(99) 1(101) 1(101) 
1(101) 1(101) 
1(101) 

0.26666666666666666
precise=0.2664291369754553
recall=0.8763020833333334
F1score=0.40862173649058897

threshold=3.840000000000003
1(101) 1(101) 1(100) 1(101) 1(101) 
1(101) 1(101) 1(101) 1(101) 
1(99) 1(101) 1(101) 
1(101) 1(101) 
1(101) 

0.26666666666666666
precise=0.2664305391578119
recall=0.8769430051813472
F1score=0.4086930274675521

threshold=3.860000000000003
1(101) 1(101) 1(100) 1(101) 1(101) 
1(101) 1(101) 1(101) 1(101) 
1(100) 1(101) 1(101) 
1(101) 1(101) 
1(101) 

0.26666666666666666
precise=0.2664319248826291
recall=0.8775773195876289
F1score=0.4087635054021609

threshold=3.880000000000003
1(101) 1(101) 1(100) 1(101) 1(101) 
1(101) 1(101) 1(101) 1(101) 
1(100) 1(101) 1(101) 
1(101) 1(101) 
1(101) 

0.26666666666666666
precise=0.2664332944379619
recall=0.8782051282051282
F1score=0.40883318412414205

threshold=3.900000000000003
1(101) 1(101) 1(100) 1(101) 1(101) 
1(101) 1(101) 1(101) 1(101) 
1(100) 1(101) 1(101) 
1(101) 1(101) 
1(101) 

0.26666666666666666
precise=0.26643464810518175
recall=0.8788265306122449
F1score=0.4089020771513353

threshold=3.920000000000003
1(101) 1(101) 1(100) 1(101) 1(101) 
1(101) 1(101) 1(101) 1(101) 
1(100) 1(101) 1(101) 
1(101) 1(101) 
1(101) 

0.26666666666666666
precise=0.2664359861591695
recall=0.8794416243654822
F1score=0.4089701976984361

threshold=3.940000000000003
1(101) 1(101) 1(100) 1(101) 1(101) 
1(101) 1(101) 1(101) 1(101) 
1(100) 1(101) 1(101) 
1(101) 1(101) 
1(101) 

0.26666666666666666
precise=0.26643730886850153
recall=0.8800505050505051
F1score=0.409037558685446

threshold=3.960000000000003
1(101) 1(101) 1(100) 1(101) 1(101) 
1(101) 1(101) 1(101) 1(101) 
1(100) 1(101) 1(101) 
1(101) 1(101) 
1(101) 

0.26666666666666666
precise=0.26643861649562905
recall=0.8806532663316583
F1score=0.4091041727458418

threshold=3.980000000000003
1(101) 1(101) 1(100) 1(101) 1(101) 
1(101) 1(101) 1(101) 1(101) 
1(100) 1(101) 1(101) 
1(101) 1(101) 
1(101) 

0.26666666666666666
precise=0.26643990929705214
recall=0.88125
F1score=0.4091700522344748

threshold=4.000000000000003
1(101) 1(101) 1(100) 1(101) 1(101) 
1(101) 1(101) 1(101) 1(101) 
1(100) 1(101) 1(101) 
1(101) 1(101) 
1(101) 

0.26666666666666666
precise=0.2664411875234874
recall=0.8818407960199005
F1score=0.40923520923520923

threshold=4.020000000000002
1(101) 1(101) 1(100) 1(101) 1(101) 
1(101) 1(101) 1(101) 1(101) 
1(100) 1(101) 1(101) 
1(101) 1(101) 
1(101) 

0.26666666666666666
precise=0.26644245142002987
recall=0.8824257425742574
F1score=0.40929965556831227

threshold=4.040000000000002
1(101) 1(101) 1(100) 1(101) 1(101) 
1(101) 1(101) 1(101) 1(101) 
1(100) 1(101) 1(101) 
1(101) 1(101) 
1(101) 

0.26666666666666666
precise=0.26644370122630995
recall=0.8830049261083743
F1score=0.4093634027976021

threshold=4.060000000000001
1(101) 1(101) 1(100) 1(101) 1(101) 
1(101) 1(101) 1(101) 1(101) 
1(100) 1(101) 1(101) 
1(101) 1(101) 
1(101) 

0.26666666666666666
precise=0.26644493717664447
recall=0.883578431372549
F1score=0.4094264622373651

threshold=4.080000000000001
1(101) 1(101) 1(100) 1(101) 1(101) 
1(101) 1(101) 1(101) 1(101) 
1(100) 1(101) 1(101) 
1(101) 1(101) 
1(101) 

0.26666666666666666
precise=0.26644615950018374
recall=0.8841463414634146
F1score=0.40948884495905113

threshold=4.1000000000000005
1(101) 1(101) 1(100) 1(101) 1(101) 
1(101) 1(101) 1(101) 1(101) 
1(100) 1(101) 1(101) 
1(101) 1(101) 
1(101) 

0.26666666666666666
precise=0.26644736842105265
recall=0.8847087378640777
F1score=0.4095505617977528

threshold=4.12
1(101) 1(101) 1(100) 1(101) 1(101) 
1(101) 1(101) 1(101) 1(101) 
1(100) 1(101) 1(101) 
1(101) 1(101) 
1(101) 

0.26666666666666666
precise=0.26644856415848783
recall=0.8852657004830918
F1score=0.40961162335848

threshold=4.14
1(101) 1(101) 1(100) 1(101) 1(101) 
1(101) 1(101) 1(101) 1(101) 
1(100) 1(101) 1(101) 
1(101) 1(101) 
1(101) 

0.26666666666666666
precise=0.2664497469269704
recall=0.8858173076923077
F1score=0.40967204002223456

threshold=4.159999999999999
1(101) 1(101) 1(100) 1(101) 1(101) 
1(101) 1(101) 1(101) 1(101) 
1(100) 1(101) 1(101) 
1(101) 1(101) 
1(101) 

0.26666666666666666
precise=0.2664509169363538
recall=0.8863636363636364
F1score=0.40973182195189384

threshold=4.179999999999999
1(101) 1(101) 1(100) 1(101) 1(101) 
1(101) 1(101) 1(101) 1(101) 
1(100) 1(101) 1(101) 
1(101) 1(101) 
1(101) 

0.26666666666666666
precise=0.26645207439198854
recall=0.8869047619047619
F1score=0.4097909790979098

threshold=4.199999999999998
1(101) 1(101) 1(100) 1(101) 1(101) 
1(101) 1(101) 1(101) 1(101) 
1(100) 1(101) 1(101) 
1(101) 1(101) 
1(101) 

0.26666666666666666
precise=0.2664532194948417
recall=0.8874407582938388
F1score=0.4098495212038304

threshold=4.219999999999998
1(101) 1(101) 1(100) 1(101) 1(101) 
1(101) 1(101) 1(101) 1(101) 
1(100) 1(101) 1(101) 
1(101) 1(101) 
1(101) 

0.26666666666666666
precise=0.2664543524416136
recall=0.8879716981132075
F1score=0.40990745781164944

threshold=4.2399999999999975
1(101) 1(101) 1(100) 1(101) 1(101) 
1(101) 1(101) 1(101) 1(101) 
1(100) 1(101) 1(101) 
1(101) 1(101) 
1(101) 

0.26666666666666666
precise=0.26645547342485043
recall=0.8884976525821596
F1score=0.4099647982669916

threshold=4.259999999999997
1(101) 1(101) 1(100) 1(101) 1(101) 
1(101) 1(101) 1(101) 1(101) 
1(100) 1(101) 1(101) 
1(101) 1(101) 
1(101) 

0.26666666666666666
precise=0.2664565826330532
recall=0.889018691588785
F1score=0.41002155172413796

threshold=4.279999999999997
1(101) 1(101) 1(100) 1(101) 1(101) 
1(101) 1(101) 1(101) 1(101) 
1(101) 1(101) 1(101) 
1(101) 1(101) 
1(101) 

0.26666666666666666
precise=0.2664576802507837
recall=0.8895348837209303
F1score=0.4100777271508979

threshold=4.299999999999996
1(101) 1(101) 1(100) 1(101) 1(101) 
1(101) 1(101) 1(101) 1(101) 
1(101) 1(101) 1(101) 
1(101) 1(101) 
1(101) 

0.26666666666666666
precise=0.2664587664587665
recall=0.8900462962962963
F1score=0.41013333333333335

threshold=4.319999999999996
1(101) 1(101) 1(100) 1(101) 1(101) 
1(101) 1(101) 1(101) 1(101) 
1(101) 1(101) 1(101) 
1(101) 1(101) 
1(101) 

0.26666666666666666
precise=0.26645984143398826
recall=0.8905529953917051
F1score=0.4101883788803396

threshold=4.339999999999995
1(101) 1(101) 1(100) 1(101) 1(101) 
1(101) 1(101) 1(101) 1(101) 
1(101) 1(101) 1(101) 
1(101) 1(101) 
1(101) 

0.26666666666666666
precise=0.2664609053497942
recall=0.8910550458715596
F1score=0.4102428722280887

threshold=4.359999999999995
1(101) 1(101) 1(100) 1(101) 1(101) 
1(101) 1(101) 1(101) 1(101) 
1(101) 1(101) 1(101) 
1(101) 1(101) 
1(101) 

0.26666666666666666
precise=0.2664619583759809
recall=0.8915525114155252
F1score=0.4102968216443394

threshold=4.379999999999995
1(101) 1(101) 1(100) 1(101) 1(101) 
1(101) 1(101) 1(101) 1(101) 
1(101) 1(101) 1(101) 
1(101) 1(101) 
1(101) 

0.26666666666666666
precise=0.2664630006788866
recall=0.8920454545454546
F1score=0.41035023523261893

threshold=4.399999999999994
1(101) 1(101) 1(100) 1(101) 1(101) 
1(101) 1(101) 1(101) 1(101) 
1(101) 1(101) 1(101) 
1(101) 1(101) 
1(101) 

0.26666666666666666
precise=0.26646403242147926
recall=0.8925339366515838
F1score=0.4104031209362809

threshold=4.419999999999994
1(101) 1(101) 1(100) 1(101) 1(101) 
1(101) 1(101) 1(101) 1(101) 
1(101) 1(101) 1(101) 
1(101) 1(101) 
1(101) 

0.26666666666666666
precise=0.2664650537634409
recall=0.8930180180180181
F1score=0.41045548654244307

threshold=4.439999999999993
1(101) 1(101) 1(100) 1(101) 1(101) 
1(101) 1(101) 1(101) 1(101) 
1(101) 1(101) 1(101) 
1(101) 1(101) 
1(101) 

0.26666666666666666
precise=0.2664660648612504
recall=0.8934977578475336
F1score=0.41050733968580994

threshold=4.459999999999993
1(101) 1(101) 1(100) 1(101) 1(101) 
1(101) 1(101) 1(101) 1(101) 
1(101) 1(101) 1(101) 
1(101) 1(101) 
1(101) 

0.26666666666666666
precise=0.26646706586826346
recall=0.8939732142857143
F1score=0.4105586878523834

threshold=4.479999999999992
1(101) 1(101) 1(100) 1(101) 1(101) 
1(101) 1(101) 1(101) 1(101) 
1(101) 1(101) 1(101) 
1(101) 1(101) 
1(101) 

0.26666666666666666
precise=0.2664680569347898
recall=0.8944444444444445
F1score=0.4106095383830655

threshold=4.499999999999992
1(101) 1(101) 1(100) 1(101) 1(101) 
1(101) 1(101) 1(101) 1(101) 
1(101) 1(101) 1(101) 
1(101) 1(101) 
1(101) 

0.26666666666666666
precise=0.26646903820816864
recall=0.8949115044247787
F1score=0.41065989847715734

threshold=4.519999999999992
1(101) 1(101) 1(100) 1(101) 1(101) 
1(101) 1(101) 1(101) 1(101) 
1(101) 1(101) 1(101) 
1(101) 1(101) 
1(101) 

0.26666666666666666
precise=0.2664700098328417
recall=0.8953744493392071
F1score=0.4107097751957565

threshold=4.539999999999991
1(101) 1(101) 1(100) 1(101) 1(101) 
1(101) 1(101) 1(101) 1(101) 
1(101) 1(101) 1(101) 
1(101) 1(101) 
1(101) 

0.26666666666666666
precise=0.266470971950424
recall=0.8958333333333334
F1score=0.4107591754650578

threshold=4.559999999999991
1(101) 1(101) 1(100) 1(101) 1(101) 
1(101) 1(101) 1(101) 1(101) 
1(101) 1(101) 1(101) 
1(101) 1(101) 
1(101) 

0.26666666666666666
precise=0.2664719246997728
recall=0.8962882096069869
F1score=0.41080810607955964

threshold=4.57999999999999
1(101) 1(101) 1(100) 1(101) 1(101) 
1(101) 1(101) 1(101) 1(101) 
1(101) 1(101) 1(101) 
1(101) 1(101) 
1(101) 

0.26666666666666666
precise=0.26647286821705424
recall=0.8967391304347826
F1score=0.4108565737051793

threshold=4.59999999999999
1(101) 1(101) 1(100) 1(101) 1(101) 
1(101) 1(101) 1(101) 1(101) 
1(101) 1(101) 1(101) 
1(101) 1(101) 
1(101) 

0.26666666666666666
precise=0.26647380263580844
recall=0.8971861471861472
F1score=0.41090458488228004

threshold=4.6199999999999894
1(101) 1(101) 1(100) 1(101) 1(101) 
1(101) 1(101) 1(101) 1(101) 
1(101) 1(101) 1(101) 
1(101) 1(101) 
1(101) 

0.26666666666666666
precise=0.26647472808701217
recall=0.8976293103448276
F1score=0.41095214602861374

threshold=4.639999999999989
1(101) 1(101) 1(100) 1(101) 1(101) 
1(101) 1(101) 1(101) 1(101) 
1(101) 1(101) 1(101) 
1(101) 1(101) 
1(101) 

0.26666666666666666
precise=0.2664756446991404
recall=0.898068669527897
F1score=0.4109992634421802

threshold=4.659999999999989
1(101) 1(101) 1(100) 1(101) 1(101) 
1(101) 1(101) 1(101) 1(101) 
1(101) 1(101) 1(101) 
1(101) 1(101) 
1(101) 

0.26666666666666666
precise=0.2664765525982256
recall=0.8985042735042735
F1score=0.41104594330400784

threshold=4.679999999999988
1(101) 1(101) 1(100) 1(101) 1(101) 
1(101) 1(101) 1(101) 1(101) 
1(101) 1(101) 1(101) 
1(101) 1(101) 
1(101) 

0.26666666666666666
precise=0.2664774519079155
recall=0.898936170212766
F1score=0.41109219168085626

threshold=4.699999999999988
1(101) 1(101) 1(100) 1(101) 1(101) 
1(101) 1(101) 1(101) 1(101) 
1(101) 1(101) 1(101) 
1(101) 1(101) 
1(101) 

0.26666666666666666
precise=0.2664783427495292
recall=0.899364406779661
F1score=0.41113801452784504

threshold=4.719999999999987
1(101) 1(101) 1(100) 1(101) 1(101) 
1(101) 1(101) 1(101) 1(101) 
1(101) 1(101) 1(101) 
1(101) 1(101) 
1(101) 

0.26666666666666666
precise=0.2664792252421118
recall=0.8997890295358649
F1score=0.41118341769100986

threshold=4.739999999999987
1(101) 1(101) 1(100) 1(101) 1(101) 
1(101) 1(101) 1(101) 1(101) 
1(101) 1(101) 1(101) 
1(101) 1(101) 
1(101) 

0.26666666666666666
precise=0.2664800995024876
recall=0.9002100840336135
F1score=0.41122840690978885

threshold=4.7599999999999865
1(101) 1(101) 1(100) 1(101) 1(101) 
1(101) 1(101) 1(101) 1(101) 
1(101) 1(101) 1(101) 
1(101) 1(101) 
1(101) 

0.26666666666666666
precise=0.26648096564531104
recall=0.9006276150627615
F1score=0.4112729878194411

threshold=4.779999999999986
1(101) 1(101) 1(100) 1(101) 1(101) 
1(101) 1(101) 1(101) 1(101) 
1(101) 1(101) 1(101) 
1(101) 1(101) 
1(101) 

0.26666666666666666
precise=0.2664818237831177
recall=0.9010416666666666
F1score=0.4113171659533999

threshold=4.799999999999986
1(101) 1(101) 1(100) 1(101) 1(101) 
1(101) 1(101) 1(101) 1(101) 
1(101) 1(101) 1(101) 
1(101) 1(101) 
1(101) 

0.26666666666666666
precise=0.26648267402637227
recall=0.9014522821576764
F1score=0.4113609467455621

threshold=4.819999999999985
1(101) 1(101) 1(100) 1(101) 1(101) 
1(101) 1(101) 1(101) 1(101) 
1(101) 1(101) 1(101) 
1(101) 1(101) 
1(101) 

0.26666666666666666
precise=0.2664835164835165
recall=0.9018595041322314
F1score=0.4114043355325165

threshold=4.839999999999985
1(101) 1(101) 1(100) 1(101) 1(101) 
1(101) 1(101) 1(101) 1(101) 
1(101) 1(101) 1(101) 
1(101) 1(101) 
1(101) 

0.26666666666666666
precise=0.2664843512610149
recall=0.9022633744855967
F1score=0.41144733755571195

threshold=4.859999999999984
1(101) 1(101) 1(100) 1(101) 1(101) 
1(101) 1(101) 1(101) 1(101) 
1(101) 1(101) 1(101) 
1(101) 1(101) 
1(101) 

0.26666666666666666
precise=0.26648517846339986
recall=0.9026639344262295
F1score=0.4114899579635684

threshold=4.879999999999984
1(101) 1(101) 1(100) 1(101) 1(101) 
1(101) 1(101) 1(101) 1(101) 
1(101) 1(101) 1(101) 
1(101) 1(101) 
1(101) 

0.26666666666666666
precise=0.26648599819331525
recall=0.9030612244897959
F1score=0.41153220181353173

threshold=4.8999999999999835
1(101) 1(101) 1(100) 1(101) 1(101) 
1(101) 1(101) 1(101) 1(101) 
1(101) 1(101) 1(101) 
1(101) 1(101) 
1(101) 

0.26666666666666666
precise=0.26648681055155876
recall=0.9034552845528455
F1score=0.4115740740740741

threshold=4.919999999999983
1(101) 1(101) 1(100) 1(101) 1(101) 
1(101) 1(101) 1(101) 1(101) 
1(101) 1(101) 1(101) 
1(101) 1(101) 
1(101) 

0.26666666666666666
precise=0.26648761563712325
recall=0.9038461538461539
F1score=0.4116155796266421

threshold=4.939999999999983
1(101) 1(101) 1(100) 1(101) 1(101) 
1(101) 1(101) 1(101) 1(101) 
1(101) 1(101) 1(101) 
1(101) 1(101) 
1(101) 

0.26666666666666666
precise=0.26648841354723707
recall=0.9042338709677419
F1score=0.4116567232675539

threshold=4.959999999999982
1(101) 1(101) 1(100) 1(101) 1(101) 
1(101) 1(101) 1(101) 1(101) 
1(101) 1(101) 1(101) 
1(101) 1(101) 
1(101) 

0.26666666666666666
precise=0.26648920437740314
recall=0.9046184738955824
F1score=0.4116975097098469

threshold=4.979999999999982
1(101) 1(101) 1(100) 1(101) 1(101) 
1(101) 1(101) 1(101) 1(101) 
1(101) 1(101) 1(101) 
1(101) 1(101) 
1(101) 

0.26666666666666666
precise=0.266489988221437
recall=0.905
F1score=0.41173794358507737

threshold=4.999999999999981
1(101) 1(101) 1(100) 1(101) 1(101) 
1(101) 1(101) 1(101) 1(101) 
1(101) 1(101) 1(101) 
1(101) 1(101) 
1(101) 

0.26666666666666666
precise=0.26649076517150394
recall=0.9053784860557769
F1score=0.41177802944507363

threshold=5.019999999999981
1(101) 1(101) 1(100) 1(101) 1(101) 
1(101) 1(101) 1(101) 1(101) 
1(101) 1(101) 1(101) 
1(101) 1(101) 
1(101) 

0.26666666666666666
precise=0.2664915353181553
recall=0.9057539682539683
F1score=0.4118177717636446

threshold=5.0399999999999805
1(101) 1(101) 1(101) 1(101) 1(101) 
1(101) 1(101) 1(101) 1(101) 
1(101) 1(101) 1(101) 
1(101) 1(101) 
1(101) 

0.26666666666666666
precise=0.2664922987503633
recall=0.9061264822134387
F1score=0.41185717493824386

threshold=5.05999999999998
1(101) 1(101) 1(101) 1(101) 1(101) 
1(101) 1(101) 1(101) 1(101) 
1(101) 1(101) 1(101) 
1(101) 1(101) 
1(101) 

0.26666666666666666
precise=0.2664930555555556
recall=0.906496062992126
F1score=0.41189624329159213

threshold=5.07999999999998
1(101) 1(101) 1(101) 1(101) 1(101) 
1(101) 1(101) 1(101) 1(101) 
1(101) 1(101) 1(101) 
1(101) 1(101) 
1(101) 

0.26666666666666666
precise=0.26649380581964854
recall=0.9068627450980392
F1score=0.4119349810732576

threshold=5.099999999999979
1(101) 1(101) 1(101) 1(101) 1(101) 
1(101) 1(101) 1(101) 1(101) 
1(101) 1(101) 1(101) 
1(101) 1(101) 
1(101) 

0.26666666666666666
precise=0.26649454962707975
recall=0.9072265625
F1score=0.41197339246119735

threshold=5.119999999999979
1(101) 1(101) 1(101) 1(101) 1(101) 
1(101) 1(101) 1(101) 1(101) 
1(101) 1(101) 1(101) 
1(101) 1(101) 
1(101) 

0.26666666666666666
precise=0.26649528706083975
recall=0.9075875486381323
F1score=0.412011481563259

threshold=5.139999999999978
1(101) 1(101) 1(101) 1(101) 1(101) 
1(101) 1(101) 1(101) 1(101) 
1(101) 1(101) 1(101) 
1(101) 1(101) 
1(101) 

0.26666666666666666
precise=0.26649601820250285
recall=0.9079457364341085
F1score=0.41204925241864554

threshold=5.159999999999978
1(101) 1(101) 1(101) 1(101) 1(101) 
1(101) 1(101) 1(101) 1(101) 
1(101) 1(101) 1(101) 
1(101) 1(101) 
1(101) 

0.26666666666666666
precise=0.26649674313225713
recall=0.9083011583011583
F1score=0.41208670899934313

threshold=5.1799999999999775
1(101) 1(101) 1(101) 1(101) 1(101) 
1(101) 1(101) 1(101) 1(101) 
1(101) 1(101) 1(101) 
1(101) 1(101) 
1(101) 

0.26666666666666666
precise=0.26649746192893403
recall=0.9086538461538461
F1score=0.4121238552115133

threshold=5.199999999999977
1(101) 1(101) 1(101) 1(101) 1(101) 
1(101) 1(101) 1(101) 1(101) 
1(101) 1(101) 1(101) 
1(101) 1(101) 
1(101) 

0.26666666666666666
precise=0.2664981746700365
recall=0.9090038314176245
F1score=0.41216069489685125

threshold=5.219999999999977
1(101) 1(101) 1(101) 1(101) 1(101) 
1(101) 1(101) 1(101) 1(101) 
1(101) 1(101) 1(101) 
1(101) 1(101) 
1(101) 

0.26666666666666666
precise=0.26649888143176736
recall=0.9093511450381679
F1score=0.41219723183391005

threshold=5.239999999999976
1(101) 1(101) 1(101) 1(101) 1(101) 
1(101) 1(101) 1(101) 1(101) 
1(101) 1(101) 1(101) 
1(101) 1(101) 
1(101) 

0.26666666666666666
precise=0.26649958228905596
recall=0.9096958174904943
F1score=0.4122334697393926

threshold=5.259999999999976
1(101) 1(101) 1(101) 1(101) 1(101) 
1(101) 1(101) 1(101) 1(101) 
1(101) 1(101) 1(101) 
1(101) 1(101) 
1(101) 

0.26666666666666666
precise=0.2665002773155851
recall=0.9100378787878788
F1score=0.41226941226941227

threshold=5.279999999999975
1(101) 1(101) 1(101) 1(101) 1(101) 
1(101) 1(101) 1(101) 1(101) 
1(101) 1(101) 1(101) 
1(101) 1(101) 
1(101) 

0.26666666666666666
precise=0.2665009665838166
recall=0.910377358490566
F1score=0.41230506302072206

threshold=5.299999999999975
1(101) 1(101) 1(101) 1(101) 1(101) 
1(101) 1(101) 1(101) 1(101) 
1(101) 1(101) 1(101) 
1(101) 1(101) 
1(101) 

0.26666666666666666
precise=0.2665016501650165
recall=0.9107142857142857
F1score=0.4123404255319149

threshold=5.3199999999999745
1(101) 1(101) 1(101) 1(101) 1(101) 
1(101) 1(101) 1(101) 1(101) 
1(101) 1(101) 1(101) 
1(101) 1(101) 
1(101) 

0.26666666666666666
precise=0.26650232812927965
recall=0.9110486891385767
F1score=0.4123755032845942

threshold=5.339999999999974
1(101) 1(101) 1(101) 1(101) 1(101) 
1(101) 1(101) 1(101) 1(101) 
1(101) 1(101) 1(101) 
1(101) 1(101) 
1(101) 

0.26666666666666666
precise=0.26650300054555376
recall=0.9113805970149254
F1score=0.41241029970451665

threshold=5.359999999999974
1(101) 1(101) 1(101) 1(101) 1(101) 
1(101) 1(101) 1(101) 1(101) 
1(101) 1(101) 1(101) 
1(101) 1(101) 
1(101) 

0.26666666666666666
precise=0.2665036674816626
recall=0.9117100371747212
F1score=0.4124448181627076

threshold=5.379999999999973
1(101) 1(101) 1(101) 1(101) 1(101) 
1(101) 1(101) 1(101) 1(101) 
1(101) 1(101) 1(101) 
1(101) 1(101) 
1(101) 

0.26666666666666666
precise=0.266504329004329
recall=0.9120370370370371
F1score=0.41247906197654943

threshold=5.399999999999973
1(101) 1(101) 1(101) 1(101) 1(101) 
1(101) 1(101) 1(101) 1(101) 
1(101) 1(101) 1(101) 
1(101) 1(101) 
1(101) 

0.26666666666666666
precise=0.26650498517919696
recall=0.9123616236162362
F1score=0.41251303441084464

threshold=5.419999999999972
1(101) 1(101) 1(101) 1(101) 1(101) 
1(101) 1(101) 1(101) 1(101) 
1(101) 1(101) 1(101) 
1(101) 1(101) 
1(101) 

0.26666666666666666
precise=0.2665056360708535
recall=0.9126838235294118
F1score=0.41254673867885333

threshold=5.439999999999972
1(101) 1(101) 1(101) 1(101) 1(101) 
1(101) 1(101) 1(101) 1(101) 
1(101) 1(101) 1(101) 
1(101) 1(101) 
1(101) 

0.26666666666666666
precise=0.2665062817428495
recall=0.913003663003663
F1score=0.4125801779433064

threshold=5.4599999999999715
1(101) 1(101) 1(101) 1(101) 1(101) 
1(101) 1(101) 1(101) 1(101) 
1(101) 1(101) 1(101) 
1(101) 1(101) 
1(101) 

0.26666666666666666
precise=0.266506922257721
recall=0.9133211678832117
F1score=0.4126133553173949

threshold=5.479999999999971
1(101) 1(101) 1(101) 1(101) 1(101) 
1(101) 1(101) 1(101) 1(101) 
1(101) 1(101) 1(101) 
1(101) 1(101) 
1(101) 

0.26666666666666666
precise=0.26650755767700873
recall=0.9136363636363637
F1score=0.412646273865736

threshold=5.499999999999971
1(101) 1(101) 1(101) 1(101) 1(101) 
1(101) 1(101) 1(101) 1(101) 
1(101) 1(101) 1(101) 
1(101) 1(101) 
1(101) 

0.26666666666666666
precise=0.2665081880612784
recall=0.9139492753623188
F1score=0.41267893660531696

threshold=5.51999999999997
1(101) 1(101) 1(101) 1(101) 1(101) 
1(101) 1(101) 1(101) 1(101) 
1(101) 1(101) 1(101) 
1(101) 1(101) 
1(101) 

0.26666666666666666
precise=0.26650881347013944
recall=0.9142599277978339
F1score=0.4127113465064168

threshold=5.53999999999997
1(101) 1(101) 1(101) 1(101) 1(101) 
1(101) 1(101) 1(101) 1(101) 
1(101) 1(101) 1(101) 
1(101) 1(101) 
1(101) 

0.26666666666666666
precise=0.2665094339622642
recall=0.914568345323741
F1score=0.4127435064935065

threshold=5.559999999999969
1(101) 1(101) 1(101) 1(101) 1(101) 
1(101) 1(101) 1(101) 1(101) 
1(101) 1(101) 1(101) 
1(101) 1(101) 
1(101) 

0.26666666666666666
precise=0.2665100495954059
recall=0.9148745519713262
F1score=0.41277541944612894

threshold=5.579999999999969
1(101) 1(101) 1(101) 1(101) 1(101) 
1(101) 1(101) 1(101) 1(101) 
1(101) 1(101) 1(101) 
1(101) 1(101) 
1(101) 

0.26666666666666666
precise=0.2665106604264171
recall=0.9151785714285714
F1score=0.41280708819975837

threshold=5.599999999999969
1(101) 1(101) 1(101) 1(101) 1(101) 
1(101) 1(101) 1(101) 1(101) 
1(101) 1(101) 1(101) 
1(101) 1(101) 
1(101) 

0.26666666666666666
precise=0.2665112665112665
recall=0.9154804270462633
F1score=0.4128385155466399

threshold=5.619999999999968
1(101) 1(101) 1(101) 1(101) 1(101) 
1(101) 1(101) 1(101) 1(101) 
1(101) 1(101) 1(101) 
1(101) 1(101) 
1(101) 

0.26666666666666666
precise=0.26651186790505677
recall=0.9157801418439716
F1score=0.41286970423661074

threshold=5.639999999999968
1(101) 1(101) 1(101) 1(101) 1(101) 
1(101) 1(101) 1(101) 1(101) 
1(101) 1(101) 1(101) 
1(101) 1(101) 
1(101) 

0.26666666666666666
precise=0.2665124646620406
recall=0.916077738515901
F1score=0.4129006569779016

threshold=5.659999999999967
1(101) 1(101) 1(101) 1(101) 1(101) 
1(101) 1(101) 1(101) 1(101) 
1(101) 1(101) 1(101) 
1(101) 1(101) 
1(101) 

0.26666666666666666
precise=0.2665130568356375
recall=0.9163732394366197
F1score=0.41293137643792144

threshold=5.679999999999967
1(101) 1(101) 1(101) 1(101) 1(101) 
1(101) 1(101) 1(101) 1(101) 
1(101) 1(101) 1(101) 
1(101) 1(101) 
1(101) 

0.26666666666666666
precise=0.2665136444784494
recall=0.9166666666666666
F1score=0.4129618652440229

threshold=5.699999999999966
1(101) 1(101) 1(101) 1(101) 1(101) 
1(101) 1(101) 1(101) 1(101) 
1(101) 1(101) 1(101) 
1(101) 1(101) 
1(101) 

0.26666666666666666
precise=0.26651422764227645
recall=0.916958041958042
F1score=0.41299212598425195

threshold=5.719999999999966
1(101) 1(101) 1(101) 1(101) 1(101) 
1(101) 1(101) 1(101) 1(101) 
1(101) 1(101) 1(101) 
1(101) 1(101) 
1(101) 

0.26666666666666666
precise=0.26651480637813213
recall=0.9172473867595818
F1score=0.41302216120808

threshold=5.739999999999966
1(101) 1(101) 1(101) 1(101) 1(101) 
1(101) 1(101) 1(101) 1(101) 
1(101) 1(101) 1(101) 
1(101) 1(101) 
1(101) 

0.26666666666666666
precise=0.2665153807362582
recall=0.9175347222222222
F1score=0.41305197342711997

threshold=5.759999999999965
1(101) 1(101) 1(101) 1(101) 1(101) 
1(101) 1(101) 1(101) 1(101) 
1(101) 1(101) 1(101) 
1(101) 1(101) 
1(101) 

0.26666666666666666
precise=0.26651595076613915
recall=0.9178200692041523
F1score=0.41308156511582633

threshold=5.779999999999965
1(101) 1(101) 1(101) 1(101) 1(101) 
1(101) 1(101) 1(101) 1(101) 
1(101) 1(101) 1(101) 
1(101) 1(101) 
1(101) 

0.26666666666666666
precise=0.26651651651651653
recall=0.9181034482758621
F1score=0.41311093871217996

threshold=5.799999999999964
1(101) 1(101) 1(101) 1(101) 1(101) 
1(101) 1(101) 1(101) 1(101) 
1(101) 1(101) 1(101) 
1(101) 1(101) 
1(101) 

0.26666666666666666
precise=0.26651707803540264
recall=0.9183848797250859
F1score=0.4131400966183575

threshold=5.819999999999964
1(101) 1(101) 1(101) 1(101) 1(101) 
1(101) 1(101) 1(101) 1(101) 
1(101) 1(101) 1(101) 
1(101) 1(101) 
1(101) 

0.26666666666666666
precise=0.2665176353700944
recall=0.9186643835616438
F1score=0.4131690412013862

threshold=5.839999999999963
1(101) 1(101) 1(101) 1(101) 1(101) 
1(101) 1(101) 1(101) 1(101) 
1(101) 1(101) 1(101) 
1(101) 1(101) 
1(101) 

0.26666666666666666
precise=0.26651818856718634
recall=0.9189419795221843
F1score=0.4131977747937848

threshold=5.859999999999963
1(101) 1(101) 1(101) 1(101) 1(101) 
1(101) 1(101) 1(101) 1(101) 
1(101) 1(101) 1(101) 
1(101) 1(101) 
1(101) 

0.26666666666666666
precise=0.2665187376725838
recall=0.91921768707483
F1score=0.4132262996941896

threshold=5.879999999999963
1(101) 1(101) 1(101) 1(101) 1(101) 
1(101) 1(101) 1(101) 1(101) 
1(101) 1(101) 1(101) 
1(101) 1(101) 
1(101) 

0.26666666666666666
precise=0.2665192827315156
recall=0.9194915254237288
F1score=0.413254618167968

threshold=5.899999999999962
1(101) 1(101) 1(101) 1(101) 1(101) 
1(101) 1(101) 1(101) 1(101) 
1(101) 1(101) 1(101) 
1(101) 1(101) 
1(101) 

0.26666666666666666
precise=0.2665198237885463
recall=0.9197635135135135
F1score=0.4132827324478178

threshold=5.919999999999962
1(101) 1(101) 1(101) 1(101) 1(101) 
1(101) 1(101) 1(101) 1(101) 
1(101) 1(101) 1(101) 
1(101) 1(101) 
1(101) 

0.26666666666666666
precise=0.2665203608875884
recall=0.92003367003367
F1score=0.4133106447343543

threshold=5.939999999999961
1(101) 1(101) 1(101) 1(101) 1(101) 
1(101) 1(101) 1(101) 1(101) 
1(101) 1(101) 1(101) 
1(101) 1(101) 
1(101) 

0.26666666666666666
precise=0.2665208940719145
recall=0.9203020134228188
F1score=0.41333835719668427

threshold=5.959999999999961
1(101) 1(101) 1(101) 1(101) 1(101) 
1(101) 1(101) 1(101) 1(101) 
1(101) 1(101) 1(101) 
1(101) 1(101) 
1(101) 

0.26666666666666666
precise=0.2665214233841685
recall=0.9205685618729097
F1score=0.4133658719729679

threshold=5.9799999999999605
1(101) 1(101) 1(101) 1(101) 1(101) 
1(101) 1(101) 1(101) 1(101) 
1(101) 1(101) 1(101) 
1(101) 1(101) 
1(101) 

0.26666666666666666
precise=0.26652194886637726
recall=0.9208333333333333
F1score=0.41339319117096895

threshold=5.99999999999996
1(101) 1(101) 1(101) 1(101) 1(101) 
1(101) 1(101) 1(101) 1(101) 
1(101) 1(101) 1(101) 
1(101) 1(101) 
1(101) 

0.26666666666666666
precise=0.26652247055996153
recall=0.9210963455149501
F1score=0.4134203168685927

Max accuracy is 0.7333333333333333 at threshold 0.04
Max precise is 0.2704628747170232 at threshold 0.0
Max recall is 0.9210963455149501 at threshold 5.99999999999996
Max F1score is 0.4134203168685927 at threshold 5.99999999999996
