threshold=0.0
0(1) 0(1) 0(1) 0(1) 0(1) 
0(1) 0(1) 0(1) 0(1) 
0(1) 0(1) 0(1) 
0(1) 0(1) 
0(1) 

0.7333333333333333
precise=0.24361858695840904
recall=0.0
F1score=0.0

threshold=0.0001
0(2) 0(9) 0(3) 0(8) 0(9) 
0(11) 0(24) 0(15) 0(3) 
0(11) 0(24) 0(11) 
0(6) 0(1) 
0(6) 

0.7333333333333333
precise=0.24361858695840904
recall=0.0
F1score=0.0

threshold=0.0002
0(4) 0(14) 0(4) 0(12) 0(19) 
0(17) 0(29) 0(19) 0(4) 
0(16) 0(29) 0(13) 
0(9) 0(1) 
0(7) 

0.7333333333333333
precise=0.24361858695840904
recall=0.0
F1score=0.0

threshold=0.00030000000000000003
0(5) 0(17) 0(5) 0(16) 0(24) 
0(18) 0(37) 0(20) 0(6) 
0(20) 0(35) 0(15) 
0(13) 0(1) 
0(8) 

0.7333333333333333
precise=0.24361858695840904
recall=0.0
F1score=0.0

threshold=0.0004
0(5) 0(21) 0(7) 0(18) 0(31) 
0(22) 0(41) 0(23) 0(6) 
0(23) 0(40) 0(15) 
0(19) 0(1) 
0(10) 

0.7333333333333333
precise=0.24361858695840904
recall=0.0
F1score=0.0

threshold=0.0005
0(5) 0(23) 0(7) 0(19) 0(32) 
0(26) 0(44) 0(26) 0(6) 
0(26) 0(45) 0(17) 
0(23) 0(1) 
0(13) 

0.7333333333333333
precise=0.24361858695840904
recall=0.0
F1score=0.0

threshold=0.0006000000000000001
0(6) 0(24) 0(7) 0(20) 0(33) 
0(28) 0(45) 0(27) 0(7) 
0(30) 0(49) 0(19) 
0(29) 0(1) 
0(13) 

0.7333333333333333
precise=0.24361858695840904
recall=0.0
F1score=0.0

threshold=0.0007000000000000001
0(7) 0(26) 0(7) 0(23) 0(34) 
0(28) 0(48) 0(30) 0(8) 
0(32) 0(52) 0(20) 
0(30) 0(1) 
0(14) 

0.7333333333333333
precise=0.24361858695840904
recall=0.0
F1score=0.0

threshold=0.0008000000000000001
0(7) 0(27) 0(8) 0(26) 0(36) 
0(31) 0(49) 0(33) 0(8) 
0(35) 0(56) 0(22) 
0(30) 0(1) 
0(17) 

0.7333333333333333
precise=0.24361858695840904
recall=0.0
F1score=0.0

threshold=0.0009000000000000002
0(9) 0(28) 0(8) 0(28) 0(38) 
0(32) 0(53) 0(38) 0(8) 
0(36) 0(58) 0(24) 
0(33) 0(1) 
0(19) 

0.7333333333333333
precise=0.24361858695840904
recall=0.0
F1score=0.0

threshold=0.0010000000000000002
0(9) 0(29) 0(8) 0(28) 0(42) 
0(36) 0(56) 0(44) 0(8) 
0(39) 0(60) 0(27) 
0(36) 0(1) 
0(19) 

0.7333333333333333
precise=0.24361858695840904
recall=0.0
F1score=0.0

threshold=0.0011000000000000003
0(9) 0(30) 0(8) 0(28) 0(44) 
0(39) 0(57) 0(47) 0(8) 
0(41) 0(64) 0(29) 
0(39) 0(1) 
0(21) 

0.7333333333333333
precise=0.24361858695840904
recall=0.0
F1score=0.0

threshold=0.0012000000000000003
0(9) 0(30) 0(10) 0(31) 0(47) 
0(43) 0(59) 0(49) 0(8) 
0(41) 0(65) 0(30) 
0(40) 0(1) 
0(24) 

0.7333333333333333
precise=0.24361858695840904
recall=0.0
F1score=0.0

threshold=0.0013000000000000004
0(9) 0(31) 0(10) 0(31) 0(48) 
0(44) 0(61) 0(50) 0(9) 
0(44) 0(68) 0(31) 
0(41) 0(1) 
0(25) 

0.7333333333333333
precise=0.24361858695840904
recall=0.0
F1score=0.0

threshold=0.0014000000000000004
0(10) 0(31) 0(10) 0(31) 0(49) 
0(44) 0(63) 0(51) 0(9) 
0(46) 0(70) 0(32) 
0(44) 0(1) 
0(28) 

0.7333333333333333
precise=0.24361858695840904
recall=0.0
F1score=0.0

threshold=0.0015000000000000005
0(10) 0(34) 0(11) 0(31) 0(51) 
0(45) 0(65) 0(53) 0(9) 
0(48) 0(70) 0(32) 
0(44) 0(1) 
0(31) 

0.7333333333333333
precise=0.24361858695840904
recall=0.0
F1score=0.0

threshold=0.0016000000000000005
0(10) 0(34) 0(12) 0(32) 0(55) 
0(48) 0(65) 0(54) 0(9) 
0(48) 1(73) 0(35) 
0(49) 0(1) 
0(32) 

0.6666666666666666
precise=0.0
recall=0.0
F1score=0.0

threshold=0.0017000000000000006
0(12) 0(35) 0(12) 0(32) 0(57) 
0(49) 0(66) 0(54) 0(9) 
0(49) 1(76) 0(35) 
0(52) 0(1) 
0(34) 

0.6666666666666666
precise=0.0
recall=0.0
F1score=0.0

threshold=0.0018000000000000006
0(12) 0(35) 0(12) 0(33) 0(58) 
0(49) 0(68) 0(55) 0(10) 
0(50) 1(77) 0(35) 
0(56) 0(1) 
0(34) 

0.6666666666666666
precise=0.0
recall=0.0
F1score=0.0

threshold=0.0019000000000000006
0(12) 0(35) 0(12) 0(34) 0(58) 
0(50) 0(69) 0(55) 0(10) 
0(50) 1(78) 0(36) 
0(57) 0(1) 
0(35) 

0.6666666666666666
precise=0.0
recall=0.0
F1score=0.0

threshold=0.0020000000000000005
0(12) 0(35) 0(13) 0(37) 0(58) 
0(50) 0(69) 0(55) 0(10) 
0(50) 1(78) 0(37) 
0(59) 0(1) 
0(35) 

0.6666666666666666
precise=0.0
recall=0.0
F1score=0.0

threshold=0.0021000000000000003
0(12) 0(36) 0(13) 0(38) 0(59) 
0(52) 0(70) 0(55) 0(12) 
0(51) 1(79) 0(39) 
0(60) 0(2) 
0(36) 

0.6666666666666666
precise=0.0
recall=0.0
F1score=0.0

threshold=0.0022
0(12) 0(36) 0(14) 0(40) 0(59) 
0(55) 1(74) 0(55) 0(12) 
0(51) 1(80) 0(40) 
0(61) 0(2) 
0(38) 

0.6
precise=0.0
recall=0.0
F1score=0.0

threshold=0.0023
0(12) 0(36) 0(14) 0(40) 0(60) 
0(57) 1(74) 0(57) 0(12) 
0(55) 1(82) 0(40) 
0(62) 0(2) 
0(40) 

0.6
precise=0.0
recall=0.0
F1score=0.0

threshold=0.0024
0(12) 0(36) 0(15) 0(42) 0(62) 
0(61) 1(75) 0(58) 0(12) 
0(57) 1(82) 0(41) 
0(63) 0(2) 
0(41) 

0.6
precise=0.0
recall=0.0
F1score=0.0

threshold=0.0024999999999999996
0(13) 0(36) 0(16) 0(43) 0(63) 
0(62) 1(77) 0(61) 0(14) 
0(58) 1(82) 0(41) 
0(63) 0(2) 
0(43) 

0.6
precise=0.0
recall=0.0
F1score=0.0

threshold=0.0025999999999999994
0(15) 0(37) 0(16) 0(43) 0(64) 
0(63) 1(79) 0(61) 0(14) 
0(60) 1(82) 0(42) 
0(64) 0(2) 
0(43) 

0.6
precise=0.0
recall=0.0
F1score=0.0

threshold=0.0026999999999999993
0(15) 0(37) 0(16) 0(43) 0(65) 
0(64) 1(81) 0(61) 0(15) 
0(62) 1(82) 0(44) 
0(67) 0(3) 
0(44) 

0.6
precise=0.0
recall=0.0
F1score=0.0

threshold=0.002799999999999999
0(15) 0(38) 0(18) 0(43) 0(66) 
0(65) 1(83) 0(62) 0(15) 
0(62) 1(83) 0(44) 
0(70) 0(3) 
0(46) 

0.6
precise=0.0
recall=0.0
F1score=0.0

threshold=0.002899999999999999
0(16) 0(38) 0(18) 0(44) 0(66) 
0(66) 1(84) 0(62) 0(15) 
0(62) 1(84) 0(45) 
1(71) 0(3) 
0(46) 

0.6666666666666666
precise=0.043478260869565216
recall=0.008333333333333333
F1score=0.013986013986013986

threshold=0.0029999999999999988
0(16) 0(39) 0(20) 0(44) 0(66) 
0(66) 1(84) 0(63) 0(17) 
0(62) 1(84) 0(47) 
1(72) 0(3) 
0(47) 

0.6666666666666666
precise=0.07692307692307693
recall=0.016129032258064516
F1score=0.02666666666666667

threshold=0.0030999999999999986
0(16) 0(39) 0(20) 0(44) 0(66) 
0(67) 1(84) 0(63) 0(17) 
0(64) 1(85) 0(47) 
1(72) 0(3) 
0(48) 

0.6666666666666666
precise=0.10344827586206896
recall=0.0234375
F1score=0.03821656050955414

threshold=0.0031999999999999984
0(16) 0(39) 0(20) 0(44) 0(69) 
0(68) 1(84) 0(64) 0(18) 
0(67) 1(85) 0(49) 
1(76) 0(4) 
0(51) 

0.6666666666666666
precise=0.125
recall=0.030303030303030304
F1score=0.04878048780487805

threshold=0.0032999999999999982
0(16) 0(39) 0(20) 0(44) 0(69) 
0(69) 1(84) 0(66) 0(19) 
0(67) 1(86) 0(52) 
1(76) 0(5) 
0(52) 

0.6666666666666666
precise=0.14285714285714285
recall=0.03676470588235294
F1score=0.05847953216374269

threshold=0.003399999999999998
0(16) 0(39) 0(20) 0(44) 0(69) 
0(70) 1(85) 0(66) 0(19) 
0(69) 1(88) 0(53) 
1(78) 0(6) 
0(52) 

0.6666666666666666
precise=0.15789473684210525
recall=0.04285714285714286
F1score=0.06741573033707865

threshold=0.003499999999999998
0(16) 0(39) 0(21) 0(45) 0(70) 
0(70) 1(85) 0(68) 0(19) 
0(69) 1(90) 0(55) 
1(78) 0(6) 
0(52) 

0.6666666666666666
precise=0.17073170731707318
recall=0.04861111111111111
F1score=0.07567567567567568

threshold=0.0035999999999999977
0(18) 0(40) 0(22) 0(45) 1(71) 
0(70) 1(85) 0(68) 0(19) 
1(71) 1(90) 0(56) 
1(78) 0(8) 
0(54) 

0.5333333333333333
precise=0.17391304347826086
recall=0.05405405405405406
F1score=0.08247422680412371

threshold=0.0036999999999999976
0(21) 0(40) 0(22) 0(45) 1(71) 
0(70) 1(86) 0(70) 0(20) 
1(71) 1(90) 0(56) 
1(79) 0(10) 
0(54) 

0.5333333333333333
precise=0.17647058823529413
recall=0.05921052631578947
F1score=0.08866995073891626

threshold=0.0037999999999999974
0(22) 0(40) 0(25) 0(45) 1(72) 
1(73) 1(86) 1(71) 0(22) 
1(73) 1(90) 0(57) 
1(79) 0(11) 
0(55) 

0.4
precise=0.1724137931034483
recall=0.0641025641025641
F1score=0.09345794392523364

threshold=0.0038999999999999972
0(22) 0(40) 0(25) 0(45) 1(73) 
1(74) 1(86) 1(73) 0(24) 
1(74) 1(91) 0(57) 
1(80) 0(12) 
0(55) 

0.4
precise=0.16923076923076924
recall=0.06875
F1score=0.09777777777777778

threshold=0.0039999999999999975
0(22) 0(41) 0(26) 0(45) 1(73) 
1(74) 1(88) 1(73) 0(26) 
1(75) 1(92) 0(57) 
1(82) 0(12) 
0(55) 

0.4
precise=0.16666666666666666
recall=0.07317073170731707
F1score=0.1016949152542373

threshold=0.004099999999999998
0(22) 0(42) 0(26) 0(45) 1(73) 
1(75) 1(89) 1(73) 0(26) 
1(75) 1(93) 0(59) 
1(82) 0(12) 
0(56) 

0.4
precise=0.16455696202531644
recall=0.07738095238095238
F1score=0.10526315789473684

threshold=0.004199999999999998
0(22) 0(42) 0(26) 0(46) 1(74) 
1(75) 1(89) 1(74) 0(26) 
1(75) 1(93) 0(61) 
1(84) 0(12) 
0(58) 

0.4
precise=0.16279069767441862
recall=0.08139534883720931
F1score=0.10852713178294573

threshold=0.004299999999999998
0(22) 0(42) 0(27) 0(47) 1(74) 
1(75) 1(89) 1(75) 0(26) 
1(75) 1(93) 0(63) 
1(85) 0(12) 
0(61) 

0.4
precise=0.16129032258064516
recall=0.08522727272727272
F1score=0.11152416356877323

threshold=0.0043999999999999985
0(22) 0(43) 0(27) 0(48) 1(74) 
1(75) 1(90) 1(77) 0(26) 
1(75) 1(93) 0(64) 
1(87) 0(12) 
0(62) 

0.4
precise=0.16
recall=0.08888888888888889
F1score=0.11428571428571428

threshold=0.004499999999999999
0(22) 0(44) 0(28) 0(50) 1(74) 
1(75) 1(90) 1(77) 0(26) 
1(76) 1(93) 0(64) 
1(87) 0(13) 
0(62) 

0.4
precise=0.1588785046728972
recall=0.09239130434782608
F1score=0.11683848797250859

threshold=0.004599999999999999
0(22) 0(44) 0(28) 0(51) 1(74) 
1(77) 1(90) 1(79) 0(26) 
1(77) 1(93) 0(64) 
1(87) 0(13) 
0(63) 

0.4
precise=0.15789473684210525
recall=0.09574468085106383
F1score=0.11920529801324503

threshold=0.004699999999999999
0(23) 0(45) 0(28) 0(51) 1(75) 
1(77) 1(90) 1(79) 0(26) 
1(77) 1(95) 0(67) 
1(88) 0(15) 
0(66) 

0.4
precise=0.15702479338842976
recall=0.09895833333333333
F1score=0.12140575079872204

threshold=0.0048
0(24) 0(45) 0(28) 0(52) 1(75) 
1(77) 1(91) 1(79) 0(28) 
1(77) 1(95) 0(67) 
1(88) 0(15) 
0(67) 

0.4
precise=0.15625
recall=0.10204081632653061
F1score=0.12345679012345678

threshold=0.0049
0(25) 0(47) 0(28) 0(52) 1(75) 
1(77) 1(91) 1(80) 0(30) 
1(77) 1(95) 0(68) 
1(88) 0(15) 
0(67) 

0.4
precise=0.15555555555555556
recall=0.105
F1score=0.1253731343283582

threshold=0.005
0(25) 0(47) 0(29) 0(54) 1(76) 
1(78) 1(91) 1(80) 0(32) 
1(77) 1(95) 0(68) 
1(88) 0(16) 
0(68) 

0.4
precise=0.15492957746478872
recall=0.10784313725490197
F1score=0.12716763005780346

threshold=0.0051
0(25) 0(48) 0(29) 0(54) 1(76) 
1(78) 1(92) 1(81) 0(33) 
1(77) 1(96) 0(68) 
1(88) 0(16) 
0(69) 

0.4
precise=0.15436241610738255
recall=0.11057692307692307
F1score=0.12885154061624648

threshold=0.005200000000000001
0(25) 0(48) 0(29) 0(55) 1(76) 
1(79) 1(92) 1(81) 0(33) 
1(77) 1(96) 0(69) 
1(90) 0(16) 
0(70) 

0.4
precise=0.15384615384615385
recall=0.11320754716981132
F1score=0.13043478260869565

threshold=0.005300000000000001
0(25) 0(48) 0(29) 0(55) 1(78) 
1(80) 1(93) 1(81) 0(33) 
1(78) 1(96) 0(69) 
1(91) 0(17) 
1(71) 

0.4666666666666667
precise=0.15853658536585366
recall=0.12037037037037036
F1score=0.1368421052631579

threshold=0.005400000000000001
0(27) 0(48) 0(29) 0(55) 1(78) 
1(80) 1(93) 1(81) 0(33) 
1(78) 1(96) 0(70) 
1(91) 0(18) 
1(72) 

0.4666666666666667
precise=0.16279069767441862
recall=0.12727272727272726
F1score=0.14285714285714285

threshold=0.005500000000000001
0(28) 0(49) 0(29) 0(55) 1(79) 
1(80) 1(93) 1(83) 0(34) 
1(78) 1(96) 1(72) 
1(91) 0(18) 
1(74) 

0.4
precise=0.16574585635359115
recall=0.13392857142857142
F1score=0.14814814814814814

threshold=0.005600000000000002
0(29) 0(49) 0(29) 0(56) 1(79) 
1(80) 1(93) 1(84) 0(36) 
1(78) 1(96) 1(72) 
1(91) 0(19) 
1(74) 

0.4
precise=0.16842105263157894
recall=0.14035087719298245
F1score=0.15311004784688995

threshold=0.005700000000000002
0(29) 0(50) 0(29) 0(56) 1(79) 
1(81) 1(93) 1(84) 0(36) 
1(78) 1(96) 1(72) 
1(91) 0(20) 
1(76) 

0.4
precise=0.1708542713567839
recall=0.14655172413793102
F1score=0.15777262180974477

threshold=0.005800000000000002
0(29) 0(50) 0(30) 0(56) 1(82) 
1(81) 1(93) 1(84) 0(36) 
1(79) 1(96) 1(72) 
1(92) 0(22) 
1(76) 

0.4
precise=0.17307692307692307
recall=0.15254237288135594
F1score=0.16216216216216217

threshold=0.0059000000000000025
0(30) 0(52) 0(30) 0(56) 1(82) 
1(81) 1(94) 1(84) 0(37) 
1(80) 1(97) 1(72) 
1(92) 0(23) 
1(76) 

0.4
precise=0.17511520737327188
recall=0.15833333333333333
F1score=0.16630196936542668

threshold=0.006000000000000003
0(30) 0(52) 0(30) 0(58) 1(82) 
1(82) 1(95) 1(84) 0(37) 
1(80) 1(97) 1(72) 
1(92) 0(24) 
1(78) 

0.4
precise=0.17699115044247787
recall=0.16393442622950818
F1score=0.1702127659574468

threshold=0.006100000000000003
0(30) 0(53) 0(30) 0(58) 1(82) 
1(82) 1(96) 1(85) 0(37) 
1(80) 1(97) 1(75) 
1(92) 0(24) 
1(78) 

0.4
precise=0.17872340425531916
recall=0.1693548387096774
F1score=0.17391304347826086

threshold=0.006200000000000003
0(31) 0(53) 0(30) 0(59) 1(84) 
1(84) 1(96) 1(85) 0(39) 
1(82) 1(97) 1(75) 
1(93) 0(24) 
1(80) 

0.4
precise=0.18032786885245902
recall=0.1746031746031746
F1score=0.1774193548387097

threshold=0.0063000000000000035
0(32) 0(54) 0(30) 0(60) 1(84) 
1(84) 1(96) 1(85) 0(39) 
1(83) 1(97) 1(75) 
1(94) 0(24) 
1(81) 

0.4
precise=0.18181818181818182
recall=0.1796875
F1score=0.1807465618860511

threshold=0.006400000000000004
0(32) 0(54) 0(31) 0(60) 1(84) 
1(84) 1(97) 1(85) 0(39) 
1(84) 1(97) 1(75) 
1(94) 0(25) 
1(81) 

0.4
precise=0.183206106870229
recall=0.18461538461538463
F1score=0.1839080459770115

threshold=0.006500000000000004
0(32) 0(55) 0(31) 0(60) 1(85) 
1(84) 1(97) 1(85) 0(39) 
1(84) 1(98) 1(76) 
1(94) 0(27) 
1(81) 

0.4
precise=0.18450184501845018
recall=0.1893939393939394
F1score=0.18691588785046728

threshold=0.006600000000000004
0(32) 0(56) 0(31) 0(60) 1(85) 
1(84) 1(98) 1(85) 0(39) 
1(85) 1(98) 1(77) 
1(94) 0(29) 
1(81) 

0.4
precise=0.18571428571428572
recall=0.19402985074626866
F1score=0.1897810218978102

threshold=0.0067000000000000046
0(32) 0(56) 0(31) 0(61) 1(86) 
1(84) 1(98) 1(86) 0(41) 
1(85) 1(98) 1(77) 
1(95) 0(29) 
1(83) 

0.4
precise=0.18685121107266436
recall=0.19852941176470587
F1score=0.1925133689839572

threshold=0.006800000000000005
0(34) 0(56) 0(31) 0(61) 1(87) 
1(85) 1(98) 1(86) 0(41) 
1(86) 1(98) 1(77) 
1(96) 0(29) 
1(84) 

0.4
precise=0.18791946308724833
recall=0.2028985507246377
F1score=0.1951219512195122

threshold=0.006900000000000005
0(34) 0(57) 0(32) 0(62) 1(88) 
1(85) 1(98) 1(87) 0(42) 
1(86) 1(98) 1(77) 
1(96) 0(30) 
1(84) 

0.4
precise=0.18892508143322476
recall=0.20714285714285716
F1score=0.19761499148211242

threshold=0.007000000000000005
0(34) 0(59) 0(32) 0(62) 1(88) 
1(85) 1(98) 1(88) 0(43) 
1(86) 1(99) 1(77) 
1(96) 0(30) 
1(86) 

0.4
precise=0.189873417721519
recall=0.2112676056338028
F1score=0.2

threshold=0.007100000000000006
0(34) 0(61) 0(32) 0(62) 1(89) 
1(85) 1(98) 1(88) 0(43) 
1(86) 1(99) 1(77) 
1(96) 0(30) 
1(86) 

0.4
precise=0.19076923076923077
recall=0.2152777777777778
F1score=0.20228384991843393

threshold=0.007200000000000006
0(35) 0(62) 0(32) 0(62) 1(89) 
1(85) 1(98) 1(88) 0(43) 
1(86) 1(99) 1(77) 
1(96) 0(31) 
1(88) 

0.4
precise=0.19161676646706588
recall=0.2191780821917808
F1score=0.20447284345047922

threshold=0.007300000000000006
0(36) 0(62) 0(32) 0(63) 1(90) 
1(85) 1(98) 1(88) 0(44) 
1(86) 1(99) 1(77) 
1(96) 0(32) 
1(89) 

0.4
precise=0.1924198250728863
recall=0.22297297297297297
F1score=0.20657276995305165

threshold=0.007400000000000006
0(37) 0(63) 0(32) 0(63) 1(90) 
1(85) 1(98) 1(88) 0(45) 
1(87) 1(99) 1(77) 
1(96) 0(32) 
1(89) 

0.4
precise=0.19318181818181818
recall=0.22666666666666666
F1score=0.2085889570552147

threshold=0.007500000000000007
0(38) 0(63) 0(33) 0(65) 1(90) 
1(85) 1(98) 1(89) 0(45) 
1(87) 1(99) 1(77) 
1(96) 0(34) 
1(89) 

0.4
precise=0.19390581717451524
recall=0.23026315789473684
F1score=0.21052631578947367

threshold=0.007600000000000007
0(38) 0(64) 0(34) 0(66) 1(90) 
1(85) 1(99) 1(91) 0(45) 
1(88) 1(99) 1(78) 
1(96) 0(36) 
1(89) 

0.4
precise=0.1945945945945946
recall=0.23376623376623376
F1score=0.21238938053097345

threshold=0.007700000000000007
0(40) 0(64) 0(35) 0(66) 1(90) 
1(86) 1(99) 1(91) 0(46) 
1(88) 1(99) 1(78) 
1(96) 0(38) 
1(89) 

0.4
precise=0.19525065963060687
recall=0.23717948717948717
F1score=0.2141823444283647

threshold=0.0078000000000000074
0(40) 0(64) 0(36) 0(66) 1(90) 
1(86) 1(99) 1(91) 0(47) 
1(89) 1(99) 1(78) 
1(96) 0(38) 
1(89) 

0.4
precise=0.1958762886597938
recall=0.24050632911392406
F1score=0.2159090909090909

threshold=0.007900000000000008
0(40) 0(64) 0(37) 0(66) 1(90) 
1(86) 1(99) 1(91) 0(48) 
1(89) 1(100) 1(78) 
1(96) 0(39) 
1(90) 

0.4
precise=0.1964735516372796
recall=0.24375
F1score=0.2175732217573222

threshold=0.008000000000000007
0(41) 0(64) 0(37) 0(69) 1(90) 
1(86) 1(99) 1(92) 0(48) 
1(91) 1(100) 1(78) 
1(97) 0(40) 
1(90) 

0.4
precise=0.19704433497536947
recall=0.24691358024691357
F1score=0.2191780821917808

threshold=0.008100000000000007
0(41) 0(65) 0(37) 0(69) 1(90) 
1(86) 1(99) 1(92) 0(48) 
1(91) 1(100) 1(78) 
1(97) 0(41) 
1(90) 

0.4
precise=0.19759036144578312
recall=0.25
F1score=0.22072678331090176

threshold=0.008200000000000006
0(41) 0(65) 0(37) 0(69) 1(90) 
1(86) 1(99) 1(92) 0(50) 
1(91) 1(100) 1(79) 
1(97) 0(41) 
1(90) 

0.4
precise=0.19811320754716982
recall=0.25301204819277107
F1score=0.2222222222222222

threshold=0.008300000000000005
0(41) 0(65) 0(37) 0(69) 1(90) 
1(86) 1(99) 1(93) 0(50) 
1(91) 1(100) 1(79) 
1(98) 0(41) 
1(90) 

0.4
precise=0.19861431870669746
recall=0.25595238095238093
F1score=0.22366710013003901

threshold=0.008400000000000005
0(41) 0(65) 0(37) 0(70) 1(90) 
1(86) 1(99) 1(93) 0(52) 
1(91) 1(100) 1(79) 
1(98) 0(41) 
1(90) 

0.4
precise=0.19909502262443438
recall=0.25882352941176473
F1score=0.22506393861892582

threshold=0.008500000000000004
0(41) 0(67) 0(37) 0(70) 1(90) 
1(86) 1(99) 1(95) 0(52) 
1(91) 1(100) 1(80) 
1(98) 0(43) 
1(90) 

0.4
precise=0.19955654101995565
recall=0.2616279069767442
F1score=0.22641509433962265

threshold=0.008600000000000003
0(42) 0(68) 0(37) 1(71) 1(90) 
1(86) 1(99) 1(95) 0(52) 
1(92) 1(100) 1(80) 
1(98) 0(43) 
1(91) 

0.3333333333333333
precise=0.19956616052060738
recall=0.26436781609195403
F1score=0.22744128553770088

threshold=0.008700000000000003
0(42) 0(68) 0(38) 1(72) 1(90) 
1(86) 1(99) 1(95) 0(52) 
1(92) 1(100) 1(80) 
1(98) 0(45) 
1(91) 

0.3333333333333333
precise=0.19957537154989385
recall=0.26704545454545453
F1score=0.2284325637910085

threshold=0.008800000000000002
0(42) 0(69) 0(38) 1(72) 1(90) 
1(86) 1(99) 1(95) 0(52) 
1(92) 1(100) 1(80) 
1(98) 0(48) 
1(92) 

0.3333333333333333
precise=0.1995841995841996
recall=0.2696629213483146
F1score=0.22939068100358423

threshold=0.008900000000000002
0(43) 0(70) 0(39) 1(73) 1(90) 
1(87) 1(99) 1(95) 0(53) 
1(92) 1(100) 1(81) 
1(98) 0(51) 
1(92) 

0.3333333333333333
precise=0.19959266802443992
recall=0.2722222222222222
F1score=0.23031727379553465

threshold=0.009000000000000001
0(43) 0(70) 0(39) 1(73) 1(90) 
1(87) 1(99) 1(95) 0(54) 
1(92) 1(100) 1(81) 
1(98) 0(52) 
1(92) 

0.3333333333333333
precise=0.1996007984031936
recall=0.27472527472527475
F1score=0.23121387283236994

threshold=0.0091
0(44) 0(70) 0(39) 1(73) 1(90) 
1(88) 1(99) 1(96) 0(54) 
1(92) 1(100) 1(81) 
1(98) 0(52) 
1(92) 

0.3333333333333333
precise=0.19960861056751467
recall=0.27717391304347827
F1score=0.23208191126279865

threshold=0.0092
0(46) 0(70) 0(40) 1(73) 1(91) 
1(88) 1(99) 1(96) 0(54) 
1(92) 1(100) 1(81) 
1(98) 0(53) 
1(92) 

0.3333333333333333
precise=0.19961612284069097
recall=0.27956989247311825
F1score=0.23292273236282196

threshold=0.0093
0(46) 0(70) 0(40) 1(73) 1(91) 
1(88) 1(99) 1(96) 0(55) 
1(92) 1(100) 1(81) 
1(98) 0(54) 
1(92) 

0.3333333333333333
precise=0.19962335216572505
recall=0.28191489361702127
F1score=0.23373759647188533

threshold=0.009399999999999999
0(47) 0(70) 0(40) 1(73) 1(91) 
1(88) 1(99) 1(96) 0(55) 
1(92) 1(100) 1(81) 
1(98) 0(55) 
1(92) 

0.3333333333333333
precise=0.19963031423290203
recall=0.28421052631578947
F1score=0.23452768729641693

threshold=0.009499999999999998
0(47) 0(70) 0(43) 1(73) 1(91) 
1(89) 1(99) 1(96) 0(55) 
1(92) 1(100) 1(81) 
1(98) 0(56) 
1(92) 

0.3333333333333333
precise=0.1996370235934664
recall=0.2864583333333333
F1score=0.23529411764705882

threshold=0.009599999999999997
0(47) 1(71) 0(44) 1(73) 1(91) 
1(89) 1(99) 1(97) 0(56) 
1(93) 1(100) 1(81) 
1(98) 0(56) 
1(92) 

0.26666666666666666
precise=0.199288256227758
recall=0.28865979381443296
F1score=0.23578947368421052

threshold=0.009699999999999997
0(47) 1(71) 0(44) 1(73) 1(91) 
1(89) 1(99) 1(97) 0(57) 
1(93) 1(100) 1(81) 
1(98) 0(56) 
1(92) 

0.26666666666666666
precise=0.19895287958115182
recall=0.29081632653061223
F1score=0.23626943005181347

threshold=0.009799999999999996
0(47) 1(71) 0(44) 1(74) 1(91) 
1(89) 1(99) 1(97) 0(58) 
1(93) 1(100) 1(81) 
1(98) 0(57) 
1(92) 

0.26666666666666666
precise=0.19863013698630136
recall=0.29292929292929293
F1score=0.23673469387755103

threshold=0.009899999999999996
0(48) 1(71) 0(45) 1(74) 1(91) 
1(89) 1(99) 1(98) 0(58) 
1(94) 1(100) 1(81) 
1(98) 0(57) 
1(92) 

0.26666666666666666
precise=0.19831932773109243
recall=0.295
F1score=0.2371859296482412

threshold=0.009999999999999995
0(48) 1(72) 0(45) 1(74) 1(91) 
1(89) 1(99) 1(98) 0(61) 
1(94) 1(100) 1(81) 
1(98) 0(57) 
1(92) 

0.26666666666666666
precise=0.19801980198019803
recall=0.297029702970297
F1score=0.2376237623762376

threshold=0.010099999999999994
0(48) 1(74) 0(47) 1(74) 1(92) 
1(89) 1(99) 1(98) 0(62) 
1(94) 1(100) 1(81) 
1(99) 0(57) 
1(92) 

0.26666666666666666
precise=0.19773095623987033
recall=0.29901960784313725
F1score=0.23804878048780487

threshold=0.010199999999999994
0(48) 1(74) 0(47) 1(75) 1(92) 
1(89) 1(99) 1(98) 0(63) 
1(94) 1(100) 1(81) 
1(99) 0(58) 
1(93) 

0.26666666666666666
precise=0.19745222929936307
recall=0.30097087378640774
F1score=0.23846153846153847

threshold=0.010299999999999993
0(49) 1(74) 0(48) 1(75) 1(92) 
1(89) 1(99) 1(98) 0(63) 
1(94) 1(100) 1(81) 
1(99) 0(58) 
1(93) 

0.26666666666666666
precise=0.19718309859154928
recall=0.30288461538461536
F1score=0.23886255924170616

threshold=0.010399999999999993
0(50) 1(75) 0(48) 1(75) 1(93) 
1(90) 1(99) 1(98) 0(63) 
1(94) 1(100) 1(81) 
1(99) 0(59) 
1(93) 

0.26666666666666666
precise=0.19692307692307692
recall=0.3047619047619048
F1score=0.23925233644859814

threshold=0.010499999999999992
0(51) 1(75) 0(48) 1(76) 1(93) 
1(90) 1(99) 1(98) 0(63) 
1(94) 1(100) 1(82) 
1(99) 0(60) 
1(93) 

0.26666666666666666
precise=0.19667170953101362
recall=0.30660377358490565
F1score=0.23963133640552994

threshold=0.010599999999999991
0(51) 1(75) 0(49) 1(76) 1(93) 
1(90) 1(99) 1(98) 0(63) 
1(94) 1(101) 1(82) 
1(100) 0(60) 
1(94) 

0.26666666666666666
precise=0.19642857142857142
recall=0.308411214953271
F1score=0.24

threshold=0.01069999999999999
0(51) 1(76) 0(49) 1(76) 1(93) 
1(90) 1(99) 1(98) 0(64) 
1(94) 1(101) 1(82) 
1(100) 0(61) 
1(94) 

0.26666666666666666
precise=0.19619326500732065
recall=0.3101851851851852
F1score=0.24035874439461882

threshold=0.01079999999999999
0(51) 1(76) 0(49) 1(76) 1(93) 
1(90) 1(99) 1(98) 0(64) 
1(94) 1(101) 1(82) 
1(100) 0(62) 
1(94) 

0.26666666666666666
precise=0.19596541786743515
recall=0.3119266055045872
F1score=0.2407079646017699

threshold=0.01089999999999999
0(51) 1(76) 0(49) 1(76) 1(93) 
1(90) 1(99) 1(98) 0(64) 
1(95) 1(101) 1(83) 
1(100) 0(62) 
1(94) 

0.26666666666666666
precise=0.19574468085106383
recall=0.31363636363636366
F1score=0.2410480349344978

threshold=0.010999999999999989
0(51) 1(76) 0(49) 1(76) 1(93) 
1(90) 1(99) 1(98) 0(64) 
1(95) 1(101) 1(83) 
1(100) 0(62) 
1(94) 

0.26666666666666666
precise=0.19553072625698323
recall=0.3153153153153153
F1score=0.2413793103448276

threshold=0.011099999999999988
0(52) 1(76) 0(50) 1(76) 1(93) 
1(91) 1(99) 1(98) 0(65) 
1(95) 1(101) 1(83) 
1(100) 0(62) 
1(94) 

0.26666666666666666
precise=0.1953232462173315
recall=0.3169642857142857
F1score=0.24170212765957447

threshold=0.011199999999999988
0(52) 1(76) 0(50) 1(76) 1(93) 
1(91) 1(99) 1(99) 0(65) 
1(95) 1(101) 1(83) 
1(100) 0(62) 
1(94) 

0.26666666666666666
precise=0.1951219512195122
recall=0.3185840707964602
F1score=0.24201680672268908

threshold=0.011299999999999987
0(52) 1(76) 0(51) 1(76) 1(93) 
1(91) 1(99) 1(99) 0(65) 
1(95) 1(101) 1(83) 
1(100) 0(64) 
1(95) 

0.26666666666666666
precise=0.19492656875834447
recall=0.3201754385964912
F1score=0.24232365145228216

threshold=0.011399999999999987
0(52) 1(76) 0(51) 1(76) 1(93) 
1(91) 1(99) 1(99) 0(65) 
1(96) 1(101) 1(83) 
1(101) 0(64) 
1(95) 

0.26666666666666666
precise=0.19473684210526315
recall=0.3217391304347826
F1score=0.24262295081967214

threshold=0.011499999999999986
0(53) 1(76) 0(53) 1(76) 1(93) 
1(91) 1(99) 1(99) 0(67) 
1(96) 1(101) 1(83) 
1(101) 0(64) 
1(95) 

0.26666666666666666
precise=0.19455252918287938
recall=0.3232758620689655
F1score=0.242914979757085

threshold=0.011599999999999985
0(54) 1(76) 0(54) 1(76) 1(93) 
1(91) 1(99) 1(99) 0(67) 
1(96) 1(101) 1(83) 
1(101) 0(64) 
1(95) 

0.26666666666666666
precise=0.19437340153452684
recall=0.3247863247863248
F1score=0.2432

threshold=0.011699999999999985
0(54) 1(76) 0(54) 1(76) 1(94) 
1(91) 1(99) 1(99) 0(67) 
1(96) 1(101) 1(83) 
1(101) 0(65) 
1(96) 

0.26666666666666666
precise=0.19419924337957126
recall=0.326271186440678
F1score=0.24347826086956523

threshold=0.011799999999999984
0(55) 1(76) 0(54) 1(76) 1(94) 
1(91) 1(99) 1(100) 0(67) 
1(96) 1(101) 1(83) 
1(101) 0(66) 
1(96) 

0.26666666666666666
precise=0.19402985074626866
recall=0.3277310924369748
F1score=0.24375

threshold=0.011899999999999984
0(55) 1(76) 0(54) 1(77) 1(94) 
1(91) 1(99) 1(100) 0(67) 
1(96) 1(101) 1(83) 
1(101) 0(67) 
1(96) 

0.26666666666666666
precise=0.19386503067484662
recall=0.32916666666666666
F1score=0.244015444015444

threshold=0.011999999999999983
0(55) 1(76) 0(55) 1(77) 1(94) 
1(91) 1(100) 1(100) 0(67) 
1(96) 1(101) 1(85) 
1(101) 0(67) 
1(96) 

0.26666666666666666
precise=0.1937046004842615
recall=0.3305785123966942
F1score=0.24427480916030533

threshold=0.012099999999999982
0(55) 1(77) 0(56) 1(77) 1(94) 
1(92) 1(100) 1(100) 0(67) 
1(96) 1(101) 1(85) 
1(101) 0(68) 
1(96) 

0.26666666666666666
precise=0.1935483870967742
recall=0.3319672131147541
F1score=0.24452830188679245

threshold=0.012199999999999982
0(55) 1(78) 0(56) 1(78) 1(94) 
1(93) 1(100) 1(100) 0(67) 
1(96) 1(101) 1(86) 
1(101) 0(68) 
1(96) 

0.26666666666666666
precise=0.19339622641509435
recall=0.3333333333333333
F1score=0.24477611940298508

threshold=0.012299999999999981
0(55) 1(78) 0(57) 1(78) 1(94) 
1(93) 1(100) 1(100) 0(69) 
1(96) 1(101) 1(86) 
1(101) 0(68) 
1(96) 

0.26666666666666666
precise=0.19324796274738068
recall=0.3346774193548387
F1score=0.24501845018450186

threshold=0.01239999999999998
0(55) 1(78) 0(57) 1(78) 1(94) 
1(93) 1(100) 1(100) 0(69) 
1(96) 1(101) 1(86) 
1(101) 0(68) 
1(97) 

0.26666666666666666
precise=0.19310344827586207
recall=0.336
F1score=0.24525547445255474

threshold=0.01249999999999998
0(55) 1(78) 0(58) 1(78) 1(94) 
1(93) 1(100) 1(100) 0(69) 
1(96) 1(101) 1(86) 
1(101) 0(69) 
1(98) 

0.26666666666666666
precise=0.19296254256526674
recall=0.3373015873015873
F1score=0.24548736462093862

threshold=0.01259999999999998
0(55) 1(78) 0(58) 1(79) 1(94) 
1(93) 1(100) 1(100) 0(69) 
1(97) 1(101) 1(86) 
1(101) 0(69) 
1(98) 

0.26666666666666666
precise=0.19282511210762332
recall=0.33858267716535434
F1score=0.24571428571428572

threshold=0.012699999999999979
0(55) 1(78) 0(58) 1(79) 1(95) 
1(93) 1(100) 1(100) 0(69) 
1(97) 1(101) 1(87) 
1(101) 0(70) 
1(98) 

0.26666666666666666
precise=0.19269102990033224
recall=0.33984375
F1score=0.24593639575971732

threshold=0.012799999999999978
0(55) 1(79) 0(58) 1(79) 1(95) 
1(93) 1(100) 1(100) 0(69) 
1(97) 1(101) 1(87) 
1(101) 1(71) 
1(98) 

0.3333333333333333
precise=0.19344262295081968
recall=0.3430232558139535
F1score=0.24737945492662475

threshold=0.012899999999999977
0(55) 1(79) 0(58) 1(79) 1(95) 
1(93) 1(100) 1(100) 0(69) 
1(97) 1(101) 1(87) 
1(101) 1(71) 
1(98) 

0.3333333333333333
precise=0.1941747572815534
recall=0.34615384615384615
F1score=0.248790601243953

threshold=0.012999999999999977
0(56) 1(79) 0(59) 1(80) 1(95) 
1(93) 1(100) 1(100) 0(69) 
1(97) 1(101) 1(87) 
1(101) 1(72) 
1(99) 

0.3333333333333333
precise=0.19488817891373802
recall=0.34923664122137404
F1score=0.2501708817498291

threshold=0.013099999999999976
0(57) 1(79) 0(59) 1(80) 1(96) 
1(94) 1(100) 1(100) 0(69) 
1(97) 1(101) 1(88) 
1(101) 1(72) 
1(99) 

0.3333333333333333
precise=0.19558359621451105
recall=0.3522727272727273
F1score=0.2515212981744422

threshold=0.013199999999999976
0(58) 1(79) 0(60) 1(80) 1(96) 
1(94) 1(100) 1(100) 0(69) 
1(97) 1(101) 1(88) 
1(101) 1(72) 
1(99) 

0.3333333333333333
precise=0.19626168224299065
recall=0.35526315789473684
F1score=0.2528428093645485

threshold=0.013299999999999975
0(58) 1(79) 0(60) 1(80) 1(96) 
1(94) 1(100) 1(100) 0(69) 
1(97) 1(101) 1(88) 
1(101) 1(72) 
1(100) 

0.3333333333333333
precise=0.19692307692307692
recall=0.3582089552238806
F1score=0.2541363335539378

threshold=0.013399999999999974
0(58) 1(79) 0(60) 1(80) 1(96) 
1(94) 1(100) 1(100) 0(69) 
1(97) 1(101) 1(89) 
1(101) 1(75) 
1(100) 

0.3333333333333333
precise=0.19756838905775076
recall=0.3611111111111111
F1score=0.2554027504911591

threshold=0.013499999999999974
0(58) 1(80) 0(60) 1(81) 1(96) 
1(94) 1(100) 1(100) 0(69) 
1(97) 1(101) 1(90) 
1(101) 1(75) 
1(100) 

0.3333333333333333
precise=0.1981981981981982
recall=0.3639705882352941
F1score=0.2566429034348671

threshold=0.013599999999999973
0(59) 1(80) 0(60) 1(81) 1(96) 
1(94) 1(100) 1(100) 0(69) 
1(97) 1(101) 1(90) 
1(101) 1(75) 
1(100) 

0.3333333333333333
precise=0.19881305637982197
recall=0.36678832116788324
F1score=0.2578576010262989

threshold=0.013699999999999973
0(59) 1(80) 0(61) 1(81) 1(96) 
1(94) 1(100) 1(100) 0(70) 
1(97) 1(101) 1(91) 
1(101) 1(76) 
1(100) 

0.3333333333333333
precise=0.19941348973607037
recall=0.3695652173913043
F1score=0.259047619047619

threshold=0.013799999999999972
0(60) 1(80) 0(61) 1(81) 1(96) 
1(94) 1(100) 1(100) 0(70) 
1(97) 1(101) 1(92) 
1(101) 1(76) 
1(100) 

0.3333333333333333
precise=0.2
recall=0.3723021582733813
F1score=0.26021370207416716

threshold=0.013899999999999971
0(60) 1(80) 0(61) 1(81) 1(96) 
1(95) 1(100) 1(100) 0(70) 
1(98) 1(101) 1(92) 
1(101) 1(77) 
1(100) 

0.3333333333333333
precise=0.20057306590257878
recall=0.375
F1score=0.2613565650280025

threshold=0.01399999999999997
0(60) 1(80) 0(61) 1(81) 1(96) 
1(96) 1(100) 1(100) 1(71) 
1(98) 1(101) 1(92) 
1(101) 1(78) 
1(100) 

0.26666666666666666
precise=0.2009433962264151
recall=0.3776595744680851
F1score=0.2623152709359606

threshold=0.01409999999999997
0(60) 1(80) 0(62) 1(82) 1(96) 
1(96) 1(100) 1(100) 1(73) 
1(98) 1(101) 1(93) 
1(101) 1(78) 
1(100) 

0.26666666666666666
precise=0.20130475302889095
recall=0.38028169014084506
F1score=0.263254113345521

threshold=0.01419999999999997
0(60) 1(80) 0(62) 1(83) 1(96) 
1(96) 1(100) 1(100) 1(73) 
1(98) 1(101) 1(93) 
1(101) 1(78) 
1(100) 

0.26666666666666666
precise=0.20165745856353592
recall=0.38286713286713286
F1score=0.26417370325693607

threshold=0.014299999999999969
0(60) 1(80) 0(62) 1(83) 1(97) 
1(96) 1(100) 1(100) 1(73) 
1(98) 1(101) 1(93) 
1(101) 1(78) 
1(100) 

0.26666666666666666
precise=0.20200181983621474
recall=0.3854166666666667
F1score=0.2650746268656716

threshold=0.014399999999999968
0(60) 1(80) 0(62) 1(83) 1(97) 
1(96) 1(100) 1(100) 1(73) 
1(98) 1(101) 1(93) 
1(101) 1(79) 
1(100) 

0.26666666666666666
precise=0.20233812949640287
recall=0.3879310344827586
F1score=0.26595744680851063

threshold=0.014499999999999968
0(61) 1(80) 0(62) 1(83) 1(97) 
1(96) 1(100) 1(100) 1(73) 
1(98) 1(101) 1(93) 
1(101) 1(79) 
1(100) 

0.26666666666666666
precise=0.20266666666666666
recall=0.3904109589041096
F1score=0.2668227033352838

threshold=0.014599999999999967
0(61) 1(80) 0(62) 1(83) 1(97) 
1(96) 1(100) 1(100) 1(73) 
1(98) 1(101) 1(93) 
1(101) 1(79) 
1(100) 

0.26666666666666666
precise=0.20298769771529
recall=0.39285714285714285
F1score=0.26767091541135574

threshold=0.014699999999999967
0(61) 1(80) 0(62) 1(84) 1(97) 
1(96) 1(100) 1(100) 1(73) 
1(98) 1(101) 1(93) 
1(101) 1(79) 
1(100) 

0.26666666666666666
precise=0.20330147697654213
recall=0.3952702702702703
F1score=0.2685025817555938

threshold=0.014799999999999966
0(61) 1(81) 0(63) 1(84) 1(97) 
1(96) 1(100) 1(100) 1(73) 
1(98) 1(101) 1(94) 
1(101) 1(79) 
1(100) 

0.26666666666666666
precise=0.2036082474226804
recall=0.3976510067114094
F1score=0.26931818181818185

threshold=0.014899999999999965
0(61) 1(81) 0(63) 1(84) 1(97) 
1(96) 1(100) 1(100) 1(73) 
1(98) 1(101) 1(94) 
1(101) 1(79) 
1(100) 

0.26666666666666666
precise=0.20390824129141885
recall=0.4
F1score=0.27011817670230726

threshold=0.014999999999999965
0(61) 1(81) 0(63) 1(84) 1(97) 
1(96) 1(100) 1(100) 1(73) 
1(99) 1(101) 1(94) 
1(101) 1(79) 
1(100) 

0.26666666666666666
precise=0.2042016806722689
recall=0.402317880794702
F1score=0.2709030100334448

threshold=0.015099999999999964
0(61) 1(82) 0(63) 1(84) 1(97) 
1(96) 1(100) 1(101) 1(73) 
1(99) 1(101) 1(94) 
1(101) 1(79) 
1(100) 

0.26666666666666666
precise=0.20448877805486285
recall=0.40460526315789475
F1score=0.27167310877967976

threshold=0.015199999999999964
0(61) 1(82) 0(64) 1(84) 1(97) 
1(96) 1(100) 1(101) 1(74) 
1(99) 1(101) 1(94) 
1(101) 1(79) 
1(100) 

0.26666666666666666
precise=0.20476973684210525
recall=0.4068627450980392
F1score=0.2724288840262582

threshold=0.015299999999999963
0(61) 1(82) 0(64) 1(84) 1(98) 
1(96) 1(100) 1(101) 1(74) 
1(99) 1(101) 1(94) 
1(101) 1(80) 
1(101) 

0.26666666666666666
precise=0.2050447518307567
recall=0.4090909090909091
F1score=0.2731707317073171

threshold=0.015399999999999962
0(61) 1(82) 0(64) 1(84) 1(98) 
1(96) 1(100) 1(101) 1(74) 
1(99) 1(101) 1(95) 
1(101) 1(80) 
1(101) 

0.26666666666666666
precise=0.20531400966183574
recall=0.4112903225806452
F1score=0.2738990332975295

threshold=0.015499999999999962
0(61) 1(82) 0(65) 1(84) 1(98) 
1(96) 1(100) 1(101) 1(74) 
1(99) 1(101) 1(96) 
1(101) 1(80) 
1(101) 

0.26666666666666666
precise=0.20557768924302788
recall=0.41346153846153844
F1score=0.2746141564662054

threshold=0.015599999999999961
0(61) 1(82) 0(65) 1(84) 1(98) 
1(96) 1(100) 1(101) 1(74) 
1(99) 1(101) 1(96) 
1(101) 1(82) 
1(101) 

0.26666666666666666
precise=0.2058359621451104
recall=0.4156050955414013
F1score=0.27531645569620256

threshold=0.01569999999999996
0(61) 1(82) 0(65) 1(84) 1(98) 
1(97) 1(100) 1(101) 1(74) 
1(99) 1(101) 1(96) 
1(101) 1(82) 
1(101) 

0.26666666666666666
precise=0.20608899297423888
recall=0.4177215189873418
F1score=0.276006272869838

threshold=0.01579999999999996
0(61) 1(82) 0(65) 1(85) 1(98) 
1(97) 1(100) 1(101) 1(74) 
1(99) 1(101) 1(96) 
1(101) 1(83) 
1(101) 

0.26666666666666666
precise=0.2063369397217929
recall=0.419811320754717
F1score=0.2766839378238342

threshold=0.01589999999999996
0(62) 1(82) 0(65) 1(85) 1(98) 
1(97) 1(100) 1(101) 1(74) 
1(99) 1(101) 1(96) 
1(101) 1(84) 
1(101) 

0.26666666666666666
precise=0.20657995409334354
recall=0.421875
F1score=0.2773497688751926

threshold=0.01599999999999996
0(62) 1(83) 0(65) 1(86) 1(99) 
1(97) 1(100) 1(101) 1(74) 
1(99) 1(101) 1(96) 
1(101) 1(84) 
1(101) 

0.26666666666666666
precise=0.20681818181818182
recall=0.42391304347826086
F1score=0.2780040733197556

threshold=0.016099999999999958
0(62) 1(83) 0(65) 1(86) 1(99) 
1(97) 1(100) 1(101) 1(74) 
1(99) 1(101) 1(96) 
1(101) 1(84) 
1(101) 

0.26666666666666666
precise=0.20705176294073518
recall=0.42592592592592593
F1score=0.2786471479050984

threshold=0.016199999999999957
0(62) 1(83) 0(65) 1(87) 1(99) 
1(97) 1(100) 1(101) 1(74) 
1(99) 1(101) 1(96) 
1(101) 1(84) 
1(101) 

0.26666666666666666
precise=0.2072808320950966
recall=0.4279141104294479
F1score=0.27927927927927926

threshold=0.016299999999999957
0(62) 1(83) 0(65) 1(87) 1(99) 
1(97) 1(100) 1(101) 1(75) 
1(99) 1(101) 1(96) 
1(101) 1(84) 
1(101) 

0.26666666666666666
precise=0.20750551876379691
recall=0.4298780487804878
F1score=0.27990074441687346

threshold=0.016399999999999956
0(62) 1(84) 0(65) 1(87) 1(99) 
1(97) 1(100) 1(101) 1(75) 
1(99) 1(101) 1(96) 
1(101) 1(84) 
1(101) 

0.26666666666666666
precise=0.20772594752186588
recall=0.4318181818181818
F1score=0.28051181102362205

threshold=0.016499999999999956
0(62) 1(84) 0(65) 1(87) 1(99) 
1(97) 1(100) 1(101) 1(75) 
1(99) 1(101) 1(96) 
1(101) 1(84) 
1(101) 

0.26666666666666666
precise=0.20794223826714803
recall=0.43373493975903615
F1score=0.28111273792093705

threshold=0.016599999999999955
0(62) 1(84) 0(65) 1(87) 1(99) 
1(97) 1(100) 1(101) 1(75) 
1(99) 1(101) 1(96) 
1(101) 1(84) 
1(101) 

0.26666666666666666
precise=0.20815450643776823
recall=0.4356287425149701
F1score=0.28170377541142305

threshold=0.016699999999999954
0(63) 1(84) 0(65) 1(87) 1(99) 
1(97) 1(100) 1(101) 1(75) 
1(99) 1(101) 1(96) 
1(101) 1(85) 
1(101) 

0.26666666666666666
precise=0.2083628632175762
recall=0.4375
F1score=0.28228516562650025

threshold=0.016799999999999954
0(66) 1(84) 0(65) 1(87) 1(99) 
1(97) 1(100) 1(101) 1(76) 
1(99) 1(101) 1(96) 
1(101) 1(85) 
1(101) 

0.26666666666666666
precise=0.20856741573033707
recall=0.4393491124260355
F1score=0.28285714285714286

threshold=0.016899999999999953
0(66) 1(84) 0(66) 1(87) 1(99) 
1(97) 1(100) 1(101) 1(76) 
1(99) 1(101) 1(96) 
1(101) 1(85) 
1(101) 

0.26666666666666666
precise=0.20876826722338204
recall=0.4411764705882353
F1score=0.2834199338686821

threshold=0.016999999999999953
0(66) 1(84) 0(66) 1(87) 1(99) 
1(97) 1(100) 1(101) 1(76) 
1(99) 1(101) 1(96) 
1(101) 1(85) 
1(101) 

0.26666666666666666
precise=0.20896551724137932
recall=0.44298245614035087
F1score=0.2839737582005623

threshold=0.017099999999999952
0(66) 1(84) 0(67) 1(87) 1(99) 
1(97) 1(100) 1(101) 1(77) 
1(99) 1(101) 1(96) 
1(101) 1(85) 
1(101) 

0.26666666666666666
precise=0.20915926179084074
recall=0.44476744186046513
F1score=0.28451882845188287

threshold=0.01719999999999995
0(67) 1(84) 0(67) 1(87) 1(99) 
1(97) 1(101) 1(101) 1(78) 
1(99) 1(101) 1(96) 
1(101) 1(86) 
1(101) 

0.26666666666666666
precise=0.20934959349593496
recall=0.44653179190751446
F1score=0.28505535055350556

threshold=0.01729999999999995
0(67) 1(84) 0(67) 1(87) 1(99) 
1(97) 1(101) 1(101) 1(79) 
1(99) 1(101) 1(96) 
1(101) 1(86) 
1(101) 

0.26666666666666666
precise=0.20953660174613833
recall=0.4482758620689655
F1score=0.28558352402745996

threshold=0.01739999999999995
0(67) 1(84) 0(67) 1(87) 1(99) 
1(97) 1(101) 1(101) 1(79) 
1(99) 1(101) 1(97) 
1(101) 1(86) 
1(101) 

0.26666666666666666
precise=0.2097203728362184
recall=0.45
F1score=0.28610354223433243

threshold=0.01749999999999995
0(67) 1(84) 0(67) 1(87) 1(99) 
1(97) 1(101) 1(101) 1(79) 
1(99) 1(101) 1(97) 
1(101) 1(86) 
1(101) 

0.26666666666666666
precise=0.2099009900990099
recall=0.45170454545454547
F1score=0.2866155926092835

threshold=0.01759999999999995
0(69) 1(84) 0(67) 1(87) 1(99) 
1(97) 1(101) 1(101) 1(82) 
1(99) 1(101) 1(97) 
1(101) 1(86) 
1(101) 

0.26666666666666666
precise=0.2100785340314136
recall=0.4533898305084746
F1score=0.28711985688729874

threshold=0.01769999999999995
0(69) 1(84) 0(67) 1(87) 1(99) 
1(97) 1(101) 1(101) 1(82) 
1(99) 1(101) 1(97) 
1(101) 1(86) 
1(101) 

0.26666666666666666
precise=0.21025308241401688
recall=0.4550561797752809
F1score=0.28761651131824234

threshold=0.017799999999999948
0(69) 1(85) 0(67) 1(88) 1(99) 
1(97) 1(101) 1(101) 1(82) 
1(99) 1(101) 1(97) 
1(101) 1(86) 
1(101) 

0.26666666666666666
precise=0.21042471042471042
recall=0.45670391061452514
F1score=0.28810572687224667

threshold=0.017899999999999947
0(70) 1(85) 0(67) 1(88) 1(99) 
1(97) 1(101) 1(101) 1(82) 
1(99) 1(101) 1(97) 
1(101) 1(87) 
1(101) 

0.26666666666666666
precise=0.21059349074664965
recall=0.4583333333333333
F1score=0.2885876694359423

threshold=0.017999999999999947
0(70) 1(85) 0(67) 1(88) 1(99) 
1(97) 1(101) 1(101) 1(82) 
1(99) 1(101) 1(97) 
1(101) 1(87) 
1(101) 

0.26666666666666666
precise=0.2107594936708861
recall=0.4599447513812155
F1score=0.2890625

threshold=0.018099999999999946
0(70) 1(85) 0(68) 1(88) 1(99) 
1(97) 1(101) 1(101) 1(82) 
1(99) 1(101) 1(97) 
1(101) 1(89) 
1(101) 

0.26666666666666666
precise=0.21092278719397364
recall=0.46153846153846156
F1score=0.2895303748384317

threshold=0.018199999999999945
0(70) 1(85) 0(68) 1(88) 1(99) 
1(97) 1(101) 1(101) 1(82) 
1(99) 1(101) 1(97) 
1(101) 1(89) 
1(101) 

0.26666666666666666
precise=0.21108343711083438
recall=0.46311475409836067
F1score=0.28999144568006846

threshold=0.018299999999999945
0(70) 1(85) 0(68) 1(88) 1(99) 
1(97) 1(101) 1(101) 1(82) 
1(99) 1(101) 1(97) 
1(101) 1(89) 
1(101) 

0.26666666666666666
precise=0.2112415071031501
recall=0.46467391304347827
F1score=0.29044585987261146

threshold=0.018399999999999944
0(70) 1(86) 0(69) 1(88) 1(99) 
1(97) 1(101) 1(101) 1(82) 
1(100) 1(101) 1(97) 
1(101) 1(91) 
1(101) 

0.26666666666666666
precise=0.2113970588235294
recall=0.46621621621621623
F1score=0.290893760539629

threshold=0.018499999999999944
1(71) 1(86) 0(69) 1(88) 1(99) 
1(97) 1(101) 1(101) 1(82) 
1(100) 1(101) 1(97) 
1(101) 1(91) 
1(101) 

0.3333333333333333
precise=0.2120291616038882
recall=0.46908602150537637
F1score=0.2920502092050209

threshold=0.018599999999999943
1(71) 1(86) 0(69) 1(88) 1(99) 
1(97) 1(101) 1(101) 1(82) 
1(100) 1(101) 1(97) 
1(101) 1(93) 
1(101) 

0.3333333333333333
precise=0.21265060240963857
recall=0.47192513368983957
F1score=0.2931893687707641

threshold=0.018699999999999942
1(71) 1(86) 0(69) 1(88) 1(99) 
1(97) 1(101) 1(101) 1(82) 
1(100) 1(101) 1(97) 
1(101) 1(93) 
1(101) 

0.3333333333333333
precise=0.2132616487455197
recall=0.4747340425531915
F1score=0.2943116240725474

threshold=0.018799999999999942
1(71) 1(86) 0(69) 1(88) 1(99) 
1(97) 1(101) 1(101) 1(82) 
1(100) 1(101) 1(97) 
1(101) 1(94) 
1(101) 

0.3333333333333333
precise=0.21386255924170616
recall=0.4775132275132275
F1score=0.29541734860883795

threshold=0.01889999999999994
1(71) 1(86) 0(70) 1(88) 1(99) 
1(97) 1(101) 1(101) 1(82) 
1(100) 1(101) 1(97) 
1(101) 1(94) 
1(101) 

0.3333333333333333
precise=0.2144535840188014
recall=0.48026315789473684
F1score=0.2965069049553209

threshold=0.01899999999999994
1(71) 1(86) 1(71) 1(88) 1(99) 
1(97) 1(101) 1(101) 1(82) 
1(100) 1(101) 1(97) 
1(101) 1(94) 
1(101) 

0.26666666666666666
precise=0.21490972626674432
recall=0.4829842931937173
F1score=0.2974607013301088

threshold=0.01909999999999994
1(71) 1(86) 1(71) 1(88) 1(99) 
1(97) 1(101) 1(101) 1(82) 
1(100) 1(101) 1(97) 
1(101) 1(94) 
1(101) 

0.26666666666666666
precise=0.21535796766743648
recall=0.4856770833333333
F1score=0.2984

threshold=0.01919999999999994
1(72) 1(86) 1(71) 1(88) 1(99) 
1(97) 1(101) 1(101) 1(82) 
1(100) 1(101) 1(97) 
1(101) 1(94) 
1(101) 

0.26666666666666666
precise=0.21579851173440184
recall=0.4883419689119171
F1score=0.2993251290194522

threshold=0.01929999999999994
1(72) 1(86) 1(71) 1(88) 1(99) 
1(97) 1(101) 1(101) 1(82) 
1(100) 1(101) 1(97) 
1(101) 1(94) 
1(101) 

0.26666666666666666
precise=0.21623155505107833
recall=0.49097938144329895
F1score=0.30023640661938533

threshold=0.019399999999999938
1(73) 1(87) 1(71) 1(88) 1(99) 
1(97) 1(101) 1(101) 1(82) 
1(100) 1(101) 1(97) 
1(101) 1(94) 
1(101) 

0.26666666666666666
precise=0.21665728756330896
recall=0.4935897435897436
F1score=0.30113414157215485

threshold=0.019499999999999938
1(73) 1(87) 1(71) 1(88) 1(99) 
1(97) 1(101) 1(101) 1(82) 
1(100) 1(101) 1(97) 
1(101) 1(94) 
1(101) 

0.26666666666666666
precise=0.21707589285714285
recall=0.4961734693877551
F1score=0.30201863354037267

threshold=0.019599999999999937
1(74) 1(87) 1(71) 1(88) 1(99) 
1(97) 1(101) 1(101) 1(82) 
1(100) 1(101) 1(97) 
1(101) 1(94) 
1(101) 

0.26666666666666666
precise=0.21748754842280021
recall=0.4987309644670051
F1score=0.30289017341040464

threshold=0.019699999999999936
1(74) 1(88) 1(73) 1(88) 1(99) 
1(97) 1(101) 1(101) 1(82) 
1(100) 1(101) 1(98) 
1(101) 1(94) 
1(101) 

0.26666666666666666
precise=0.21789242590559824
recall=0.5012626262626263
F1score=0.30374904361132365

threshold=0.019799999999999936
1(74) 1(88) 1(73) 1(89) 1(99) 
1(97) 1(101) 1(101) 1(82) 
1(100) 1(101) 1(98) 
1(101) 1(94) 
1(101) 

0.26666666666666666
precise=0.21829069134458357
recall=0.5037688442211056
F1score=0.30459551842005317

threshold=0.019899999999999935
1(74) 1(88) 1(73) 1(90) 1(99) 
1(97) 1(101) 1(101) 1(82) 
1(100) 1(101) 1(98) 
1(101) 1(94) 
1(101) 

0.26666666666666666
precise=0.21868250539956804
recall=0.50625
F1score=0.3054298642533937

threshold=0.019999999999999934
1(74) 1(88) 1(73) 1(90) 1(99) 
1(97) 1(101) 1(101) 1(82) 
1(101) 1(101) 1(98) 
1(101) 1(94) 
1(101) 

0.26666666666666666
precise=0.21906802356722013
recall=0.5087064676616916
F1score=0.30625233994758516

Max accuracy is 0.7333333333333333 at threshold 0.0015000000000000005
Max precise is 0.24361858695840904 at threshold 0.0
Max recall is 0.5087064676616916 at threshold 0.019999999999999934
Max F1score is 0.30625233994758516 at threshold 0.019999999999999934
